10.00988
10.00945
10.01554
10.01485
10.02118
10.02023
10.02686
10.02565
10.03257
10.03104
10.03827
10.03646
10.04399
10.04186
10.04971
10.04726
10.05542
10.05265
10.06112
10.05803
10.06689
10.06343
10.07265
10.06882
10.07838
10.07424
10.08417
10.07964
10.08993
10.08506
10.0957
10.09047
10.10157
10.09586
10.10751
10.10128
10.1134
10.10672
10.11928
10.11212
10.12516
10.11756
10.1311
10.12301
10.1382
10.12962
10.14411
10.13507
10.14996
10.14051
10.15584
10.14599
10.16173
10.15142
10.16759
10.1569
10.17343
10.16234
10.17934
10.18424
10.18525
10.18973
10.19124
10.20196
10.19714
10.24727
10.2031
10.28055
10.20902
10.33049
10.21497
10.38075
10.22089
10.42541
10.22681
10.47604
10.23272
10.52795
10.23864
10.58014
10.24455
10.63151
10.25052
10.68316
10.25641
10.72472
10.26232
10.77803
10.26828
10.83062
10.27421
10.87197
10.28012
10.9268
10.28606
10.9448
10.29191
10.95085
10.29785
10.98089
10.30377
10.99301
10.30968
10.99906
10.3156
11.00513
10.32151
11.01123
10.32737
11.01728
10.33329
11.02333
10.33922
11.0294
10.34511
11.03554
10.35107
11.04298
10.35699
11.049
10.36289
11.05511
10.36879
11.06127
10.3747
11.0674
10.38064
11.07355
10.38653
11.07961
10.39251
11.08564
10.39846
11.09183
10.4044
11.09796
10.41038
11.10411
10.41629
11.11024
10.42218
11.11643
10.42806
11.12255
10.43395
11.12876
10.43988
11.1348
10.44586
11.14094
10.45178
11.14728
10.45779
11.15348
10.46375
11.15976
10.46964
11.16611
10.47554
11.17227
10.48147
11.17848
10.48744
11.1848
10.49334
11.19115
10.49925
11.19745
10.50516
11.2039
10.51394
11.21017
10.51987
11.21661
10.52585
11.22299
10.53181
11.22928
10.53771
11.23578
10.54359
11.24213
10.54949
11.24974
10.55547
11.25611
10.5614
11.26253
10.56731
11.26894
10.57323
11.27531
10.57919
11.28178
10.58508
11.28824
10.59103
11.29463
10.59694
11.30105
10.60284
11.30762
10.60883
11.3141
10.61479
11.32073
10.62075
11.32718
10.62666
11.33363
10.63253
11.37234
10.63855
11.42354
10.64444
11.48001
10.65039
11.53166
10.65629
11.53808
10.66221
11.54454
10.66813
11.5511
10.67402
11.55755
10.67992
11.56412
10.68587
11.57069
10.69183
11.57727
10.69778
11.58399
10.70367
11.59072
10.7096
11.60028
10.71555
11.60701
10.72149
11.61373
10.72749
11.62045
10.73712
11.62718
10.74305
11.63391
10.74902
11.64063
10.75495
11.64735
10.76097
11.65408
10.76695
11.66081
10.77294
11.66753
10.77889
11.67426
10.7848
11.68099
10.79076
11.68771
10.79668
11.69443
10.80269
11.70116
10.80865
11.70908
10.8146
11.71581
10.82053
11.72254
10.8265
11.72926
10.83253
11.73599
10.83863
11.74272
10.8446
11.74945
10.85063
11.75618
10.8566
11.76291
10.86255
11.76963
10.86853
11.77636
10.8746
11.78309
10.88055
11.78982
10.88667
11.79655
10.89267
11.80329
10.89875
11.81002
10.90479
11.81674
10.91094
11.82347
10.91696
11.8302
10.92306
11.83693
10.92908
11.84365
10.9351
11.85038
10.94113
11.85711
10.9472
11.86384
10.95329
11.87057
10.95939
11.8773
10.96549
11.88403
10.97152
11.89075
10.97765
11.89748
10.98368
11.90421
10.98977
11.91094
10.99584
11.91767
11.00196
11.9244
11.00803
11.93113
11.01426
11.93782
11.0203
11.9444
11.02644
11.95102
11.03252
11.95767
11.03864
11.96435
11.04479
11.97103
11.05094
11.9777
11.0571
11.98431
11.06325
11.99101
11.06939
11.99769
11.07558
12.00441
11.08185
12.0111
11.0881
12.01778
11.09422
12.02436
11.10042
12.03098
11.10655
12.03753
11.11273
12.04406
11.11893
12.05055
11.12516
12.0571
11.13131
12.0637
11.13757
12.07027
11.1437
12.07676
11.15366
12.08328
11.1598
12.0898
11.166
12.09637
11.17218
12.10292
11.17846
12.10941
11.18466
12.11595
11.19095
12.12241
11.19713
12.1289
11.20339
12.13538
11.20958
12.14186
11.21581
12.14832
11.22206
12.15472
11.22829
12.16105
11.23453
12.16864
11.24085
12.17502
11.24712
12.1814
11.25343
12.18777
11.25975
12.19408
11.26607
12.20049
11.27242
12.20687
11.27877
12.21318
11.28504
12.21953
11.29134
12.22598
11.29763
12.23239
11.30409
12.23879
11.3104
12.2452
11.3168
12.25163
11.32309
12.25799
11.32952
12.26432
11.33589
12.27073
11.34237
12.27827
11.34897
12.28463
11.35529
12.29099
11.36172
12.2974
11.3694
12.30382
11.37585
12.31028
11.38234
12.31671
11.38883
12.32309
11.3953
12.32951
11.40176
12.33582
11.40816
12.34219
11.41459
12.34856
11.42099
12.35489
11.42752
12.36128
11.43397
12.36771
11.44032
12.37403
11.44686
12.38044
11.45322
12.38692
11.45973
12.39339
11.46615
12.39971
11.47262
12.40604
11.47908
12.41253
11.48554
12.41902
11.49219
12.42546
11.49867
12.43187
11.50522
12.43833
11.51188
12.44479
11.51844
12.45129
11.52506
12.45766
11.53173
12.46411
11.53845
12.47058
11.54518
12.47698
11.5519
12.48343
11.55864
12.48984
11.56536
12.4962
11.57209
12.50264
11.57881
12.50911
11.58554
12.5156
11.59227
12.52209
11.59899
12.52858
11.60572
12.53501
11.61245
12.54159
11.61918
12.54821
11.62591
12.55477
11.63263
12.56144
11.63936
12.56817
11.64609
12.57489
11.65281
12.58156
11.65954
12.5882
11.66627
12.59477
11.67299
12.60142
11.67972
12.60796
11.68645
12.61443
11.69318
12.62099
11.6999
12.6275
11.70663
12.634
11.71336
12.64059
11.72009
12.64723
11.72682
12.65385
11.73355
12.66045
11.74028
12.66707
11.74701
12.67354
11.75374
12.67998
11.76047
12.6865
11.7672
12.69304
11.77392
12.6995
11.78064
12.70593
11.78736
12.71247
11.79409
12.71899
11.80082
12.72546
11.80755
12.73194
11.81427
12.73848
11.821
12.74508
11.82773
12.75158
11.83446
12.75813
11.84119
12.7647
11.84792
12.77124
11.85465
12.77789
11.86138
12.78455
11.8681
12.79121
11.87483
12.79784
11.88156
12.80452
11.88828
12.81115
11.89501
12.81786
11.90174
12.82459
11.90965
12.83129
11.91638
12.83797
11.92311
12.84463
11.92983
12.85134
11.93656
12.858
11.94329
12.86465
11.95001
12.87132
11.95673
12.878
11.96346
12.88467
11.97019
12.89131
11.97692
12.89797
11.98365
12.90463
11.99037
12.91133
11.9971
12.91798
12.00383
12.92465
12.01056
12.93129
12.01729
12.93794
12.02402
12.94465
12.03074
12.95128
12.03747
12.95796
12.04419
12.96467
12.05091
12.97127
12.05764
12.97784
12.06437
12.98446
12.07109
12.99102
12.07782
12.9975
12.08455
13.00402
12.09128
13.01054
12.09801
13.01702
12.10474
13.02353
12.11147
13.03007
12.1182
13.03781
12.12492
13.04434
12.13165
13.05093
12.13838
13.05761
12.14511
13.06432
12.15183
13.07099
12.15856
13.07765
12.16529
13.08433
12.17202
13.09096
12.17875
13.09766
12.18548
13.10434
12.19221
13.11104
12.19893
13.11767
12.20566
13.12435
12.21239
13.13096
12.21912
13.13762
12.22584
13.14417
12.23257
13.15067
12.23929
13.15727
12.24603
13.16383
12.25276
13.17038
12.25949
13.17693
12.26622
13.18355
12.27295
13.19007
12.27968
13.19661
12.28641
13.20318
12.29314
13.20974
12.29987
13.2163
12.3066
13.22284
12.31333
13.22945
12.32006
13.236
12.32679
13.24251
12.33352
13.24909
12.34025
13.25561
12.34698
13.26218
12.35371
13.26876
12.36044
13.27532
12.36718
13.28192
12.37391
13.28857
12.38063
13.29523
12.38737
13.30179
12.3941
13.30834
12.40082
13.3149
12.40755
13.32151
12.41428
13.32823
12.421
13.33492
12.42773
13.34279
12.43446
13.34948
12.44118
13.35608
12.44791
13.36268
12.45463
13.36923
12.46136
13.37585
12.46808
13.38247
12.47481
13.38904
12.48154
13.39563
12.48827
13.40213
12.495
13.40866
12.50172
13.41525
12.50845
13.42189
12.51518
13.42843
12.52191
13.43492
12.52864
13.44151
12.53537
13.44802
12.5421
13.45462
12.54882
13.46122
12.55555
13.46778
12.56227
13.47442
12.569
13.48105
12.57573
13.48768
12.58245
13.49438
12.58918
13.50105
12.59591
13.50773
12.60263
13.51429
12.60935
13.52083
12.61608
13.52756
12.6228
13.53424
12.62953
13.54086
12.63625
13.54757
12.64298
13.55426
12.6497
13.56094
12.65643
13.56756
12.66316
13.57426
12.66988
13.58096
12.67661
13.58761
12.68333
13.59434
12.69006
13.60105
12.69679
13.60767
12.70352
13.6143
12.71024
13.62088
12.71697
13.62749
12.72369
13.6341
12.73042
13.64066
12.73714
13.64846
12.74387
13.6551
12.7506
13.66171
12.75732
13.66837
12.76405
13.67501
12.77078
13.6816
12.77751
13.68831
12.78423
13.69496
12.79096
13.70163
12.79769
13.70828
12.80441
13.71494
12.81113
13.72159
12.81786
13.72829
12.82458
13.73502
12.83131
13.74175
12.83804
13.74847
12.84476
13.7552
12.85149
13.76192
12.85822
13.76865
12.86494
13.77537
12.87167
13.78209
12.8784
13.78882
12.88512
13.79555
12.89185
13.80227
12.89858
13.809
12.9053
13.81573
12.91203
13.82245
12.91876
13.82917
12.92548
13.8359
12.93221
13.84263
12.93893
13.84936
12.94566
13.85609
12.95238
13.86282
12.95911
13.86955
12.96584
13.87628
12.97257
13.88301
12.97929
13.89092
12.98602
13.89765
12.99275
13.90437
12.99948
13.9111
13.0062
13.91783
13.01293
13.92455
13.01966
13.93128
13.02638
13.93801
13.03311
13.94593
13.03984
13.95265
13.04656
13.95938
13.05329
13.96611
13.06002
13.97284
13.06674
13.97954
13.07347
13.98627
13.0802
13.99299
13.08693
13.99964
13.09365
14.00637
13.10038
14.0131
13.10711
14.01983
13.11383
14.02656
13.12056
14.03329
13.12728
14.04002
13.13401
14.04675
13.14073
14.05348
13.14745
14.06021
13.15417
14.06694
13.16089
14.07367
13.16762
14.0804
13.17434
14.08712
13.18107
14.09385
13.1878
14.10058
13.19453
14.1073
13.20125
14.11403
13.20798
14.12075
13.21471
14.12748
13.22144
14.13421
13.22817
14.14094
13.23489
14.14767
13.24162
14.15439
13.24834
14.16111
13.25507
14.16784
13.2618
14.17457
13.26853
14.18129
13.27526
14.18801
13.28198
14.19474
13.28871
14.20147
13.29544
14.20819
13.30217
14.21492
13.3089
14.22162
13.31562
14.22834
13.32235
14.23506
13.32908
14.24178
13.3358
14.2485
13.34253
14.25512
13.34926
14.26184
13.35599
14.26857
13.36272
14.27529
13.36945
14.28191
13.37617
14.28855
13.38291
14.2952
13.38963
14.30188
13.39636
14.30859
13.40309
14.31531
13.40981
14.32203
13.41654
14.32875
13.42327
14.33541
13.43
14.34211
13.43673
14.34881
13.44346
14.35554
13.45019
14.36226
13.45692
14.36899
13.46364
14.37571
13.47037
14.38244
13.4771
14.38916
13.48383
14.39589
13.49055
14.40261
13.49728
14.40934
13.50401
14.41606
13.51074
14.42278
13.51747
14.4295
13.5242
14.43622
13.53093
14.44295
13.53765
14.44967
13.54438
14.4564
13.5511
14.46312
13.55782
14.46982
13.56455
14.47655
13.57128
14.48327
13.57801
14.49
13.58473
14.49672
13.59147
14.50345
13.59819
14.51017
13.60492
14.51689
13.61165
14.52361
13.61838
14.53032
13.6251
14.53701
13.63183
14.54369
13.63856
14.55041
13.64529
14.55707
13.65201
14.56371
13.65874
14.57034
13.66669
14.57701
13.67462
14.5837
13.68134
14.59037
13.68807
14.59704
13.6948
14.60368
13.70152
14.61034
13.70825
14.617
13.71498
14.62371
13.7217
14.63043
13.72842
14.63715
13.73515
14.64388
13.74306
14.6506
13.74979
14.65731
13.75652
14.66403
13.76327
14.67076
13.77
14.67749
13.77673
14.68417
13.78346
14.69084
13.79019
14.69741
13.79692
14.70409
13.80365
14.71073
13.81038
14.71742
13.81711
14.7241
13.82384
14.73077
13.83057
14.73745
13.8373
14.74417
13.84403
14.75083
13.85076
14.75755
13.86117
14.7642
13.8679
14.7709
13.87463
14.77757
13.88258
14.78548
13.88931
14.79208
13.89604
14.79868
13.90277
14.80521
13.90951
14.81172
13.91625
14.81829
13.92298
14.82604
13.92971
14.83262
13.93645
14.89174
13.94686
14.94343
13.95359
14.94996
13.96032
14.95652
13.96706
14.96308
13.97502
14.96962
13.98175
14.97621
13.98848
14.98279
14.00143
14.99722
14.00816
15.00377
14.01489
15.01038
14.02162
15.01704
14.02835
15.02373
14.03628
15.03164
14.04301
15.0383
14.04974
15.04503
14.05647
15.05176
14.06321
15.05849
14.07112
15.06522
14.07785
15.07195
14.08458
15.07868
14.0913
15.08541
14.10084
15.09214
14.10757
15.09886
14.1143
15.10558
14.12972
15.11231
14.13645
15.11903
14.14937
15.12944
14.1561
15.13616
14.16283
15.14289
14.16956
15.15616
14.17629
15.16281
14.18582
15.17739
14.19375
15.18412
14.20048
15.19206
14.20721
15.19997
14.21394
15.21325
14.22067
15.21994
14.2274
15.22663
14.23412
15.23326
14.24202
15.23994
14.24874
15.24667
14.2554
15.25339
14.2635
15.26007
14.26999
15.2668
14.27649
15.27351
14.28662
15.28024
14.29305
15.28697
14.29948
15.29366
14.30971
15.30038
14.31624
15.30711
14.32652
15.31384
14.3331
15.32057
14.33971
15.3273
14.34635
15.33403
14.35299
15.34075
14.35966
15.35031
14.36639
15.35703
14.37312
15.36376
14.37985
15.37048
14.38776
15.37713
14.39449
15.38377
14.40122
15.39163
14.40794
15.39835
14.41588
15.40508
14.42261
15.41179
14.42933
15.41852
14.4422
15.42524
14.44893
15.43197
14.45566
15.4387
14.46238
15.44542
14.47031
15.45215
14.47704
15.45887
14.48377
15.46559
14.4942
15.47351
14.50214
15.48143
14.50887
15.48815
14.5156
15.49488
14.52233
15.50161
14.52905
15.50833
14.53579
15.51506
14.54252
15.52179
14.54925
15.52851
14.55598
15.53524
14.56271
15.54197
14.57065
15.54866
14.57738
15.55534
14.58411
15.56326
14.59204
15.56992
14.60159
15.57661
14.61203
15.58455
14.61996
15.59123
14.62669
15.59789
14.63342
15.61069
14.65134
15.62397
14.65806
15.63065
14.66479
15.64386
14.67522
15.66317
14.68195
15.67613
14.68868
15.68252
14.70397
15.6889
14.71056
15.69526
14.71706
15.70277
14.72706
15.70903
14.73339
15.71527
14.73969
15.72149
14.74597
15.72772
14.75219
15.73393
14.75841
15.74012
14.76467
15.7463
14.77451
15.75247
14.78059
15.75856
14.78662
15.76472
14.7939
15.77086
14.79994
15.77702
14.80601
15.7843
14.81828
15.79042
14.82433
15.79653
14.83041
15.80268
14.83655
15.80882
14.84271
15.815
14.84883
15.82117
14.85623
15.82735
14.86243
15.83353
14.86862
15.8397
14.87618
15.84585
14.88255
15.85203
14.88892
15.8582
14.89533
15.87057
14.90295
15.87673
14.90942
15.883
14.91596
15.89043
14.92248
15.89789
14.92898
15.90409
14.93554
15.93034
14.9508
15.94945
14.96103
15.95951
14.97129
15.96596
14.97779
15.97244
14.9844
15.97888
14.99222
15.9853
14.99999
15.99286
15.0103
16.00711
15.01697
16.0137
15.02367
16.02022
15.0303
16.02673
15.04321
16.03329
15.04994
16.03982
15.05667
16.04634
15.06462
16.05291
15.07136
16.05941
15.07809
16.07254
15.08603
16.08565
15.09276
16.09219
15.0995
16.09874
15.10623
16.10523
15.11295
16.11177
15.11968
16.11828
15.12641
16.12481
15.13315
16.13138
15.14357
16.13797
15.1503
16.14447
15.15703
16.15106
15.16496
16.15757
15.17169
16.1641
15.17842
16.17068
15.18633
16.18013
15.19306
16.18676
15.19979
16.19335
15.21023
16.19994
15.21696
16.20654
15.22367
16.21316
15.2304
16.21971
15.23713
16.22625
15.25251
16.23286
15.25924
16.24067
15.26879
16.24723
15.2755
16.25373
15.28222
16.2603
15.29253
16.26807
15.30296
16.30195
15.31067
16.30851
15.31734
16.31505
15.32407
16.32277
15.33068
16.3293
15.3411
16.33578
15.34783
16.34221
15.35456
16.3515
15.36129
16.35909
15.36802
16.36561
15.37843
16.37221
15.38886
16.37877
15.39559
16.38536
15.4023
16.39562
15.41274
16.40219
15.41947
16.40879
15.4262
16.42208
15.43571
16.43153
15.44608
16.44468
15.45402
16.45126
15.46075
16.45785
15.46748
16.46446
15.48544
16.47102
15.49326
16.47755
15.50357
16.48407
15.52043
16.50717
15.52706
16.52015
15.53362
16.52788
15.54889
16.54747
15.55549
16.55403
15.56203
16.56053
15.56857
16.56712
15.58627
16.57484
15.59274
16.58512
15.60044
16.59951
15.60814
16.60729
15.61837
16.61383
15.62499
16.62034
15.63155
16.62684
15.64194
16.63336
15.65239
16.63992
15.65906
16.65004
15.6658
16.65641
15.67253
16.66402
15.68459
16.67177
15.69132
16.681
15.69803
16.68745
15.70599
16.69383
15.71641
16.70153
15.72434
16.70797
15.73478
16.71441
15.74518
16.7209
15.75192
16.72738
15.75865
16.73389
15.76539
16.74409
15.77212
16.75173
15.78005
16.75823
15.798
16.77242
15.80594
16.77886
15.81388
16.78528
15.82181
16.79172
15.82854
16.79934
15.83528
16.80579
15.84202
16.81236
15.84875
16.8201
15.85548
16.82662
15.86222
16.83304
15.87511
16.84963
15.88184
16.85615
15.88857
16.86255
15.8953
16.87274
15.90203
16.87926
15.90877
16.88571
15.9155
16.89213
15.92223
16.90512
15.93931
16.91167
15.94605
16.91813
15.95278
16.93384
15.95951
16.94031
15.96744
16.94678
15.97541
16.95327
15.98214
16.96992
15.98888
16.97644
15.99562
16.98289
16.00356
16.99581
16.0231
17.00234
16.03353
17.01256
16.0515
17.0469
16.05823
17.05349
16.06496
17.06011
16.0804
17.06671
16.08713
17.07332
16.09386
17.09164
16.10919
17.10489
16.11583
17.11519
16.12243
17.1218
16.14012
17.1284
16.14674
17.13508
16.1533
17.14292
16.16354
17.14956
16.16995
17.15624
16.17929
17.17059
16.18946
17.17721
16.19715
17.18503
16.20351
17.20173
16.2099
17.20842
16.21622
17.2151
16.22621
17.22183
16.23371
17.22855
16.24115
17.23514
16.25112
17.24182
16.266
17.25632
16.27217
17.26294
16.27838
17.27736
16.29077
17.28395
16.29691
17.29049
16.3031
17.297
16.31538
17.30361
16.32149
17.31635
16.32763
17.32293
16.34729
17.34205
16.35614
17.34846
16.36587
17.35488
16.3805
17.37226
16.38773
17.37859
16.39736
17.39234
16.407
17.40489
16.41667
17.41119
16.42383
17.41745
16.42978
17.42368
16.43573
17.43431
16.45534
17.44679
16.46491
17.4592
16.47075
17.46537
16.48789
17.48505
16.49379
17.49122
16.4997
17.49735
16.51682
17.51244
16.52275
17.51976
16.52866
17.52704
16.54326
17.53925
16.54925
17.54531
16.5552
17.55137
16.57236
17.56945
16.57957
17.57545
16.60172
17.59122
16.61046
17.59725
16.6177
17.60937
16.62741
17.62157
16.63337
17.62761
16.64307
17.63973
16.66022
17.64578
16.66622
17.65801
16.67225
17.66408
16.68124
17.67021
16.69014
17.68657
16.6975
17.6939
16.70734
17.70124
16.71473
17.71109
16.72459
17.71727
16.73196
17.72336
16.73815
17.73075
16.74435
17.73811
16.7517
17.74812
16.75909
17.75807
16.76817
17.76425
16.77563
17.77047
16.78555
17.78291
16.7955
17.78919
16.80304
17.79549
16.81302
17.80293
16.8231
17.81791
16.8381
17.82421
16.84449
17.83049
16.85458
17.84043
16.8622
17.84662
16.86865
17.85287
16.87507
17.86525
16.89023
17.87271
16.89669
17.88017
16.90318
17.88758
16.91083
17.89509
16.92098
17.91254
16.93025
17.91878
16.94538
17.92507
16.95177
17.93911
16.95816
17.94526
16.97335
17.95148
16.98342
17.95768
16.99848
17.97008
17.00607
17.97629
17.03021
17.98248
17.04887
17.9949
17.05641
18.00106
17.06645
18.0072
17.07386
18.02364
17.08376
18.03104
17.09368
18.04099
17.11257
18.04844
17.12241
18.05596
17.14718
18.06215
17.16683
18.06834
17.17403
18.08088
17.19776
18.08712
17.20372
18.09338
17.20962
18.09966
17.2167
18.10705
17.22262
18.11446
17.22853
18.122
17.24285
18.12826
17.24872
18.13454
17.25457
18.14458
17.27076
18.15208
17.27784
18.16208
17.2874
18.1722
17.29446
18.18389
17.30155
18.19025
17.30857
18.19663
17.31566
18.20669
17.32521
18.21425
17.34476
18.22181
17.35064
18.22811
17.3565
18.23447
17.36857
18.24087
17.37567
18.25588
17.39276
18.26517
17.39992
18.2717
17.40953
18.2781
17.41549
18.28576
17.42142
18.29346
17.42737
18.29993
17.43333
18.30642
17.4455
18.31403
17.45265
18.32172
17.45977
18.32938
17.46688
18.33713
17.47899
18.34649
17.48605
18.35302
17.4931
18.35955
17.50262
18.36728
17.51121
18.37501
17.52063
18.38268
17.54237
18.38917
17.54908
18.39564
17.56574
18.40584
17.57233
18.41357
17.58638
18.42129
17.59173
18.42786
17.59706
18.43432
17.61604
18.44079
17.62252
18.44851
17.64529
18.45616
17.65054
18.46269
17.65577
18.47046
17.68211
18.47829
17.69515
18.48482
17.70035
18.49252
17.71339
18.50024
17.71981
18.50679
17.72623
18.51321
17.74009
18.52836
17.7453
18.53473
17.75051
18.54105
17.76378
18.55366
17.76899
18.56125
17.7742
18.56764
17.79311
18.57398
17.79834
18.58153
17.82228
18.58782
17.82873
18.60439
17.84768
18.61067
17.85525
18.617
17.88599
18.63441
17.90619
18.67889
17.93022
18.75785
17.96542
18.82437
17.99841
18.9045
18.00759
18.9809
18.03561
19.02364
18.04114
19.03355
18.07894
19.07087
18.10541
19.10203
18.12884
19.12823
18.13573
19.13441
18.17217
19.15756
18.20018
19.19488
18.20969
19.20056
18.24781
19.20617
18.25724
19.2179
18.28565
19.2271
18.29263
19.23253
18.30208
19.25123
18.32411
19.26027
18.33111
19.27837
18.3381
19.28484
18.35922
19.32146
18.36865
19.35346
18.39067
19.37254
18.41197
19.40727
18.43161
19.41772
18.43955
19.43469
18.45411
19.44114
18.46122
19.45757
18.48055
19.46808
18.48754
19.47334
18.50411
19.49213
18.50993
19.50028
18.51574
19.50929
18.53525
19.5224
18.55216
19.53145
18.55791
19.55053
18.57728
19.55961
18.6092
19.60376
18.61867
19.61051
18.64307
19.63223
18.65242
19.63905
18.6718
19.65604
18.67746
19.66742
18.69684
19.69027
18.7112
19.69605
18.71809
19.71761
18.74508
19.74033
18.76576
19.75195
18.77394
19.77216
18.79586
19.77792
18.81471
19.81168
18.84112
19.83899
18.8705
19.8592
18.8903
19.86476
18.89738
19.87031
18.91947
19.88859
18.94578
19.92021
18.96802
19.92941
18.97763
19.95606
18.99232
19.96266
18.99955
19.98171
19.01894
20.00857
19.02497
20.01396
19.03098
20.02559
19.05443
20.03102
19.06157
20.05543
19.08643
20.06754
19.10261
20.0897
19.11235
20.09513
19.13463
20.11432
19.16198
20.13168
19.18434
20.16093
19.19172
20.18521
19.22647
20.21348
19.26051
20.23487
19.26785
20.25589
19.29741
20.27214
19.30471
20.29803
19.32691
20.32209
19.33669
20.33165
19.36141
20.33873
19.36742
20.35241
19.37351
20.35829
19.39739
20.3642
19.40936
20.37379
19.44042
20.3903
19.45432
20.39733
19.46391
20.40436
19.49098
20.49032
19.50044
20.49744
19.52994
20.52218
19.53851
20.52935
19.55796
20.55102
19.56483
20.55824
19.59422
20.58055
19.61509
20.58691
19.62198
20.59304
19.64632
20.60284
19.67061
20.61272
19.70725
20.62266
19.73901
20.62893
19.76645
20.63517
19.79161
20.6451
19.81497
20.65251
19.84654
20.66883
19.86823
20.67896
19.87518
20.68892
19.88948
20.69888
19.89519
20.71385
19.90096
20.7213
19.92448
20.81218
19.96055
20.92356
19.99905
20.99446
20.02352
21.00399
20.03332
21.03285
20.05548
21.03978
20.06512
21.0492
20.08976
21.06613
20.09575
21.08056
20.12477
21.11519
20.13376
21.12085
20.15711
21.13764
20.16405
21.14445
20.20341
21.17826
20.24051
21.22
20.2459
21.24382
20.27345
21.25073
20.29487
21.27499
20.30386
21.30331
20.33889
21.33545
20.36582
21.34993
20.39599
21.39034
20.40241
21.39742
20.43928
21.4384
20.46833
21.46454
20.47474
21.47028
20.50904
21.48719
20.52558
21.49404
20.53199
21.52085
20.55834
21.54786
20.58612
21.57153
20.59504
21.5769
20.63409
21.59847
20.663
21.60663
20.67195
21.64447
20.69716
21.68287
20.73483
21.70954
20.77287
21.73551
20.81339
21.78218
20.85124
21.85033
20.88271
21.87587
20.92173
21.8848
20.95566
21.89375
20.99101
21.91917
21.00003
21.9374
21.02639
21.95064
21.03171
21.97364
21.03703
21.98019
21.06364
22.00855
21.07272
22.0276
21.10107
22.05579
21.10772
22.0786
21.14309
22.10278
21.1522
22.10829
21.17073
22.1139
21.17798
22.1517
21.20717
22.18683
21.24354
22.21869
21.28145
22.27846
21.30864
22.29803
21.34447
22.32739
21.36835
22.3343
21.37377
22.35577
21.37921
22.36516
21.40855
22.40349
21.41766
22.41034
21.4444
22.42719
21.47814
22.43411
21.48464
22.45104
21.51221
22.45796
21.54405
22.48114
21.57427
22.49017
21.59763
22.50202
21.61359
22.53086
21.61882
22.55133
21.62403
22.55803
21.65047
22.58394
21.67422
22.59061
21.6814
22.62596
21.71184
22.6326
21.71823
22.66412
21.74095
22.67078
21.7586
22.6983
21.77921
22.705
21.79432
22.73081
21.81769
22.75004
21.82285
22.75555
21.82801
22.78382
21.85491
22.79308
21.88364
22.81376
21.89249
22.843
21.90636
22.84978
21.91522
22.86961
21.93661
22.87652
21.96523
22.89838
21.97411
22.90531
21.99476
22.91969
22.02288
22.92823
22.02938
22.94252
22.05975
22.96678
22.06864
22.97614
22.09171
22.99201
22.10853
22.99878
22.11494
23.01056
22.12886
23.01616
22.13527
23.02173
22.15262
23.03787
22.15783
23.04342
22.16305
23.04897
22.17446
23.06575
22.19235
23.16966
22.19877
23.17797
22.23669
23.23247
22.26307
23.24167
22.28776
23.2722
22.29416
23.27767
22.31587
23.30091
22.32112
23.31004
22.34629
23.32911
22.36904
23.33568
22.37431
23.36719
22.40086
23.37596
22.43859
23.4045
22.47356
23.41348
22.50983
23.44414
22.54415
23.45991
22.57865
23.46633
22.61589
23.48019
22.65428
23.48538
22.69048
23.49796
22.72486
23.50682
22.75894
23.52236
22.7917
23.52874
22.82682
23.54645
22.83336
23.5653
22.86774
23.57311
22.89176
23.59448
22.91956
23.61366
22.92626
23.62004
22.95803
23.63661
22.96721
23.64299
22.99973
23.64939
23.00769
23.6694
23.04262
23.67742
23.05181
23.6888
23.08812
23.69521
23.12149
23.71914
23.14074
23.7275
23.15989
23.7489
23.1666
23.7541
23.19332
23.76623
23.21751
23.78263
23.25023
23.78905
23.2782
23.80049
23.28751
23.80572
23.31426
23.81094
23.33471
23.83487
23.34144
23.85928
23.36422
23.86822
23.39699
23.88721
23.41773
23.89368
23.44952
23.90887
23.47344
23.91534
23.48017
23.93185
23.5029
23.93993
23.52669
23.94643
23.53341
23.97636
23.56933
23.99651
23.60117
24.00179
23.61055
24.00707
23.63391
24.02352
23.67069
24.03
23.69995
24.05838
23.70919
24.06487
23.74255
24.08884
23.77548
24.10617
23.81287
24.11386
23.84096
24.22968
23.84894
24.25874
23.8694
24.27773
23.87489
24.46973
23.88038
24.51643
23.91681
24.55485
23.95139
24.68218
23.98013
24.85302
24.01473
24.85979
24.02382
24.88526
24.05709
24.91085
24.09267
24.91751
24.10167
24.93895
24.13305
24.947
24.15904
24.98067
24.16787
24.98981
24.20315
25.02564
24.22994
25.04842
24.23624
25.07382
24.25381
25.08041
24.2589
25.10568
24.26398
25.13196
24.28542
25.14108
24.29049
25.16772
24.31163
25.18628
24.3204
25.19174
24.33422
25.22122
24.34964
25.22914
24.35472
25.24466
24.36099
25.25144
24.37227
25.27287
24.39194
25.29293
24.39825
25.30212
24.41071
25.31874
24.41702
25.32564
24.44076
25.34649
24.44587
25.36345
24.4647
25.36917
24.47105
25.37485
24.4891
25.40689
24.51056
25.42722
24.51741
25.44331
24.54266
25.45032
24.56523
25.45985
24.58836
25.46934
24.60781
25.47635
24.61426
25.49721
24.64926
25.50307
24.65774
25.5089
24.68217
25.51809
24.71412
25.52513
24.74163
25.53463
24.7651
25.55161
24.78546
25.55743
24.79077
25.56321
24.7961
25.57698
24.8118
25.58402
24.81835
25.60354
24.845
25.61138
24.86475
25.63479
24.8701
25.64179
24.89595
25.66559
24.90505
25.67265
24.92942
25.70524
24.95817
25.71416
24.97751
25.74654
24.98414
25.78066
25.00597
25.81305
25.03209
25.82234
25.04117
25.84889
25.07473
25.8743
25.10513
25.88243
25.13681
25.90088
25.1459
25.90772
25.16494
25.92764
25.17294
25.94845
25.19703
25.95519
25.20359
25.99133
25.23571
26.00045
25.24229
26.03457
25.26272
26.03999
25.2707
26.0454
25.29687
26.06178
25.3035
26.08194
25.32356
26.16737
25.33014
26.30476
25.35925
26.33896
25.38693
26.36658
25.40853
26.37547
25.44349
26.40847
25.4705
26.4148
25.48712
26.44728
25.49373
26.45522
25.51386
26.4765
25.52053
26.48279
25.54784
26.50701
25.557
26.51211
25.58248
26.51721
25.59083
26.53602
25.61376
26.54399
25.62043
26.56027
25.64497
26.5691
25.68024
26.57789
25.70957
26.59171
25.73629
26.60424
25.7596
26.60935
25.78724
26.61446
25.81732
26.62574
25.84334
26.6346
25.86973
26.63971
25.88922
26.64484
25.89452
26.65614
25.89978
26.66246
25.92337
26.68125
25.93236
26.68921
25.9663
26.71055
25.99511
26.7169
26.01847
26.73738
26.05414
26.74626
26.07932
26.76259
26.11734
26.7816
26.17904
26.79049
26.21457
26.8094
26.24243
26.82328
26.24874
26.82849
26.27266
26.84619
26.27776
26.85424
26.28287
26.87826
26.30169
26.90277
26.33588
26.91991
26.34466
26.9267
26.36592
26.93572
26.37475
26.94478
26.39353
26.95136
26.40237
26.96798
26.41012
26.97458
26.41896
27.00089
26.43807
27.03396
26.47055
27.05567
26.47822
27.07738
26.51314
27.09985
26.54338
27.13172
26.55124
27.16394
26.57774
27.29595
26.58658
27.30283
26.60986
27.32613
26.64493
27.33297
26.65006
27.35632
26.65518
27.37565
26.68023
27.404
26.68785
27.41092
26.71878
27.43658
26.73879
27.44382
26.76008
27.45191
26.76904
27.4686
26.78663
27.47547
26.8017
27.50988
26.80687
27.51702
26.83076
27.55151
26.85832
27.56087
26.87983
27.5891
26.88869
27.59593
26.9065
27.62218
26.91165
27.63983
26.9168
27.6454
26.9444
27.67118
26.96895
27.73304
27.00593
27.76138
27.03492
27.76796
27.05522
27.7996
27.08038
27.82735
27.11183
27.83391
27.12078
27.85544
27.15606
27.86449
27.18446
27.89587
27.21894
27.90495
27.25058
27.93259
27.25856
27.95984
27.28944
27.96652
27.32246
28.00517
27.35031
28.03577
27.38823
28.06195
27.42373
28.0918
27.4552
28.10011
27.48435
28.11939
27.51779
28.14323
27.53247
28.168
27.54072
28.34756
27.57628
28.56301
27.60441
28.58586
27.63684
28.62082
27.67413
28.64859
27.70692
28.68372
27.73925
28.72008
27.77167
28.72639
27.80552
28.75038
27.83058
28.75921
27.86786
28.78307
27.89883
28.78939
27.97296
28.8132
28.16472
28.81949
28.18473
28.8258
28.21305
28.84208
28.21817
28.85961
28.26496
28.86592
28.42895
28.87472
28.66495
28.88352
28.67122
28.90232
28.70588
28.90867
28.71213
28.92501
28.73421
28.94128
28.73927
28.94642
28.74434
28.95156
28.7754
28.97041
28.79003
28.97928
28.79633
28.99818
28.80959
29.00706
28.81586
29.03259
28.82455
29.05295
28.84144
29.06185
28.84952
29.08834
28.8812
29.25953
28.90063
29.47644
28.90688
29.6265
28.92581
29.72404
28.93211
29.85823
28.95255
29.88622
28.97465
29.89152
28.98094
29.89681
28.99911
29.92983
29.00538
29.95991
29.02611
29.98326
29.04544
30.00842
29.05051
30.03357
29.05559
30.04265
29.08249
30.06611
29.10827
30.09616
29.12576
30.10267
29.14888
30.13665
29.17293
30.1456
29.18173
30.16887
29.21564
30.17649
29.23389
30.20206
29.2414
30.21055
29.26267
30.24228
29.2901
30.25111
29.3102
30.28001
29.31768
30.29261
29.35232
30.29773
29.37061
30.32301
29.37811
30.32931
29.38693
30.37169
29.39205
30.37679
29.39716
30.38189
29.42221
30.40131
29.42978
30.42309
29.45366
30.45093
29.47458
30.46723
29.48092
30.47867
29.48977
30.48498
29.51479
30.50759
29.52113
30.5139
29.54002
30.53148
29.55804
30.5452
29.56686
30.5503
29.59322
30.58292
29.61594
30.59175
29.63222
30.60924
29.63731
30.62799
29.65114
30.6343
29.6587
30.64679
29.67874
30.6556
29.68753
30.67876
29.71344
30.70342
29.71971
30.71102
29.73607
30.71732
29.74237
30.73666
29.75766
30.7526
29.76784
30.76006
29.78375
30.78326
29.79005
30.78836
29.80873
30.80279
29.81383
30.80789
29.83157
30.81298
29.83786
30.82426
29.85384
30.82934
29.85895
30.84068
29.86406
30.85415
29.87661
30.86047
29.89745
30.86675
29.90626
30.87185
29.92623
30.87693
29.94394
30.89576
29.96626
30.90085
29.99147
30.91967
30.02003
30.92476
30.04967
30.92986
30.05845
30.94111
30.08528
30.9474
30.09188
30.96621
30.11738
30.975
30.12366
30.9813
30.14724
30.99259
30.15352
30.9989
30.17505
31.0214
30.1862
31.03766
30.19497
31.04778
30.2036
31.05657
30.22411
31.07918
30.2478
31.10533
30.25289
31.13897
30.25798
31.14776
30.28535
31.16275
30.30995
31.17159
30.33432
31.18451
30.34314
31.18964
30.37977
31.19477
30.406
31.20861
30.43222
31.21495
30.4401
31.22378
30.464
31.24257
30.47035
31.2477
30.50295
31.25283
30.52657
31.26586
30.55321
31.27099
30.58333
31.2993
30.60263
31.30797
30.60892
31.32682
30.6287
31.33565
30.64985
31.35046
30.68602
31.3556
30.71028
31.36073
30.71658
31.37707
30.73799
31.44905
30.74679
31.55723
30.77596
31.68823
30.78729
31.71342
30.79612
31.73047
30.826
31.73941
30.83861
31.75824
30.84504
31.76348
30.86641
31.76872
30.88775
31.7966
30.90743
31.82473
30.91632
31.83372
30.94237
31.86152
30.96742
31.86954
30.99094
31.90237
31.02238
31.90891
31.04122
31.94494
31.05008
31.97609
31.07487
32.00166
31.08382
32.04079
31.11772
32.0697
31.14149
32.09337
31.15045
32.1153
31.17959
32.14924
31.18805
32.17797
31.22584
32.20026
31.2562
32.22264
31.29344
32.24664
31.32636
32.25344
31.36149
32.33904
31.39358
32.36111
31.42917
32.36774
31.46501
32.39931
31.49746
32.479
31.53613
32.53423
31.56812
32.56343
31.60009
32.5961
31.63286
32.61835
31.63816
32.62466
31.67033
32.66864
31.70131
32.6978
31.73575
32.71828
31.76416
32.72659
31.79912
32.73166
31.82617
32.74236
31.86094
32.75595
31.89528
32.7725
31.93112
32.78125
31.94
32.78632
31.96403
32.7914
31.97042
32.80369
32.00417
32.80876
32.0342
32.81383
32.04317
32.83756
32.06281
32.84634
32.07042
32.86495
32.08939
32.87003
32.12614
32.8751
32.14857
32.88136
32.18073
32.89655
32.20602
32.90163
32.23234
32.90672
32.23867
32.91921
32.26488
32.94797
32.29677
32.95426
32.32806
32.97442
32.35204
32.99934
32.36015
33.12118
32.3816
33.30684
32.39062
33.31335
32.41103
33.32236
32.42003
33.34618
32.44054
33.36428
32.45921
33.38389
32.46428
33.39045
32.4696
33.41075
32.49299
33.41978
32.50051
33.44476
32.51426
33.46788
32.5197
33.49956
32.54749
33.50868
32.57303
33.53812
32.5817
33.54613
32.60905
33.5816
32.64515
33.61333
32.67683
33.62265
32.70881
33.66003
32.71767
33.66682
32.74872
33.70313
32.75415
33.73962
32.79078
33.7738
32.81995
33.80618
32.85598
33.84129
32.99179
33.87483
33.0215
33.90821
33.02777
33.94645
33.04708
33.954
33.05215
33.99035
33.05722
34.02464
33.07702
34.06004
33.09723
34.09245
33.15199
34.12514
33.18127
34.13046
33.30802
34.13578
33.34172
34.17264
33.36438
34.20947
33.36946
34.24048
33.37456
34.26627
33.39898
34.27522
33.40528
34.30652
33.43034
34.34447
33.43913
34.38081
33.46076
34.41981
33.47912
34.45149
33.5127
34.48622
33.54699
34.5207
33.58088
34.55636
33.61391
34.59447
33.64837
34.61665
33.6851
34.65028
33.69363
34.6579
33.7294
34.72938
33.76466
34.76244
33.79726
34.77126
33.82813
34.80141
33.84948
34.82122
33.87481
34.82632
33.89553
34.83143
33.93016
34.84639
33.94883
34.8647
33.95761
34.87349
33.99487
34.88608
34.00119
34.89239
34.03583
34.91248
34.05574
34.91764
34.06419
34.92273
34.08785
34.93518
34.1096
34.94147
34.11728
34.96777
34.14112
34.97289
34.16245
35.00043
34.19755
35.01899
34.22949
35.02693
34.26039
35.04731
34.2947
35.07356
34.33003
35.10236
34.36308
35.17664
34.385
35.36233
34.42134
35.39579
34.44729
35.42757
34.48264
35.45508
34.5149
35.4614
34.55011
35.49198
34.58122
35.49706
34.61771
35.50214
34.65245
35.52465
34.6844
35.53096
34.86003
35.5393
35.05684
35.55767
35.20541
35.56396
35.23107
35.58331
35.25888
35.58959
35.26648
35.6171
35.30524
35.63597
35.33229
35.64223
35.33873
35.65905
35.36906
35.66532
35.40429
35.67161
35.41328
35.68622
35.44845
35.6925
35.4837
35.71754
35.52091
35.73648
35.55685
35.74157
35.59051
35.75934
35.62437
35.77863
35.65982
35.79815
35.69353
35.80441
35.72951
35.82841
35.76587
35.83712
35.79693
35.8563
35.83213
35.88705
35.86425
35.89588
35.90182
35.91198
35.93697
35.93775
35.97322
35.95152
36.00332
35.95663
36.0368
35.96173
36.06897
35.97564
36.10464
35.98445
36.13929
36.0183
36.17265
36.05049
36.20674
36.08298
36.24414
36.08812
36.27965
36.09324
36.31663
36.11451
36.35045
36.12084
36.3853
36.1538
36.41776
36.16013
36.45314
36.193
36.49
36.20184
36.51913
36.23568
36.54991
36.24451
36.58218
36.2814
36.59107
36.30953
36.62105
36.31841
36.62741
36.3435
36.65929
36.34866
36.68901
36.35381
36.71967
36.3723
36.72854
36.40028
36.76372
36.42966
36.78711
36.43797
36.79596
36.46026
37.10362
36.46663
37.38641
36.49251
37.42323
36.50138
37.45671
36.52172
37.49021
36.54248
37.52197
36.54889
37.55722
36.57617
37.5898
36.61235
37.62812
36.65006
37.6659
36.6773
37.67479
36.68376
37.71059
36.73177
37.74519
36.76723
37.78016
36.79538
37.81354
36.82822
37.84687
36.84853
37.87995
36.98275
37.91887
37.25408
37.95684
37.54766
37.99208
37.73069
38.0264
37.85337
38.05999
38.07832
38.09349
38.34164
38.12933
38.37886
38.16079
38.41663
38.19072
38.42567
38.22323
38.44765
38.25845
38.45665
38.29287
38.49253
38.32568
38.51872
38.35883
38.55107
38.39449
38.56019
38.42686
38.59856
38.45917
38.63411
38.49413
38.66616
38.52645
38.69054
38.5579
38.72574
38.59007
38.73489
38.62665
38.77046
38.66158
38.80339
38.70039
38.8387
38.7295
38.87472
38.76802
38.91128
38.79589
38.92041
38.82338
38.95009
38.85713
38.98808
38.89105
39.02356
38.92347
39.06047
38.95718
39.09258
38.99482
39.11683
39.02548
39.12605
39.05493
39.15541
39.0638
39.18691
39.10079
39.22178
39.13122
39.25706
39.43187
39.29342
39.57488
39.32527
39.60712
39.35886
39.64238
39.39374
39.67892
39.4285
39.70959
39.46078
39.74809
39.49615
39.78447
39.53104
39.81934
39.71362
39.85216
39.92262
39.88663
40.19277
39.92171
40.51022
39.95818
40.78413
39.96592
40.95499
40.00351
40.9921
40.03883
41.02714
40.06912
41.05933
40.1036
41.0929
40.13939
41.13091
40.17739
41.17159
40.20822
41.20625
40.23904
41.22724
40.27078
41.23522
40.30906
41.3032
40.34344
41.33453
40.37336
41.34079
40.40107
41.3683
40.43145
41.37339
40.46584
41.39333
40.50193
41.41854
40.53953
41.45216
40.56843
41.49115
40.59984
41.51485
40.63427
41.54266
40.6608
41.55151
40.69385
41.57783
40.73206
41.59783
40.76657
41.60416
40.79802
41.63053
40.8345
41.63934
40.87082
41.66069
40.90269
41.68702
40.93904
41.71439
40.97584
41.75281
41.00493
41.76165
41.04325
41.80022
41.07187
41.83543
41.10571
41.87321
41.20987
41.91092
41.44732
41.94716
41.48238
41.98579
41.51651
42.0182
41.55272
42.05117
41.5915
42.08755
41.62582
42.12342
41.66202
42.15986
41.69637
42.18728
41.73256
42.41246
41.76759
42.44619
41.80234
42.48249
41.8281
42.51579
41.83565
42.55265
41.8684
42.58878
41.8998
42.62962
41.90492
42.66441
41.91006
42.69768
41.94436
42.73462
41.98011
42.77023
42.01515
42.94766
42.04915
42.98762
42.08617
43.02598
42.11848
43.06079
42.13889
43.09586
42.1453
43.13224
42.18342
43.16374
42.22033
43.19852
42.25557
43.23507
42.29115
43.27246
42.31699
43.31126
42.35102
43.34864
42.3832
43.3828
42.4181
43.41182
42.45499
43.42775
42.48788
43.44158
42.52634
43.46655
42.56079
43.47284
42.5964
43.48164
42.63428
43.50163
42.6698
43.51043
42.70246
43.51758
42.74002
43.52774
42.77616
43.53284
42.81036
43.53793
42.84472
43.56668
42.88254
43.57297
42.91573
43.60053
42.95383
43.60931
42.98956
43.62479
43.0271
43.63108
43.06359
43.66541
43.10048
43.69455
43.13267
43.72795
43.16887
43.76681
43.20541
43.80335
43.24183
43.81224
43.2802
43.8413
43.31728
43.87975
43.3539
43.91604
43.38924
43.95153
43.60863
43.98509
43.73274
44.02323
44.00746
44.05922
44.2597
44.09697
44.29337
44.1328
44.32713
44.16926
44.36446
44.20045
44.40123
44.20945
44.43694
44.24352
44.47034
44.26916
44.50504
44.29436
44.54311
44.32351
44.57718
44.35913
44.61304
44.36548
44.64559
44.39233
44.67915
44.39868
44.71649
44.42506
44.75353
44.44305
44.78872
44.44943
44.82583
44.47332
44.8636
44.48218
44.90042
44.52106
44.93035
44.55429
44.95973
44.57662
44.9965
44.5842
45.03227
44.61131
45.06617
44.61958
45.10215
44.65144
45.13087
44.65905
45.13977
44.67978
45.16563
44.93195
45.20453
45.24339
45.24136
45.52772
45.27722
45.80259
45.31411
45.8904
45.34998
45.91049
45.38259
45.92435
45.41868
45.93455
45.45629
45.95341
45.49255
45.97112
45.52503
45.97622
45.56377
45.99004
45.59977
46.0067
45.63531
46.03661
45.67182
46.06034
45.70663
46.06895
45.73992
46.10773
45.77623
46.13965
45.80597
46.17714
45.84092
46.21074
45.87124
46.24929
45.90806
46.28551
45.94093
46.32323
45.97645
46.35974
46.01363
46.39663
46.05016
46.43446
46.0888
46.47058
46.1237
46.50832
46.16132
46.54283
46.19664
46.58007
46.23274
46.61737
46.26781
46.65292
46.3023
46.69113
46.33592
46.72818
46.37286
46.76635
46.40917
46.79718
46.44383
46.80394
46.48066
46.84244
46.51842
46.87103
46.55541
47.0573
46.5874
47.09425
46.62125
47.1234
46.65586
47.12892
46.69278
47.13439
46.7249
47.1714
46.75867
47.20756
46.79797
47.24555
46.83319
47.2813
46.86025
47.31225
46.86539
47.35061
46.87049
47.38746
46.90613
47.42458
46.93801
47.46098
46.97362
47.49888
47.22572
47.53474
47.54292
47.56981
47.82384
47.60867
48.09808
47.64378
48.2015
47.68101
48.23141
47.71567
48.23785
47.75322
48.27441
47.78931
48.30789
47.82244
48.34317
47.8606
48.37416
48.13832
48.40988
48.17254
48.44545
48.20907
48.48086
48.24674
48.5025
48.28217
48.51129
48.31789
48.54268
48.35448
48.58164
48.3921
48.61973
48.42984
48.63882
48.46773
48.66517
48.50549
48.69717
48.54227
48.7272
48.57865
48.76343
48.61419
48.8
48.65187
48.83816
48.68695
48.87495
48.90099
48.91196
48.93597
48.94678
48.97513
48.98186
49.04669
49.01889
49.2461
49.05832
49.2761
49.09361
49.31514
49.13063
49.35189
49.16846
49.38594
49.20905
49.423
49.24126
49.45591
49.27925
49.49291
49.31614
49.52597
49.3517
49.56017
49.38826
49.59674
49.4274
49.63413
49.46152
49.67312
49.49815
49.70809
49.53268
49.74587
49.57191
49.78024
49.60828
49.81396
49.64763
49.86539
49.68489
50.11521
49.72147
50.22568
49.76015
50.24937
49.80096
50.25448
49.83452
50.25959
49.87153
50.27871
49.90858
50.31052
49.94521
50.33186
49.98199
50.33697
50.01907
50.46192
50.05884
50.5265
50.09671
50.55965
50.13409
50.56852
50.17331
50.60249
50.20493
50.63612
50.24236
50.66706
50.27995
50.69851
50.31472
50.70622
50.3516
50.74287
50.38641
50.77672
50.42553
50.80993
50.46302
50.84822
50.50024
50.88444
50.53764
50.91787
50.57319
50.95407
50.6102
50.99268
50.64378
51.02399
50.67971
51.04737
50.71772
51.05623
50.75401
51.08186
50.79081
51.08821
50.82903
51.11549
50.8549
51.12187
50.88361
51.15945
50.9144
51.18948
50.94058
51.19463
50.97476
51.19979
50.99967
51.23713
51.0353
51.27119
51.07341
51.30845
51.11014
51.34265
51.14651
51.37973
51.17786
51.41292
51.19001
51.44853
51.19516
51.48613
51.20658
51.51979
51.22717
51.55807
51.25625
51.59492
51.2891
51.62242
51.32341
51.6585
51.35638
51.69645
51.42333
51.73396
51.46295
51.77013
51.48752
51.80724
51.5151
51.84417
51.53667
51.88157
51.54423
51.92065
51.56055
51.95898
51.56691
52.10745
51.5983
52.44861
51.62783
52.48575
51.66432
52.52504
51.70108
52.56308
51.7371
52.60111
51.74598
52.64114
51.78251
52.67583
51.82152
52.71226
51.85576
52.74775
51.89046
52.78197
51.92496
52.89522
51.9641
52.93185
51.99849
52.968
52.03645
53.00544
52.0755
53.03862
52.11055
53.07352
52.15059
53.14832
52.18964
53.17981
52.22935
53.21641
52.2651
53.25497
52.29997
53.29111
52.33915
53.32516
52.37209
53.3623
52.40981
53.3962
52.44689
53.43118
52.48656
53.46751
52.52585
53.5045
52.56326
53.54412
52.60055
53.57365
52.63698
53.60423
52.67531
53.61218
52.71529
53.63847
52.75043
53.6511
52.78848
53.68252
52.82554
53.70886
52.86409
53.73752
52.90136
53.74387
52.94002
53.76476
52.98002
53.7727
53.01669
53.79374
53.05747
53.80011
53.09674
53.82789
53.13353
53.85141
53.17234
53.87287
53.21008
53.90276
53.24753
53.93207
53.28673
53.96877
53.3237
53.9777
53.36238
54.00589
53.39584
54.03869
53.434
54.0476
53.47213
54.08592
53.5092
54.12345
53.54572
54.15985
53.58305
54.19577
53.62032
54.23363
53.65705
54.27118
53.69575
54.30794
53.73186
54.34617
53.76376
54.38268
53.79918
54.42119
53.83395
54.45872
53.87307
54.49773
53.90943
54.53602
54.19309
54.57236
54.26954
54.61049
54.51075
54.64951
54.6101
54.68707
54.63426
54.72194
54.66444
54.75967
54.70282
54.79847
54.73927
54.83458
54.7678
54.87016
54.80471
54.94463
54.84372
55.13075
54.88165
55.43109
54.91825
55.65749
54.95623
55.92929
54.99382
55.96913
55.02705
56.00846
55.06359
56.04507
55.10246
56.08201
55.13856
56.11999
55.17556
56.15681
55.24472
56.19414
55.28184
56.23285
55.32005
56.26968
55.35684
56.30813
55.39209
56.34576
55.46265
56.38679
55.49855
56.42516
55.53633
56.46375
55.57377
56.49875
55.61165
56.53595
55.64884
56.57171
55.68468
56.61025
55.72027
56.64785
55.75866
56.68414
55.79488
56.72493
55.83197
56.763
55.86552
56.80133
55.90289
56.83841
55.94112
56.87361
55.97905
56.90644
56.01574
57.00909
56.05291
57.04488
56.09117
57.07797
56.12915
57.11318
56.16557
57.15004
56.19893
57.15637
56.52041
57.19384
56.77171
57.22269
56.80775
57.23157
56.8416
57.26139
56.87908
57.28822
56.91737
57.31695
56.95346
57.3382
56.98833
57.34474
57.02505
57.38174
57.0619
57.41599
57.1
57.44954
57.13792
57.48534
57.17406
57.5223
57.2038
57.55758
57.24102
57.5888
57.28011
57.62041
57.60458
57.65948
57.64228
57.69704
57.67606
57.73528
57.71209
57.76889
57.74682
57.80592
57.78266
57.84501
57.82044
57.88332
57.85826
57.91843
57.89236
57.95411
57.92768
57.99178
57.9614
58.03025
57.99978
58.06513
58.0365
58.1041
58.07161
58.14116
58.11085
58.17788
58.14808
58.21614
58.18478
58.24459
58.22314
58.27865
58.25755
58.31465
58.29222
58.35016
58.32863
58.3856
58.39997
58.42461
58.43436
58.46373
58.47253
58.49825
58.50824
58.53532
58.54296
58.57605
58.58158
58.58243
58.6172
58.62157
58.65421
58.65836
58.69014
58.68558
58.72542
58.71835
58.76189
58.75203
58.79459
58.79181
58.83255
58.83044
58.86688
58.86578
58.90105
58.90409
58.93896
58.94213
58.97643
58.98262
59.01479
59.02037
59.05466
59.06024
59.09136
59.39835
59.12905
59.73244
59.16386
59.82883
59.20074
59.86136
59.23517
59.89146
59.27004
59.90031
59.30917
59.93782
59.34721
59.96621
59.38326
60.00316
59.42202
60.04194
59.45998
60.07836
59.49671
60.11704
59.53188
60.15549
59.5727
60.19201
59.60913
60.22521
59.6465
60.24527
59.68566
60.27182
59.72585
60.30617
59.76005
60.33964
59.79884
60.38005
59.83338
60.41769
59.87259
60.45433
59.90772
60.49136
59.94673
60.52623
59.98468
60.56207
60.02224
60.59853
60.06176
60.63302
60.10092
60.66892
60.13894
60.70477
60.17382
60.74132
60.21198
60.75024
60.25119
60.78941
60.28731
60.82847
60.32788
60.86279
60.36708
60.89914
60.40766
60.93701
60.44674
60.96313
60.48576
61.00068
60.52377
61.03601
60.56036
61.0739
60.59851
61.10987
60.78638
61.14693
61.10863
61.18599
61.18292
61.22233
61.48277
61.25541
61.52014
61.29161
61.55668
61.33081
61.59544
61.367
61.63089
61.40552
61.668
61.4427
61.70524
61.47792
61.74237
61.51481
61.77844
61.5531
61.81625
61.58888
61.85448
61.66138
61.89357
61.69275
61.92839
61.80886
61.96851
61.84577
62.00309
61.88097
62.04127
61.91803
62.07548
61.95485
62.11078
61.99414
62.37022
62.03172
62.409
62.06986
62.44482
62.10685
62.48142
62.14362
62.51937
62.17833
62.55779
62.21716
62.597
62.24879
62.63672
62.28344
62.67243
62.32067
62.71041
62.39573
62.74839
62.47211
62.78724
62.51048
62.82504
62.54588
62.86294
62.58503
62.90307
62.61802
62.9415
62.65752
62.98023
62.69525
63.01929
62.73437
63.05702
62.77093
63.09636
62.8121
63.13749
62.85048
63.17447
62.88889
63.21553
62.92867
63.25499
62.96992
63.29512
63.00964
63.33471
63.05096
63.37352
63.09054
63.41249
63.13132
63.45207
63.17034
63.49269
63.20987
63.53214
63.54875
63.57334
63.88462
63.61297
64.07796
63.65398
64.11736
63.6937
64.15745
63.73494
64.19606
63.77454
64.23484
63.81581
64.27263
63.85539
64.31081
63.89335
64.3492
63.9328
64.38674
63.97308
64.42384
64.01244
64.46202
64.05183
64.50066
64.09096
64.53971
64.12958
64.57877
64.16802
64.61781
64.20527
64.65425
64.53152
64.69106
64.63798
64.73027
64.96783
64.76882
65.00069
64.808
65.03983
64.8472
65.078
64.88565
65.11605
64.92242
65.15379
64.96105
65.19288
64.99906
65.23164
65.03788
65.27088
65.07363
65.3101
65.1125
65.34844
65.15228
65.38741
65.18753
65.42668
65.26388
65.46388
65.30149
65.50087
65.33941
65.54015
65.3781
65.57893
65.41734
65.61761
65.45486
65.65562
65.49425
65.69508
65.53078
65.73434
65.56936
65.77369
65.6087
65.8139
65.6498
65.85213
65.68923
65.89027
65.73042
65.92859
65.76989
65.96746
65.81105
66.00701
65.85049
66.04824
65.89165
66.08799
65.93012
66.12909
65.97121
66.16885
66.32874
66.20895
66.56299
66.24834
66.60064
66.28703
66.63804
66.32491
66.67646
66.36334
66.7153
66.4015
66.7529
66.66503
66.79185
66.70085
66.82989
66.7417
66.86844
66.77817
66.90763
66.81694
66.9441
66.85612
67.1752
66.89713
67.21123
66.93515
67.25048
66.97048
67.28809
67.00973
67.32784
67.0491
67.3667
67.08842
67.40588
67.12686
67.44347
67.16534
67.48309
67.20333
67.79247
67.24268
68.0412
67.28093
68.07742
67.31822
68.11268
67.35689
68.1488
67.39494
68.18284
67.43423
68.22075
67.47518
68.25827
67.51411
68.29762
67.55331
68.37582
67.59225
68.4148
67.63058
68.45429
67.66588
68.49302
67.70458
68.65274
67.74195
68.69178
67.7808
68.73284
67.8195
68.77234
67.85776
68.81179
67.89685
68.85118
67.93616
68.89204
67.9754
68.93141
68.01461
68.9714
68.05148
69.00996
68.08953
69.05001
68.12625
69.08941
68.16383
69.12877
68.20266
69.16824
68.24135
69.20698
68.28048
69.24598
68.31874
69.28491
68.35636
69.32608
68.39555
69.36299
68.43332
69.40109
68.47214
69.44017
68.50896
69.47753
68.54769
69.5165
68.58624
69.55529
68.62568
69.57756
68.66391
69.61655
68.70285
69.65607
68.74197
69.69427
68.78027
69.73325
68.81901
69.77008
68.85766
69.80925
68.897
69.84737
69.16779
69.88644
69.20603
69.92439
69.2454
69.96456
69.28478
70.00376
69.32417
70.04107
69.36324
70.07978
69.40109
70.11881
69.43959
70.15701
69.51727
70.19661
69.55331
70.23669
69.58807
70.27633
69.62758
70.31756
69.63641
70.62792
69.67547
70.66494
69.71481
70.70395
69.77734
70.74105
69.81644
70.77789
69.85551
70.81866
69.89449
70.85738
69.9297
70.89654
69.96463
70.93444
70.00376
70.97295
70.04322
71.011
70.08103
71.04979
70.11916
71.08888
70.14466
71.12531
70.18993
71.16486
70.23632
71.20448
70.26278
71.24456
70.29754
71.28326
70.3347
71.32447
70.36635
71.36073
70.40496
71.40157
70.44254
71.44022
70.48206
71.47952
70.52053
71.51897
70.56113
71.55833
70.6002
71.5974
70.6394
71.63549
70.71369
71.67487
70.74914
71.71378
70.78812
71.7514
70.82907
71.78631
70.86629
71.81969
70.90546
71.82475
70.94407
71.8298
70.98215
71.86384
71.02063
71.8726
71.0594
71.90051
71.09826
71.90929
71.13762
71.93563
71.17561
71.94199
71.2905
71.97794
71.32899
72.01695
71.36803
72.04719
71.40743
72.08353
71.44672
72.12035
71.48576
72.15247
71.52298
72.19024
71.56002
72.23006
71.59792
72.2672
71.63825
72.30439
71.67754
72.34225
71.71702
72.38151
71.7544
72.41765
71.79503
72.45607
71.83432
72.4953
71.87231
72.53444
71.91148
72.57428
71.95029
72.61349
72.30478
72.64861
72.34216
72.68644
72.38297
72.72549
72.42227
72.76263
72.46133
72.79919
72.50032
72.83315
72.53812
72.86464
72.57816
72.87353
72.61688
72.9116
72.65644
72.94897
72.85516
72.96827
72.89473
72.9971
72.93384
73.02283
72.97475
73.06139
73.01411
73.09787
73.05455
73.13699
73.0939
73.17479
73.13501
73.21236
73.17479
73.25165
73.21604
73.2889
73.25498
73.32803
73.61218
73.36473
73.65185
73.40532
73.6889
73.44453
73.72746
73.48382
73.76665
73.52136
73.80715
73.55867
73.84554
73.59806
73.88564
73.63495
73.96285
73.67358
74.00186
73.71219
74.04002
73.75175
74.0788
73.91212
74.11794
73.95178
74.15904
73.99146
74.19843
74.03025
74.23833
74.07016
74.27757
74.10946
74.31699
74.15015
74.47182
74.18905
74.55067
74.22791
74.58801
74.26611
74.62508
74.30714
74.66435
74.34437
74.70356
74.69952
74.74249
74.73685
74.78128
74.77213
74.82072
74.81241
74.86018
74.85155
74.90098
74.8905
74.94037
74.92974
74.97793
74.96905
75.01669
75.00848
75.05623
75.04694
75.09433
75.08429
75.13377
75.12263
75.17294
75.16125
75.21136
75.20082
75.2506
75.2397
75.28687
75.2793
75.32487
75.64188
75.36072
75.68153
75.39284
75.72227
75.43111
75.76177
75.46919
75.80181
75.50647
75.84051
75.54488
75.88082
75.62216
75.91943
75.77415
75.95678
75.96742
75.99482
76.21822
76.03408
76.25568
76.07021
76.28819
76.10965
76.35401
76.14829
76.39139
76.18777
76.42858
76.22882
76.46554
76.26835
76.50056
76.30798
76.535
76.34695
76.57401
76.69945
76.61046
76.73725
76.64716
76.77639
76.68568
76.81729
76.72391
76.85713
76.75977
76.89517
76.79836
76.93211
76.83604
76.97305
76.87087
77.32553
76.90832
77.40602
76.94495
77.44447
77.08443
77.4839
77.12367
77.52303
77.1631
77.56258
77.20248
77.60192
77.2393
77.64143
77.27557
77.68052
77.31358
77.71973
77.35271
77.75746
77.39152
78.10459
77.4309
78.4071
77.46941
78.44149
77.50866
78.47839
77.54788
78.51586
77.58552
78.5564
77.62285
78.59307
77.66019
78.62811
77.69921
78.63413
77.73638
78.64026
77.77428
78.68047
77.81332
78.71366
77.85259
78.74654
77.89268
78.75656
77.9307
78.78963
77.97099
78.81723
78.00958
78.82339
78.04936
78.82957
78.08883
78.86597
78.12872
78.90087
78.16805
78.93962
78.20773
78.97908
78.2457
79.01874
78.28407
79.16332
78.32489
79.31899
78.36197
79.3521
78.4013
79.38583
78.441
79.42425
78.48219
79.46367
78.52187
79.50282
78.56226
79.54237
78.60166
79.57737
78.64046
79.61591
78.67913
79.65257
78.71744
79.69179
78.75285
79.73286
78.79351
79.77241
79.13474
79.81152
79.48011
79.85111
79.67271
79.89096
79.71347
79.92933
79.75298
79.96983
79.79424
80.00827
79.86971
80.04681
80.22744
80.08607
80.26717
80.12703
80.34747
80.16515
80.38879
80.20261
80.42851
80.24141
80.46876
80.2788
80.50834
80.3167
80.54617
80.35593
80.58538
80.39116
80.62524
80.4281
80.66367
80.46733
80.7028
80.50446
80.74089
80.54312
80.78046
80.57969
80.81916
80.61505
80.85862
80.65283
80.89569
80.68962
80.93497
80.72851
80.97353
81.04054
81.01166
81.38976
81.05
81.66832
81.08857
81.70844
81.12803
81.74837
81.1661
81.78826
81.20492
81.82426
81.2418
81.86218
81.28088
81.90056
81.32046
81.93963
81.35897
81.9767
81.39727
82.01588
81.43664
82.05196
81.47471
82.09119
81.5098
82.13065
81.54871
82.16998
81.58681
82.206
81.62503
82.24525
81.66005
82.28471
81.70022
82.3223
81.74104
82.36156
81.78051
82.40211
81.8194
82.63553
81.85696
82.67477
81.89429
82.71583
81.93233
82.75638
81.97346
82.7973
82.012
82.83773
82.05288
82.87086
82.09251
82.92021
82.13192
83.11577
82.17046
83.15572
82.20893
83.19512
82.24798
83.23702
82.28646
83.27722
82.32584
83.31596
82.3641
83.35526
82.40256
83.39536
82.4418
83.43567
82.47944
83.4751
82.51892
83.51535
82.55762
83.55599
82.59691
83.59619
82.63788
83.63631
82.67735
83.67142
82.71545
83.71231
82.75404
83.75255
82.79348
83.79187
82.83193
83.83048
82.91001
83.87003
82.94932
83.91006
82.99017
83.94993
83.02818
83.99041
83.06763
84.0305
83.10543
84.07205
83.14635
84.11207
83.18172
84.15318
83.22006
84.18883
83.25932
84.22642
83.30025
84.2664
83.33952
84.30701
83.37449
84.34721
83.41264
84.38747
83.45048
84.4277
83.4899
84.4684
83.52888
84.50862
83.56676
84.5487
83.60562
84.58592
83.64559
84.62587
83.68469
84.66562
83.72069
84.70531
83.75853
84.74454
83.79526
84.78455
83.83434
84.82614
83.86922
84.86565
83.985
84.90578
84.02155
84.94315
84.06125
84.98396
84.09948
85.02397
84.1368
85.06493
84.17378
85.1041
84.21306
85.14368
84.2524
85.18314
84.29033
85.22305
84.32805
85.26258
84.36729
85.30045
84.40824
85.33859
84.44582
85.41827
84.48444
85.45781
84.52287
85.49902
84.56216
85.53779
84.60056
85.57744
84.63889
85.61712
84.67625
85.65682
84.71521
85.69412
84.75443
85.73046
84.79378
85.76395
84.83015
85.80122
84.86954
85.8402
84.90892
85.8726
84.94827
85.90915
84.98678
85.94537
85.02383
85.98032
85.06467
86.01929
85.10414
86.05885
85.14429
86.09781
85.18265
86.13807
85.22195
86.17632
85.26157
86.21684
85.30277
86.25202
85.34222
86.3288
85.37895
86.36703
85.41854
86.40552
85.45633
86.44477
85.49712
86.48418
85.53531
86.52227
85.57504
86.56075
85.61458
86.59876
85.65519
86.63603
85.68974
86.67467
85.72717
86.71473
85.76566
86.75404
85.80602
86.79399
85.845
86.83326
85.88383
86.87199
85.92226
86.91018
85.96027
86.94632
85.99981
86.98453
86.03688
87.02061
86.07354
87.06001
86.11308
87.09802
86.15263
87.13731
86.19209
87.17671
86.22984
87.2179
86.26929
87.25674
86.30833
87.29403
86.34779
87.33354
86.38707
87.37081
86.42378
87.41196
86.46333
87.45137
86.5023
87.4918
86.5434
87.53137
86.58191
87.57091
86.62146
87.60969
86.66068
87.64742
86.70049
87.68613
86.74013
87.72537
86.77917
87.76515
86.82054
87.80474
86.86016
87.84439
86.90068
87.88405
86.93993
87.92439
86.97974
87.96393
87.01944
88.00204
87.06072
88.0421
87.1002
88.08233
87.13992
88.12164
87.17918
88.16179
87.21883
88.20108
87.25708
88.24028
87.29829
88.27942
87.33803
88.31918
87.37771
88.35732
87.41753
88.39429
87.45674
88.43398
87.49734
88.47345
87.53702
88.51289
87.57829
88.55244
87.61722
88.58978
87.65857
88.62843
87.69842
88.66703
87.73846
88.70486
87.77828
88.74123
87.81955
88.78001
87.85926
88.82085
87.89857
88.86033
88.24509
88.90115
88.36124
88.94037
88.39725
88.98073
88.43578
89.01997
88.47687
89.05948
88.51631
89.09877
88.55435
89.14014
88.59295
89.17963
88.63293
89.22094
88.67213
89.26088
88.71219
89.30219
88.74908
89.34174
88.78709
89.38301
88.82782
89.42258
88.86539
89.46317
88.90337
89.50272
88.94123
89.54382
88.9795
89.62302
89.01724
89.98277
89.05689
90.02245
89.09097
90.06374
89.12979
90.10202
89.16917
90.14133
89.20988
90.1816
89.24796
90.22174
89.2858
90.26177
89.32545
90.30101
89.36361
90.3409
89.40209
90.38128
89.44077
90.42101
89.47927
90.45948
89.51878
90.48548
89.55987
90.49065
89.59931
90.51469
89.63824
90.54384
89.67786
90.58302
89.71774
90.61832
89.75681
90.65318
89.79704
90.68982
89.83651
90.72978
89.87772
90.76858
89.91736
90.80669
89.95618
90.84611
89.99482
90.92635
90.03323
90.96581
90.07406
91.00304
90.11244
91.04243
90.18683
91.08189
90.22253
91.12153
90.2378
91.16261
90.24417
91.20199
90.29592
91.24322
90.31207
91.28278
90.33629
91.32288
90.38084
91.36218
90.45535
91.40244
90.46425
91.44157
90.50108
91.48014
90.53921
91.5192
90.57649
91.55782
90.61399
91.59672
90.65327
91.63609
90.69192
91.67487
90.72996
91.69397
90.7679
91.73311
90.80499
91.75964
90.84158
91.79636
90.88079
91.81792
90.92005
91.84439
90.95731
91.88168
90.99458
91.92014
91.03255
91.96013
91.07264
91.99813
91.11005
92.03645
91.14993
92.07507
91.18674
92.15267
91.22723
92.19012
91.26614
92.23102
91.30606
92.27054
91.34518
92.31164
91.38483
92.35123
91.42385
92.39079
91.46204
92.43042
91.50159
92.47183
91.54111
92.51188
91.58163
92.55165
91.62106
92.5915
91.65977
92.63209
91.6996
92.672
91.73953
92.7135
91.77921
92.75343
91.81638
92.79385
91.85616
92.83383
91.89613
92.87371
91.93575
92.914
91.97623
92.95383
92.01575
92.99532
92.0554
93.02763
92.09437
93.06876
92.13389
93.10722
92.17147
93.14603
92.21214
93.20835
92.25049
93.25
92.29019
93.27825
92.33111
93.32609
92.37082
93.36041
92.41034
93.39184
92.45008
93.42336
92.49081
93.46106
92.52959
93.49249
92.56918
93.52447
92.60815
93.5997
92.64907
93.63728
92.68856
93.67655
92.72791
93.71726
92.76723
93.75125
92.80682
93.75646
92.84588
93.7848
92.8853
93.81625
92.92478
93.85534
92.96445
93.89304
93.00409
93.93231
93.0436
93.97308
93.08322
94.00952
93.12157
94.04903
93.16117
94.08831
93.20065
94.12762
93.24059
94.1669
93.28024
94.20632
93.32143
94.24564
93.36106
94.2851
93.40066
94.32466
93.44028
94.3632
93.48174
94.40371
93.52068
94.44327
93.56114
94.4826
93.60086
94.52242
93.6405
94.56362
93.67994
94.60329
93.71905
94.64441
93.75868
94.68397
93.79822
94.72489
93.83777
94.76454
94.15131
94.8057
94.50831
94.84467
94.86037
94.88514
95.18098
94.92467
95.21594
94.96482
95.25574
95.00441
95.29541
95.04585
95.33541
95.08562
95.37524
95.12533
95.41535
95.16674
95.45506
95.20643
95.49634
95.2476
95.53622
95.28601
95.5752
95.32736
95.61256
95.36708
95.65399
95.40842
95.69405
95.44817
95.73441
95.48943
95.77461
95.52927
95.81628
95.56956
95.85631
95.60933
95.89772
95.65087
95.93752
95.69058
95.97812
95.73179
96.0178
95.77133
96.05854
95.81263
96.09836
95.85225
96.13315
95.89346
96.17303
95.93301
96.21403
95.97257
96.23872
96.01224
96.24588
96.0535
96.28596
96.09304
96.31935
96.13269
96.35925
96.1722
96.40075
96.21186
96.44069
96.2513
96.48218
96.29087
96.52216
96.44877
96.55994
96.48988
96.59982
96.52935
96.64141
96.60945
96.68141
96.77309
96.72292
96.81404
96.76244
96.855
96.80309
96.88863
96.84327
96.89655
96.88378
96.93742
96.91723
96.96851
96.92382
96.9752
96.9696
97.01299
97.00723
97.02068
97.04488
97.05668
97.08504
97.09668
97.12522
97.13555
97.1657
97.17571
97.20403
97.21638
97.24415
97.25584
97.28358
97.29652
97.32246
97.33606
97.36104
97.37587
97.3994
97.4146
97.43436
97.45388
97.47179
97.49062
97.48066
97.52996
97.5193
97.56997
97.54755
97.60836
97.71074
97.64938
97.72715
97.68768
97.73229
97.71918
97.73743
97.72803
97.74597
97.75137
97.75483
97.75648
97.77296
97.7616
97.77932
97.78897
97.79572
97.79779
97.8021
97.81912
97.81102
97.83712
97.82771
97.84348
97.83404
97.86477
97.84294
97.87108
97.85906
97.88967
97.86541
97.89478
97.89413
97.89989
97.90051
97.90871
97.90684
97.91754
97.91317
97.92385
97.92197
97.92896
97.92829
97.93527
97.9346
97.94158
97.94093
97.94788
97.94974
97.95668
97.95858
97.9655
97.97216
97.9706
97.97849
97.97569
98.00166
97.98449
98.01057
97.98959
98.02398
97.99467
98.02911
98.00097
98.03423
98.01225
98.04059
98.01852
98.04696
98.0358
98.05334
98.04214
98.05971
98.04722
98.06863
98.0523
98.07501
98.06222
98.08391
98.0673
98.09787
98.07238
98.10434
98.0897
98.11073
98.09478
98.11716
98.09986
98.12234
98.11004
98.12753
98.11511
98.13273
98.12019
98.14167
98.12527
98.14687
98.13036
98.15207
98.13543
98.15728
98.14051
98.16372
98.1518
98.17268
98.15688
98.18579
98.16195
98.19228
98.17075
98.19873
98.17582
98.20518
98.18089
98.21413
98.18597
98.22057
98.19672
98.22581
98.20179
98.23104
98.20687
98.24506
98.21195
98.25156
98.21703
98.25802
98.22633
98.26326
98.23141
98.26849
98.23648
98.27491
98.24155
98.28549
98.25169
98.29072
98.25677
98.29592
98.26305
98.31239
98.26811
98.31758
98.27319
98.32278
98.27825
98.33906
98.28452
98.34711
98.28959
98.356
98.29466
98.36238
98.29973
98.36877
98.3048
98.37767
98.30988
98.38284
98.31496
98.38801
98.32528
98.39317
98.33036
98.39956
98.33544
98.40475
98.34725
98.40992
98.35233
98.41631
98.35742
98.4227
98.36252
98.42912
98.37006
98.4343
98.37823
98.43947
98.38613
98.44462
98.39886
98.4498
98.40395
98.45493
98.40904
98.46011
98.41531
98.46526
98.42884
98.47042
98.43516
98.47559
98.44025
98.48197
98.44534
98.48713
98.45412
98.49229
98.45922
98.49744
98.46432
98.50259
98.47062
98.50906
98.48448
98.51546
98.48957
98.52061
98.49976
98.52577
98.51746
98.53094
98.52764
98.5361
98.55556
98.54123
98.56191
98.54762
98.56701
98.55278
98.57211
98.55795
98.57721
98.5631
98.58356
98.56824
98.58866
98.57966
98.59376
98.58602
98.60261
98.60007
98.60771
98.60523
98.61281
98.61039
98.62164
98.63186
98.62674
98.64072
98.64516
98.6603
98.65026
98.66547
98.65536
98.67062
98.68581
98.69052
98.69093
98.69691
98.69603
98.70328
98.71799
98.70844
98.7231
98.72243
98.7282
98.72878
98.74203
98.74268
98.74713
98.74783
98.75223
98.75545
98.76649
98.76057
98.7716
98.77066
98.7767
98.77579
98.78477
98.78091
98.78987
98.78728
98.79497
98.7924
98.80007
98.79753
98.80516
98.80267
98.81149
98.80901
98.81658
98.81415
98.82168
98.81927
98.82678
98.82439
98.83926
98.83074
98.84436
98.83708
98.84946
98.84732
98.85455
98.85881
98.85965
98.86395
98.86475
98.86909
98.87578
98.87422
98.88087
98.87936
98.89204
98.8845
98.89713
98.88963
98.90223
98.89477
98.90733
98.89989
98.91243
98.90503
98.91874
98.91016
98.92882
98.91652
98.93391
98.92166
98.93902
98.9268
98.94772
98.93197
98.95284
98.94336
98.95795
98.9485
98.96304
98.95365
98.96814
98.96002
98.97324
98.97143
98.97835
98.97658
98.98345
98.98173
98.98856
98.98811
98.99368
98.99628
98.99878
99.00144
99.00511
99.0066
99.01553
99.01175
99.02186
99.01691
99.03071
99.02698
99.03704
99.03338
99.04589
99.04227
99.0547
99.04743
99.07111
99.06533
99.07748
99.0705
99.09513
99.08454
99.10307
99.09607
99.1082
99.10499
99.11331
99.11012
99.11965
99.11526
99.12599
99.12164
99.13111
99.128
99.13622
99.13313
99.14505
99.13826
99.15016
99.14461
99.15528
99.14974
99.16412
99.15488
99.16924
99.16002
99.17435
99.16516
99.1832
99.17152
99.18832
99.17829
99.19343
99.18468
99.19975
99.1898
99.20609
99.19495
99.2124
99.2001
99.21752
99.20644
99.22264
99.2128
99.22895
99.2192
99.23406
99.22556
99.23917
99.23071
99.24429
99.23587
99.24939
99.24101
99.25449
99.24743
99.26148
99.25259
99.27029
99.25774
99.27541
99.26289
99.28053
99.26804
99.28938
99.2732
99.29448
99.27958
99.29959
99.28732
99.3047
99.29247
99.30981
99.30257
99.31493
99.30894
99.32004
99.31532
99.32515
99.32047
99.33026
99.32687
99.33537
99.33575
99.34334
99.34091
99.34846
99.3461
99.35358
99.35126
99.3587
99.35644
99.36502
99.36529
99.37133
99.382
99.37646
99.38715
99.38158
99.39235
99.39169
99.41566
99.39681
99.42085
99.40195
99.42603
99.41571
99.43983
99.4221
99.44501
99.43629
99.45018
99.44263
99.46181
99.45646
99.467
99.46159
99.47215
99.46673
99.48242
99.47186
99.48758
99.4782
99.49274
99.48846
99.49792
99.49359
99.50816
99.49871
99.51332
99.50506
99.51847
99.51388
99.52364
99.52023
99.52881
99.52534
99.53396
99.53046
99.54278
99.53558
99.54794
99.55085
99.55312
99.55597
99.56229
99.5611
99.56745
99.56742
99.57262
99.57254
99.57777
99.57766
99.58295
99.58278
99.58813
99.5879
99.59332
99.59302
99.59847
99.59814
99.60363
99.60945
99.61253
99.61457
99.61772
99.61968
99.62287
99.62602
99.62804
99.63235
99.6332
99.63746
99.63837
99.64258
99.64357
99.6477
99.64996
99.65403
99.65635
99.66037
99.66273
99.6667
99.66791
99.67301
99.6731
99.6809
99.67998
99.68603
99.68516
99.69115
99.69035
99.7037
99.70569
99.70883
99.71088
99.71394
99.72402
99.71906
99.7356
99.72418
99.74078
99.73547
99.7472
99.74059
99.75359
99.74693
99.76432
99.75327
99.76951
99.76856
99.7747
99.77493
99.77988
99.78368
99.78628
99.79002
99.79145
99.79892
99.79664
99.80404
99.80782
99.80917
99.81422
99.8143
99.81941
99.82064
99.82579
99.8295
99.83097
99.83585
99.83614
99.841
99.84132
99.84612
99.84651
99.85126
99.85537
99.8576
99.86056
99.86647
99.86574
99.87283
99.87093
99.87797
99.87611
99.88309
99.88129
99.89194
99.88647
99.89708
99.89444
99.90221
99.90224
99.90855
99.90741
99.91367
99.9126
99.91881
99.91777
99.92393
99.92294
99.92905
99.92976
99.93417
99.93496
99.94804
99.94014
99.95316
99.94653
99.95828
99.95171
99.96461
99.9569
99.96974
99.96207
99.97861
99.96844
99.98373
99.97363
99.98886
99.9788
99.99398
99.9852
100.0003
99.99159
100.0054
99.9968
100.0134
100.002
100.0185
100.0084
100.0237
100.0136
100.0288
100.0188
100.0339
100.0241
100.039
100.0293
100.0442
100.0345
100.0493
100.0397
100.0544
100.0449
100.0595
100.0501
100.0647
100.0554
100.0698
100.0618
100.0863
100.0708
100.0914
100.0773
100.0965
100.0837
100.1016
100.0889
100.1168
100.0942
100.1257
100.0994
100.132
100.1073
100.1384
100.1125
100.1435
100.1178
100.1487
100.1243
100.1626
100.1295
100.1677
100.1347
100.1728
100.1411
100.1808
100.1464
100.1897
100.1516
100.196
100.158
100.2011
100.1645
100.2063
100.1734
100.2114
100.1786
100.2203
100.1838
100.2254
100.1889
100.2306
100.1941
100.2357
100.1992
100.2408
100.2044
100.2459
100.2095
100.251
100.2158
100.2561
100.2221
100.2624
100.231
100.2712
100.2856
100.2823
100.3243
100.2873
100.3307
100.2924
100.3357
100.2975
100.3408
100.3058
100.3459
100.3121
100.3544
100.3184
100.3595
100.3235
100.3646
100.3286
100.3697
100.3392
100.3748
100.3443
100.3799
100.3494
100.3862
100.3605
100.3913
100.3656
100.3964
100.3707
100.4027
100.377
100.4112
100.3833
100.4176
100.3884
100.424
100.3935
100.4291
100.3986
100.4342
100.4037
100.4394
100.4124
100.4457
100.4187
100.4509
100.4238
100.456
100.4289
100.4612
100.4341
100.4675
100.4392
100.4727
100.448
100.4778
100.4531
100.483
100.4583
100.4881
100.4634
100.4946
100.4747
100.5023
100.4798
100.5075
100.4849
100.5126
100.4912
100.5216
100.4964
100.5268
100.5015
100.532
100.5078
100.5372
100.5129
100.5424
100.5193
100.5476
100.5256
100.5528
100.5345
100.5618
100.5434
100.5707
100.5485
100.5759
100.5536
100.5823
100.565
100.5912
100.5701
100.5964
100.5753
100.6017
100.5867
100.6164
100.5918
100.6216
100.5969
100.6268
100.6033
100.6332
100.6084
100.6396
100.6136
100.6448
100.6187
100.65
100.6238
100.6564
100.6352
100.6616
100.6403
100.6669
100.6454
100.6721
100.6518
100.6801
100.6569
100.6853
100.662
100.6905
100.6672
100.6994
100.6723
100.7046
100.6792
100.7098
100.688
100.7187
100.6944
100.7239
100.6995
100.7291
100.7046
100.7343
100.7109
100.7407
100.716
100.7459
100.7212
100.7511
100.7263
100.7563
100.7314
100.7615
100.7365
100.7667
100.7416
100.7731
100.748
100.7783
100.7531
100.7835
100.7582
100.79
100.7645
100.7952
100.7709
100.8004
100.7772
100.8056
100.7823
100.812
100.7875
100.8172
100.7926
100.8224
100.7989
100.8277
100.804
100.8407
100.8092
100.8459
100.8155
100.8511
100.8218
100.8563
100.827
100.8709
100.8321
100.8761
100.8384
100.8813
100.8451
100.8866
100.8515
100.8955
100.8566
100.9034
100.8617
100.9086
100.8681
100.9137
100.8757
100.919
100.8868
100.9254
100.8919
100.9359
100.897
100.9411
100.9059
100.9463
100.9123
100.9539
100.9186
100.9616
100.925
100.9706
100.9414
100.9782
100.9466
100.99
100.9517
100.9964
100.9643
101.0028
100.9707
101.008
100.9835
101.0132
100.9887
101.0196
100.9938
101.0248
101.0057
101.03
101.0108
101.0364
101.016
101.0453
101.0223
101.0532
101.0337
101.0609
101.04
101.066
101.0489
101.0712
101.054
101.0764
101.0592
101.0816
101.0643
101.0867
101.0707
101.0919
101.0758
101.0971
101.081
101.1023
101.0921
101.1074
101.0972
101.1163
101.1048
101.1215
101.1112
101.1267
101.1175
101.1331
101.1264
101.1383
101.1352
101.1434
101.1431
101.1498
101.1519
101.1562
101.1658
101.1625
101.171
101.1689
101.1825
101.179
101.19
101.1842
101.1964
101.1893
101.2016
101.1957
101.2067
101.2058
101.2168
101.2134
101.2258
101.2186
101.2334
101.2238
101.2397
101.229
101.2449
101.2354
101.2538
101.2434
101.2602
101.2498
101.2666
101.2562
101.2797
101.2651
101.2848
101.2715
101.29
101.2779
101.2964
101.2843
101.3015
101.292
101.3067
101.3021
101.3118
101.3099
101.3232
101.3189
101.3284
101.3265
101.3335
101.3379
101.3411
101.3431
101.3475
101.3483
101.3538
101.3535
101.3627
101.3599
101.3691
101.3651
101.3755
101.3702
101.3806
101.3766
101.3858
101.3818
101.3922
101.387
101.3973
101.3921
101.4025
101.3985
101.4076
101.4049
101.414
101.4101
101.4229
101.4153
101.433
101.4217
101.4381
101.4269
101.4433
101.4321
101.4497
101.4384
101.4548
101.4473
101.46
101.4538
101.4664
101.4602
101.4728
101.4653
101.4817
101.4717
101.4894
101.477
101.4996
101.4822
101.5085
101.4874
101.5175
101.4925
101.5227
101.4977
101.5341
101.5029
101.543
101.5081
101.5595
101.517
101.5685
101.5235
101.5749
101.5287
101.5889
101.5351
101.5969
101.5403
101.6021
101.5467
101.6072
101.5548
101.6161
101.5613
101.6301
101.5665
101.6352
101.5717
101.6404
101.5781
101.6518
101.5859
101.657
101.5912
101.6622
101.5964
101.6686
101.6028
101.6737
101.6093
101.6789
101.6158
101.6954
101.6234
101.7017
101.6299
101.708
101.6388
101.7169
101.6452
101.7258
101.6517
101.7309
101.657
101.736
101.6622
101.7411
101.6687
101.7462
101.6776
101.7576
101.6841
101.7627
101.6893
101.7691
101.6945
101.7742
101.7035
101.7793
101.7087
101.7856
101.714
101.7919
101.7192
101.7971
101.7245
101.8022
101.7309
101.8073
101.7399
101.8124
101.7451
101.8175
101.7504
101.8238
101.7581
101.8289
101.7633
101.834
101.7686
101.8391
101.775
101.8442
101.7802
101.8493
101.7855
101.8545
101.7907
101.8608
101.7972
101.8671
101.8024
101.8735
101.8077
101.8786
101.8158
101.8849
101.821
101.8913
101.8263
101.8964
101.8315
101.9015
101.8405
101.9066
101.8457
101.9129
101.851
101.9268
101.8599
101.9348
101.8652
101.9411
101.8705
101.9475
101.8757
101.9526
101.8809
101.969
101.8898
101.9753
101.902
101.9805
101.9072
101.9856
101.9125
101.9919
101.919
101.997
101.9294
102.0022
101.9347
102.0073
101.9399
102.0124
101.9464
102.0188
101.9579
102.0251
101.9631
102.034
101.9696
102.0403
101.9749
102.0467
101.9801
102.053
101.9866
102.0594
101.9956
102.0645
102.0009
102.0748
102.0073
102.0811
102.0126
102.0874
102.0179
102.0954
102.0244
102.1018
102.0296
102.1069
102.0348
102.112
102.0413
102.1223
102.0466
102.1274
102.0518
102.1338
102.0571
102.1452
102.0623
102.1503
102.0676
102.1554
102.0741
102.1618
102.0831
102.167
102.0895
102.1721
102.0948
102.1826
102.1001
102.1878
102.1054
102.1929
102.1106
102.198
102.1159
102.2044
102.1211
102.2096
102.1301
102.2147
102.1354
102.2198
102.1406
102.2262
102.1459
102.2325
102.1512
102.2377
102.1577
102.2429
102.1642
102.2517
102.1695
102.2597
102.1748
102.2686
102.1813
102.275
102.1865
102.2802
102.1918
102.2854
102.2009
102.2905
102.2062
102.2957
102.2115
102.3021
102.2168
102.3072
102.2258
102.3124
102.2349
102.3188
102.2479
102.324
102.2532
102.3291
102.2639
102.3343
102.2722
102.3432
102.2775
102.3484
102.2828
102.3536
102.2933
102.36
102.3034
102.3664
102.3099
102.3716
102.3165
102.3767
102.3231
102.3819
102.3347
102.3883
102.3413
102.3947
102.3479
102.4011
102.3533
102.4063
102.3587
102.4115
102.3653
102.4167
102.3707
102.4231
102.3761
102.4312
102.3879
102.4376
102.3932
102.4441
102.3987
102.4493
102.4104
102.4545
102.4196
102.4709
102.434
102.4774
102.4394
102.4864
102.4449
102.4954
102.4516
102.5018
102.4584
102.5071
102.4639
102.5123
102.4695
102.5175
102.4762
102.524
102.483
102.5331
102.4887
102.5396
102.4943
102.5448
102.5037
102.5501
102.5093
102.5555
102.5151
102.5619
102.5245
102.5685
102.5301
102.575
102.5359
102.5815
102.5416
102.588
102.551
102.597
102.5568
102.606
102.5626
102.6126
102.5684
102.6193
102.5742
102.6247
102.5812
102.6301
102.5908
102.6355
102.5967
102.641
102.6026
102.6463
102.6085
102.6517
102.6156
102.6583
102.6254
102.6637
102.6327
102.6691
102.6426
102.6746
102.6525
102.6799
102.6599
102.6891
102.6673
102.6947
102.6736
102.7001
102.6798
102.7067
102.6872
102.7123
102.6972
102.7178
102.7047
102.7244
102.711
102.7373
102.7172
102.7428
102.7236
102.7485
102.7338
102.7554
102.7403
102.761
102.7468
102.7667
102.7533
102.7739
102.76
102.7834
102.7702
102.7893
102.7781
102.795
102.7848
102.8007
102.7914
102.8066
102.798
102.8137
102.8047
102.8194
102.8114
102.8256
102.8181
102.8313
102.8249
102.8383
102.8316
102.8456
102.8384
102.853
102.8452
102.8602
102.852
102.8662
102.86
102.8722
102.8668
102.8784
102.8736
102.8847
102.8803
102.891
102.8871
102.8972
102.8939
102.9036
102.9007
102.9098
102.9074
102.9163
102.9142
102.9227
102.921
102.9291
102.9278
102.9354
102.9358
102.9419
102.9426
102.9486
102.9493
102.9564
102.9574
102.9642
102.9641
102.971
102.9709
102.9777
102.9777
102.9844
102.9845
102.991
102.9925
102.9976
102.9993
103.0044
103.006
103.0111
103.0157
103.0179
103.0225
103.0247
103.0292
103.0314
103.036
103.0382
103.0428
103.045
103.0508
103.0529
103.0576
103.0597
103.0643
103.0664
103.0723
103.0732
103.0791
103.0812
103.0859
103.0879
103.0926
103.0947
103.0994
103.1026
103.1062
103.1094
103.1129
103.1161
103.1197
103.1225
103.1265
103.1292
103.1332
103.136
103.14
103.1428
103.1468
103.1495
103.1536
103.1563
103.1603
103.163
103.1671
103.1698
103.1739
103.1766
103.1806
103.1833
103.1874
103.1901
103.1942
103.1969
103.201
103.2037
103.2077
103.2104
103.2145
103.2172
103.2213
103.2277
103.2281
103.2345
103.2348
103.2412
103.2416
103.248
103.2484
103.2548
103.2552
103.2615
103.2619
103.2683
103.2687
103.2751
103.2755
103.2818
103.2823
103.2886
103.289
103.2953
103.3026
103.3021
103.3093
103.3101
103.3173
103.3169
103.3241
103.3236
103.3309
103.3304
103.3376
103.3372
103.3444
103.3439
103.3512
103.3507
103.358
103.3575
103.3648
103.3642
103.3715
103.371
103.3783
103.3777
103.3851
103.3845
103.3919
103.3913
103.3986
103.398
103.4054
103.4048
103.4122
103.4116
103.419
103.4183
103.4257
103.4251
103.4325
103.4318
103.4393
103.4386
103.4461
103.4454
103.4528
103.4521
103.4596
103.4589
103.4664
103.4657
103.4732
103.4724
103.4799
103.4792
103.4867
103.4859
103.4934
103.4927
103.5002
103.4994
103.507
103.5062
103.5137
103.5171
103.5205
103.5239
103.5273
103.5306
103.5341
103.5374
103.5408
103.5442
103.5476
103.5509
103.5544
103.5577
103.5612
103.5644
103.5679
103.5712
103.5747
103.5779
103.5815
103.5847
103.5883
103.5915
103.595
103.5982
103.6018
103.605
103.6086
103.6117
103.6154
103.6185
103.6221
103.6252
103.6289
103.632
103.6357
103.6387
103.6424
103.6455
103.6492
103.6523
103.656
103.659
103.6627
103.6658
103.6695
103.6725
103.6763
103.6793
103.683
103.686
103.6898
103.6928
103.6965
103.6995
103.7033
103.7063
103.71
103.713
103.7168
103.7198
103.7235
103.7265
103.7303
103.7333
103.7371
103.7401
103.7438
103.7468
103.7506
103.7536
103.7573
103.7603
103.7641
103.7671
103.7708
103.7738
103.7776
103.7806
103.7843
103.7873
103.7911
103.7941
103.7979
103.8009
103.8046
103.8076
103.8114
103.8144
103.8181
103.8211
103.8249
103.8279
103.8316
103.8346
103.8384
103.8414
103.8468
103.8481
103.8536
103.8549
103.8603
103.8616
103.8671
103.8683
103.8738
103.8751
103.8806
103.8819
103.8873
103.8886
103.8941
103.8953
103.9008
103.9021
103.9076
103.9088
103.9143
103.9156
103.9211
103.9223
103.9278
103.929
103.9346
103.9358
103.9413
103.9425
103.9481
103.9492
103.9548
103.956
103.9616
103.9627
103.9684
103.9695
103.9751
103.9762
103.9819
103.9829
103.9886
103.9897
103.9954
103.9964
104.0021
104.0032
104.0089
104.0099
104.0156
104.0166
104.0224
104.0234
104.0291
104.0301
104.0359
104.0368
104.0426
104.0436
104.0494
104.0503
104.0562
104.0571
104.0629
104.0638
104.0697
104.0705
104.0764
104.0773
104.0832
104.084
104.0899
104.0908
104.0967
104.0975
104.1034
104.1042
104.1102
104.111
104.1169
104.1177
104.1236
104.1244
104.1304
104.1312
104.1371
104.1379
104.1439
104.1447
104.1506
104.1514
104.1574
104.1581
104.1641
104.1648
104.1709
104.1716
104.1777
104.1783
104.1844
104.1851
104.1911
104.1918
104.1979
104.1985
104.2047
104.2053
104.2114
104.212
104.2181
104.2187
104.2249
104.2255
104.2317
104.2322
104.2384
104.239
104.2451
104.2457
104.2519
104.2524
104.2586
104.2592
104.2654
104.2659
104.2721
104.2726
104.2789
104.2794
104.2856
104.2861
104.2924
104.2929
104.2991
104.2996
104.3059
104.3063
104.3126
104.3131
104.3194
104.3198
104.3261
104.3265
104.3329
104.3333
104.3396
104.34
104.3464
104.3467
104.3531
104.3535
104.3598
104.3602
104.3666
104.367
104.3733
104.3737
104.3801
104.3804
104.3868
104.3872
104.3936
104.3939
104.4003
104.4007
104.4071
104.4074
104.4138
104.4141
104.4205
104.4209
104.4273
104.4276
104.434
104.4343
104.4408
104.4411
104.4475
104.4478
104.4542
104.4545
104.461
104.4613
104.4677
104.468
104.4745
104.4748
104.4812
104.4815
104.488
104.4882
104.4947
104.495
104.5015
104.5017
104.5082
104.5084
104.515
104.5152
104.5217
104.5219
104.5284
104.5286
104.5352
104.5354
104.5419
104.5421
104.5487
104.5489
104.5554
104.5556
104.5622
104.5623
104.5689
104.5691
104.5757
104.5758
104.5824
104.5825
104.5891
104.5893
104.5959
104.596
104.6026
104.6028
104.6094
104.6095
104.6161
104.6162
104.6229
104.623
104.6296
104.6297
104.6364
104.6365
104.6431
104.6432
104.6499
104.6499
104.6566
104.6567
104.6634
104.6634
104.6701
104.6702
104.6769
104.6769
104.6836
104.6836
104.6904
104.6904
104.6971
104.6971
104.7038
104.7038
104.7106
104.7106
104.7173
104.7173
104.7241
104.7241
104.7308
104.7308
104.7375
104.7375
104.7443
104.7443
104.751
104.751
104.7578
104.7577
104.7645
104.7645
104.7713
104.7712
104.778
104.7779
104.7847
104.7847
104.7915
104.7914
104.7982
104.7981
104.805
104.8049
104.8117
104.8116
104.8185
104.8184
104.8252
104.8251
104.832
104.8318
104.8387
104.8386
104.8455
104.8453
104.8522
104.852
104.859
104.8588
104.8657
104.8655
104.8725
104.8722
104.8792
104.879
104.886
104.8857
104.8927
104.8924
104.8995
104.8992
104.9062
104.9059
104.913
104.9127
104.9197
104.9194
104.9265
104.9261
104.9332
104.9329
104.94
104.9396
104.9467
104.9464
104.9535
104.9531
104.9602
104.9599
104.967
104.9666
104.9737
104.9733
104.9805
104.9801
104.9872
104.9868
104.994
104.9936
105.0007
105.0003
105.0074
105.007
105.0142
105.0138
105.021
105.0205
105.0277
105.0273
105.0344
105.034
105.0412
105.0407
105.0479
105.0475
105.0547
105.0542
105.0614
105.061
105.0682
105.0677
105.0749
105.0744
105.0817
105.0812
105.0884
105.0879
105.0952
105.0947
105.1019
105.1014
105.1086
105.1081
105.1154
105.1149
105.1221
105.1216
105.1289
105.1284
105.1356
105.1351
105.1424
105.1418
105.1491
105.1486
105.1559
105.1553
105.1626
105.1621
105.1694
105.1688
105.1761
105.1755
105.1829
105.1823
105.1896
105.189
105.1964
105.1958
105.2031
105.2025
105.2098
105.2093
105.2166
105.216
105.2234
105.2227
105.2301
105.2295
105.2368
105.2362
105.2436
105.243
105.2503
105.2497
105.2571
105.2564
105.2638
105.2632
105.2706
105.2699
105.2774
105.2767
105.2841
105.2834
105.2908
105.2902
105.2976
105.2969
105.3043
105.3036
105.3111
105.3104
105.3178
105.3171
105.3246
105.3239
105.3313
105.3306
105.3381
105.3373
105.3448
105.3441
105.3516
105.3508
105.3583
105.3576
105.3651
105.3643
105.3718
105.3711
105.3786
105.3778
105.3853
105.3845
105.3921
105.3913
105.3988
105.398
105.4056
105.4048
105.4123
105.4115
105.4191
105.4183
105.4258
105.425
105.4326
105.4317
105.4393
105.4385
105.4461
105.4452
105.4528
105.452
105.4596
105.4587
105.4663
105.4655
105.4731
105.4722
105.4798
105.479
105.4865
105.4857
105.4933
105.4924
105.5001
105.4992
105.5068
105.5059
105.5135
105.5127
105.5203
105.5194
105.527
105.5262
105.5338
105.5329
105.5405
105.5397
105.5473
105.5464
105.554
105.5532
105.5608
105.5599
105.5675
105.5667
105.5743
105.5734
105.581
105.5801
105.5878
105.5869
105.5945
105.5936
105.6013
105.6004
105.608
105.6071
105.6148
105.6139
105.6215
105.6206
105.6283
105.6274
105.635
105.6341
105.6418
105.6409
105.6485
105.6476
105.6553
105.6544
105.662
105.6611
105.6688
105.6679
105.6755
105.6746
105.6823
105.6814
105.689
105.6881
105.6957
105.6948
105.7025
105.7016
105.7093
105.7083
105.716
105.7151
105.7227
105.7218
105.7295
105.7286
105.7362
105.7353
105.743
105.7421
105.7497
105.7488
105.7565
105.7556
105.7632
105.7623
105.77
105.7691
105.7767
105.7758
105.7835
105.7825
105.7902
105.7893
105.797
105.796
105.8037
105.8028
105.8105
105.8095
105.8172
105.8163
105.824
105.823
105.8307
105.8298
105.8374
105.8365
105.8442
105.8432
105.851
105.85
105.8577
105.8567
105.8644
105.8635
105.8712
105.8702
105.878
105.877
105.8847
105.8837
105.8914
105.8905
105.8982
105.8972
105.9049
105.904
105.9117
105.9107
105.9184
105.9174
105.9252
105.9242
105.9319
105.9309
105.9387
105.9377
105.9454
105.9444
105.9521
105.9512
105.9589
105.9579
105.9656
105.9647
105.9724
105.9714
105.9791
105.9781
105.9859
105.9849
105.9926
105.9916
105.9994
105.9984
106.0061
106.0051
106.0128
106.0118
106.0196
106.0186
106.0263
106.0253
106.0331
106.0321
106.0398
106.0388
106.0465
106.0456
106.0533
106.0523
106.06
106.0591
106.0668
106.0658
106.0735
106.0726
106.0803
106.0793
106.087
106.086
106.0938
106.0928
106.1005
106.0995
106.1072
106.1063
106.114
106.113
106.1207
106.1198
106.1275
106.1265
106.1342
106.1332
106.141
106.14
106.1477
106.1467
106.1545
106.1535
106.1612
106.1602
106.168
106.1669
106.1747
106.1737
106.1814
106.1804
106.1882
106.1872
106.1949
106.1939
106.2017
106.2007
106.2084
106.2074
106.2152
106.2142
106.2219
106.2209
106.2287
106.2277
106.2354
106.2344
106.2422
106.2412
106.2489
106.2479
106.2557
106.2547
106.2624
106.2614
106.2691
106.2682
106.2759
106.2749
106.2826
106.2816
106.2894
106.2884
106.2961
106.2951
106.3029
106.3019
106.3096
106.3086
106.3164
106.3154
106.3231
106.3221
106.3298
106.3289
106.3366
106.3356
106.3433
106.3424
106.3501
106.3491
106.3568
106.3559
106.3635
106.3626
106.3703
106.3693
106.377
106.3761
106.3838
106.3828
106.3905
106.3896
106.3972
106.3963
106.404
106.4031
106.4107
106.4098
106.4175
106.4165
106.4242
106.4233
106.4309
106.4301
106.4377
106.4368
106.4444
106.4435
106.4512
106.4503
106.4579
106.457
106.4647
106.4638
106.4714
106.4705
106.4781
106.4773
106.4849
106.484
106.4916
106.4908
106.4984
106.4975
106.5051
106.5043
106.5118
106.511
106.5186
106.5178
106.5253
106.5245
106.5321
106.5313
106.5388
106.538
106.5455
106.5448
106.5523
106.5515
106.559
106.5583
106.5658
106.565
106.5725
106.5718
106.5793
106.5785
106.586
106.5853
106.5928
106.592
106.5995
106.5988
106.6062
106.6055
106.613
106.6123
106.6198
106.619
106.6265
106.6257
106.6332
106.6325
106.64
106.6392
106.6468
106.646
106.6535
106.6527
106.6602
106.6595
106.667
106.6662
106.6737
106.673
106.6805
106.6797
106.6872
106.6865
106.694
106.6932
106.7007
106.7
106.7075
106.7067
106.7142
106.7135
106.7209
106.7202
106.7277
106.727
106.7345
106.7337
106.7412
106.7404
106.7479
106.7472
106.7547
106.7539
106.7614
106.7607
106.7682
106.7674
106.7749
106.7742
106.7817
106.7809
106.7884
106.7877
106.7952
106.7944
106.8019
106.8012
106.8087
106.8079
106.8154
106.8147
106.8222
106.8214
106.8289
106.8282
106.8357
106.8349
106.8424
106.8417
106.8492
106.8484
106.8559
106.8551
106.8627
106.8619
106.8695
106.8686
106.8762
106.8754
106.8829
106.8821
106.8897
106.8889
106.8964
106.8956
106.9032
106.9024
106.9099
106.9091
106.9167
106.9158
106.9234
106.9226
106.9302
106.9293
106.9369
106.936
106.9437
106.9428
106.9504
106.9495
106.9572
106.9563
106.9639
106.963
106.9707
106.9697
106.9774
106.9765
106.9842
106.9832
106.9909
106.99
106.9977
106.9967
107.0044
107.0034
107.0111
107.0102
107.0179
107.0169
107.0247
107.0237
107.0314
107.0304
107.0381
107.0371
107.0449
107.0439
107.0517
107.0506
107.0584
107.0574
107.0651
107.0641
107.0719
107.0708
107.0786
107.0776
107.0854
107.0843
107.0921
107.0911
107.0989
107.0978
107.1056
107.1046
107.1124
107.1113
107.1191
107.118
107.1259
107.1248
107.1326
107.1315
107.1394
107.1383
107.1461
107.145
107.1529
107.1518
107.1596
107.1585
107.1664
107.1653
107.1731
107.172
107.1799
107.1787
107.1866
107.1855
107.1934
107.1922
107.2001
107.199
107.2069
107.2057
107.2136
107.2124
107.2204
107.2192
107.2271
107.2259
107.2338
107.2327
107.2406
107.2394
107.2473
107.2462
107.2541
107.2529
107.2608
107.2597
107.2676
107.2664
107.2743
107.2731
107.2811
107.2799
107.2878
107.2866
107.2945
107.2934
107.3013
107.3001
107.308
107.3069
107.3148
107.3136
107.3215
107.3204
107.3283
107.3271
107.335
107.3339
107.3418
107.3406
107.3485
107.3474
107.3552
107.3541
107.362
107.3608
107.3687
107.3676
107.3755
107.3743
107.3822
107.3811
107.389
107.3878
107.3957
107.3946
107.4024
107.4013
107.4092
107.4081
107.4159
107.4148
107.4227
107.4216
107.4294
107.4283
107.4362
107.4351
107.4429
107.4418
107.4497
107.4485
107.4564
107.4553
107.4632
107.4621
107.4699
107.4688
107.4767
107.4755
107.4834
107.4823
107.4902
107.489
107.4969
107.4958
107.5036
107.5025
107.5104
107.5093
107.5171
107.516
107.5239
107.5228
107.5306
107.5295
107.5374
107.5362
107.5441
107.543
107.5509
107.5497
107.5576
107.5565
107.5643
107.5632
107.5711
107.57
107.5778
107.5767
107.5846
107.5835
107.5913
107.5902
107.5981
107.5969
107.6048
107.6037
107.6115
107.6104
107.6183
107.6172
107.625
107.6239
107.6318
107.6307
107.6385
107.6374
107.6453
107.6441
107.652
107.6509
107.6588
107.6576
107.6655
107.6644
107.6722
107.6711
107.679
107.6778
107.6857
107.6846
107.6925
107.6913
107.6992
107.6981
107.7059
107.7048
107.7127
107.7116
107.7194
107.7183
107.7262
107.7251
107.7329
107.7318
107.7397
107.7385
107.7464
107.7453
107.7532
107.752
107.7599
107.7588
107.7666
107.7655
107.7734
107.7723
107.7801
107.779
107.7869
107.7858
107.7936
107.7925
107.8004
107.7992
107.8071
107.806
107.8139
107.8127
107.8206
107.8195
107.8273
107.8262
107.8341
107.8329
107.8408
107.8397
107.8476
107.8464
107.8543
107.8532
107.8611
107.8599
107.8678
107.8667
107.8746
107.8734
107.8813
107.8801
107.8881
107.8869
107.8948
107.8936
107.9016
107.9004
107.9083
107.9071
107.9151
107.9138
107.9218
107.9206
107.9285
107.9273
107.9353
107.9341
107.942
107.9408
107.9488
107.9476
107.9555
107.9543
107.9623
107.961
107.969
107.9678
107.9758
107.9745
107.9825
107.9813
107.9893
107.988
107.996
107.9948
108.0027
108.0015
108.0095
108.0083
108.0162
108.015
108.023
108.0218
108.0297
108.0285
108.0365
108.0352
108.0432
108.042
108.05
108.0488
108.0567
108.0555
108.0635
108.0622
108.0702
108.069
108.077
108.0757
108.0837
108.0825
108.0904
108.0892
108.0972
108.096
108.1039
108.1027
108.1107
108.1095
108.1174
108.1162
108.1242
108.123
108.1309
108.1297
108.1377
108.1365
108.1444
108.1432
108.1512
108.15
108.1579
108.1567
108.1646
108.1635
108.1714
108.1702
108.1781
108.1769
108.1849
108.1837
108.1916
108.1904
108.1983
108.1972
108.2051
108.2039
108.2118
108.2107
108.2186
108.2174
108.2253
108.2242
108.232
108.2309
108.2388
108.2376
108.2455
108.2444
108.2522
108.2511
108.259
108.2579
108.2657
108.2646
108.2725
108.2714
108.2792
108.2781
108.2859
108.2849
108.2927
108.2916
108.2994
108.2984
108.3061
108.3051
108.3129
108.3119
108.3196
108.3186
108.3263
108.3254
108.3331
108.3321
108.3398
108.3389
108.3466
108.3456
108.3533
108.3523
108.36
108.3591
108.3668
108.3658
108.3735
108.3726
108.3803
108.3793
108.387
108.3861
108.3937
108.3928
108.4005
108.3996
108.4072
108.4063
108.414
108.413
108.4207
108.4198
108.4274
108.4265
108.4342
108.4333
108.4409
108.44
108.4476
108.4467
108.4544
108.4535
108.4611
108.4602
108.4679
108.467
108.4746
108.4737
108.4814
108.4805
108.4881
108.4872
108.4948
108.494
108.5016
108.5007
108.5083
108.5074
108.5151
108.5142
108.5218
108.5209
108.5285
108.5277
108.5353
108.5344
108.542
108.5412
108.5488
108.5479
108.5555
108.5547
108.5622
108.5614
108.569
108.5682
108.5757
108.5749
108.5825
108.5816
108.5892
108.5884
108.5959
108.5951
108.6027
108.6019
108.6094
108.6086
108.6162
108.6154
108.6229
108.6221
108.6297
108.6289
108.6364
108.6356
108.6432
108.6423
108.6499
108.6491
108.6566
108.6559
108.6634
108.6626
108.6702
108.6693
108.6769
108.6761
108.6836
108.6828
108.6904
108.6896
108.6971
108.6963
108.7039
108.7031
108.7106
108.7098
108.7174
108.7166
108.7241
108.7233
108.7309
108.73
108.7376
108.7368
108.7444
108.7435
108.7511
108.7503
108.7579
108.757
108.7646
108.7638
108.7714
108.7705
108.7781
108.7773
108.7849
108.784
108.7916
108.7907
108.7983
108.7975
108.8051
108.8042
108.8119
108.811
108.8186
108.8177
108.8253
108.8244
108.8321
108.8312
108.8388
108.8379
108.8456
108.8447
108.8523
108.8514
108.859
108.8582
108.8658
108.8649
108.8725
108.8717
108.8793
108.8784
108.886
108.8852
108.8928
108.8919
108.8995
108.8986
108.9062
108.9054
108.913
108.9121
108.9197
108.9189
108.9265
108.9256
108.9332
108.9324
108.94
108.9391
108.9467
108.9459
108.9535
108.9526
108.9602
108.9594
108.9669
108.9661
108.9737
108.9728
108.9804
108.9796
108.9872
108.9863
108.9939
108.9931
109.0006
108.9998
109.0074
109.0066
109.0141
109.0133
109.0209
109.0201
109.0276
109.0268
109.0344
109.0335
109.0411
109.0403
109.0479
109.047
109.0546
109.0538
109.0613
109.0605
109.0681
109.0673
109.0748
109.074
109.0816
109.0807
109.0883
109.0875
109.0951
109.0942
109.1018
109.101
109.1086
109.1077
109.1153
109.1144
109.1221
109.1212
109.1288
109.1279
109.1356
109.1347
109.1423
109.1414
109.149
109.1482
109.1558
109.1549
109.1625
109.1617
109.1693
109.1684
109.176
109.1751
109.1827
109.1819
109.1895
109.1886
109.1962
109.1954
109.203
109.2021
109.2097
109.2089
109.2165
109.2156
109.2232
109.2224
109.2299
109.2291
109.2367
109.2359
109.2434
109.2426
109.2502
109.2494
109.2569
109.2561
109.2637
109.2628
109.2704
109.2696
109.2772
109.2763
109.2839
109.2831
109.2906
109.2898
109.2974
109.2966
109.3041
109.3033
109.3109
109.3101
109.3176
109.3168
109.3243
109.3235
109.3311
109.3303
109.3378
109.337
109.3446
109.3438
109.3513
109.3505
109.3581
109.3572
109.3648
109.364
109.3715
109.3707
109.3783
109.3775
109.385
109.3842
109.3918
109.391
109.3985
109.3977
109.4053
109.4044
109.412
109.4112
109.4187
109.4179
109.4255
109.4247
109.4322
109.4314
109.439
109.4382
109.4457
109.4449
109.4524
109.4517
109.4592
109.4584
109.4659
109.4651
109.4726
109.4719
109.4794
109.4787
109.4861
109.4854
109.4929
109.4921
109.4996
109.4989
109.5063
109.5056
109.5131
109.5124
109.5198
109.5191
109.5266
109.5259
109.5333
109.5326
109.54
109.5393
109.5468
109.5461
109.5535
109.5528
109.5603
109.5596
109.567
109.5663
109.5738
109.573
109.5805
109.5798
109.5872
109.5865
109.594
109.5933
109.6007
109.6
109.6075
109.6068
109.6142
109.6135
109.6209
109.6202
109.6277
109.627
109.6344
109.6337
109.6412
109.6404
109.6479
109.6472
109.6546
109.6539
109.6614
109.6607
109.6681
109.6674
109.6749
109.6742
109.6816
109.6809
109.6883
109.6877
109.6951
109.6944
109.7018
109.7012
109.7085
109.7079
109.7153
109.7147
109.722
109.7214
109.7288
109.7281
109.7355
109.7349
109.7422
109.7416
109.749
109.7484
109.7557
109.7551
109.7625
109.7619
109.7692
109.7686
109.7759
109.7754
109.7827
109.7821
109.7894
109.7889
109.7962
109.7956
109.8029
109.8024
109.8097
109.8091
109.8164
109.8158
109.8231
109.8226
109.8299
109.8293
109.8366
109.8361
109.8434
109.8428
109.8501
109.8496
109.8568
109.8563
109.8636
109.8631
109.8703
109.8698
109.8771
109.8766
109.8838
109.8833
109.8906
109.89
109.8973
109.8968
109.9041
109.9035
109.9108
109.9103
109.9175
109.917
109.9243
109.9238
109.931
109.9305
109.9378
109.9372
109.9445
109.944
109.9512
109.9508
109.958
109.9575
109.9648
109.9642
109.9715
109.971
109.9782
109.9777
109.985
109.9845
109.9917
109.9912
109.9985
109.998
110.0052
110.0047
