0.008186237
0.008393887
0.01410481
0.01457636
0.02000307
0.02093193
0.02592568
0.02709888
0.03182364
0.03338424
0.03769891
0.03956341
0.0434675
0.04578847
0.04927813
0.0520388
0.05521726
0.05825847
0.06101096
0.06438346
0.06676494
0.07058585
0.07244796
0.07686082
0.07817065
0.08316075
0.08379789
0.08947534
0.08942895
0.09566431
0.0950789
0.1018811
0.1006622
0.108258
0.1061746
0.1145583
0.111681
0.1209041
0.1172204
0.1272347
0.1227519
0.1335121
0.1282539
0.139791
0.1337017
0.1460432
0.1391703
0.1523225
0.1446598
0.1586912
0.1502183
0.1649257
0.1557846
0.171182
0.1613346
0.1774678
0.1668703
0.1837196
0.1724533
0.189978
0.1779678
0.1962698
0.1835302
0.2025816
0.1891761
0.2088816
0.1947668
0.2151065
0.2003501
0.2214923
0.2059062
0.2277067
0.2114377
0.2339725
0.2170438
0.2401586
0.2227105
0.246381
0.2282436
0.2524979
0.2338166
0.2586814
0.2394108
0.2648062
0.2449248
0.2708291
0.2505038
0.276824
0.2561101
0.2826928
0.2616957
0.2886513
0.2672914
0.2945553
0.2728266
0.3005016
0.2783498
0.3064409
0.2837935
0.3124033
0.2892661
0.3183033
0.2945644
0.3243615
0.2998347
0.330267
0.3050575
0.3361818
0.3102448
0.3421591
0.3154095
0.3480607
0.3205615
0.3540443
0.3256677
0.360009
0.3307781
0.3659193
0.335865
0.371863
0.3409403
0.3778214
0.3460545
0.3837583
0.3511066
0.3897809
0.362202
0.3957373
0.3672626
0.4016974
0.3723207
0.4076227
0.3773936
0.4135668
0.3824396
0.4194686
0.38751
0.4254414
0.392664
0.431376
0.3977536
0.4372718
0.4028554
0.4431593
0.4079292
0.4490467
0.4130166
0.4549883
0.4181271
0.460876
0.4233497
0.4667781
0.4285161
0.4726593
0.4336663
0.478553
0.4388372
0.4843987
0.4439994
0.4902626
0.4491888
0.4960689
0.4543951
0.5018522
0.4597032
0.5076396
0.4649717
0.5134001
0.4702156
0.5191752
0.4754865
0.5249438
0.4807508
0.5306877
0.4860781
0.5364605
0.4914529
0.5421588
0.4967965
0.5478291
0.5022193
0.5534979
0.5076378
0.5591887
0.5130379
0.5648198
0.51844
0.5704239
0.5239502
0.5760012
0.5293878
0.5816135
0.5348483
0.5871884
0.5402982
0.5927757
0.5457749
0.5982344
0.5512668
0.6037633
0.5568832
0.6092569
0.5623894
0.6147215
0.5678499
0.6201944
0.5732685
0.625715
0.5787764
0.6311421
0.5842361
0.6365361
0.5897591
0.6419318
0.5951861
0.6473671
0.6006196
0.6527483
0.6060774
0.6592712
0.6114817
0.6646024
0.6169171
0.6699587
0.6224024
0.6752751
0.6278359
0.6805919
0.6333085
0.6859124
0.638717
0.6911291
0.6441501
0.6964291
0.6495583
0.7017435
0.6550771
0.7070333
0.6605374
0.7122996
0.6659769
0.7175518
0.671456
0.7228327
0.6768919
0.7280536
0.6823311
0.733241
0.6877954
0.7384492
0.6932786
0.7436448
0.698689
0.7488219
0.7040893
0.7540637
0.7095225
0.7592863
0.7149476
0.76449
0.7204017
0.769688
0.7259119
0.77494
0.7313328
0.7801461
0.7367533
0.7853962
0.7421783
0.7906355
0.7475762
0.7958292
0.7529886
0.8010249
0.758453
0.8062123
0.7638552
0.8113998
0.7692739
0.8166414
0.774716
0.8218852
0.7801175
0.8270766
0.7855278
0.8322557
0.7910194
0.8374911
0.7964321
0.8426784
0.8018361
0.8478742
0.8072527
0.853072
0.8126565
0.8582219
0.8180691
0.863432
0.8235876
0.8686237
0.8290355
0.8738452
0.8344583
0.8790492
0.8398647
0.8842307
0.8452916
0.8895032
0.8507227
0.894699
0.8561948
0.8998822
0.8615739
0.9050947
0.8669717
0.910276
0.8723737
0.9154883
0.8777279
0.9207194
0.8830965
0.9259381
0.888557
0.9311591
0.893963
0.9363881
0.8993444
0.9416005
0.9047256
0.9468004
0.9100943
0.952048
0.9154878
0.957348
0.9208629
0.9626001
0.9263439
0.9678791
0.9317251
0.9731748
0.9370981
0.9783977
0.9424917
0.9836663
0.9478897
0.9889602
0.9532706
0.9941495
0.9587663
0.9993703
0.9642227
1.004566
0.9696104
1.009778
0.9750037
1.015055
0.9804454
1.020343
0.9858703
1.025501
0.9913392
1.030711
0.9967347
1.035932
1.002072
1.041182
1.007389
1.046438
1.012716
1.051688
1.01796
1.056959
1.023253
1.0622
1.028443
1.067421
1.033622
1.07265
1.038805
1.077885
1.043951
1.083158
1.049071
1.088466
1.054238
1.093691
1.059375
1.098969
1.064465
1.104233
1.069632
1.10952
1.074877
1.114785
1.079973
1.120051
1.085082
1.125383
1.090234
1.130697
1.095376
1.136005
1.100571
1.141286
1.105757
1.146553
1.110913
1.151822
1.116052
1.157143
1.121208
1.162409
1.126456
1.167638
1.131648
1.172846
1.136846
1.177999
1.14206
1.18317
1.147277
1.188395
1.152526
1.193555
1.157839
1.198726
1.163093
1.203905
1.168379
1.20908
1.173628
1.21428
1.17891
1.219499
1.184216
1.22478
1.18957
1.230009
1.194889
1.235255
1.200195
1.240488
1.205522
1.245729
1.210855
1.250971
1.216217
1.256271
1.221645
1.261506
1.227021
1.26674
1.232392
1.271966
1.237753
1.27721
1.243115
1.282443
1.2485
1.287739
1.253892
1.29296
1.259336
1.29821
1.264732
1.303435
1.27016
1.308676
1.27561
1.313982
1.281035
1.319224
1.286454
1.324559
1.291946
1.329826
1.297393
1.33509
1.302833
1.340346
1.308314
1.345628
1.313747
1.350898
1.319181
1.356221
1.324691
1.36144
1.330105
1.366715
1.335539
1.371996
1.340976
1.377252
1.34642
1.382504
1.351859
1.387858
1.357436
1.393118
1.362908
1.398356
1.368385
1.403606
1.373812
1.408854
1.379323
1.414104
1.384754
1.419326
1.390304
1.424624
1.395748
1.429889
1.401225
1.435124
1.406698
1.440369
1.412158
1.445607
1.41771
1.450842
1.423247
1.456147
1.428728
1.461394
1.434168
1.466665
1.439624
1.471932
1.445135
1.477248
1.450676
1.4825
1.456258
1.48785
1.46176
1.493094
1.467251
1.498402
1.472708
1.503752
1.478233
1.509019
1.483753
1.514337
1.489307
1.519685
1.494814
1.525068
1.500347
1.530385
1.505857
1.535691
1.511369
1.541001
1.516859
1.546339
1.522478
1.551691
1.528015
1.557089
1.533522
1.562412
1.539052
1.567747
1.544587
1.573074
1.55017
1.578395
1.55574
1.583719
1.562077
1.589126
1.567691
1.594446
1.573204
1.599803
1.578753
1.605132
1.584233
1.610448
1.589812
1.615754
1.595295
1.62114
1.600791
1.626448
1.606285
1.631767
1.611774
1.637085
1.617299
1.642398
1.62291
1.647783
1.628507
1.653058
1.634107
1.658452
1.639753
1.663758
1.645407
1.669079
1.651046
1.674389
1.656767
1.679699
1.662367
1.685022
1.66796
1.690285
1.673537
1.695603
1.679112
1.700924
1.684717
1.706264
1.6903
1.711566
1.695854
1.716897
1.70135
1.722297
1.706881
1.727613
1.712804
1.732934
1.718367
1.738255
1.723979
1.743567
1.729554
1.748934
1.735131
1.754363
1.740689
1.759813
1.746256
1.765236
1.751814
1.77068
1.757374
1.776133
1.762944
1.781588
1.768482
1.786919
1.774034
1.792327
1.779657
1.797658
1.785317
1.802995
1.790882
1.808323
1.796467
1.813633
1.801975
1.818941
1.807559
1.824197
1.813138
1.829531
1.818654
1.834852
1.824558
1.840151
1.830163
1.845503
1.835671
1.850839
1.841181
1.856238
1.846761
1.861568
1.852288
1.866924
1.857915
1.872251
1.863477
1.877611
1.869065
1.882963
1.874627
1.888332
1.880257
1.893701
1.885895
1.898986
1.891507
1.904313
1.897078
1.909644
1.902653
1.914938
1.908303
1.920263
1.913926
1.925644
1.919551
1.930965
1.925269
1.936279
1.930907
1.941594
1.936591
1.946906
1.942305
1.952223
1.947953
1.957606
1.953607
1.9629
1.959278
1.968227
1.964913
1.97357
1.970519
1.978903
1.97614
1.984264
1.981802
1.98968
1.987427
1.995024
1.993049
2.000382
1.998633
2.005732
2.004281
2.011055
2.009895
2.01642
2.015483
2.02182
2.021097
2.027153
2.026762
2.032472
2.032335
2.037813
2.037891
2.043138
2.043539
2.048473
2.049106
2.053823
2.05471
2.059228
2.060458
2.064567
2.066045
2.069915
2.07167
2.075256
2.077253
2.080581
2.082888
2.085967
2.0886
2.091414
2.094183
2.096839
2.09985
2.102204
2.105458
2.107573
2.111104
2.112956
2.116721
2.1183
2.123217
2.123701
2.128927
2.12905
2.134552
2.134382
2.140225
2.13973
2.14586
2.14507
2.151496
2.150434
2.157187
2.155855
2.162812
2.161216
2.168428
2.166576
2.174013
2.172003
2.179651
2.177361
2.185303
2.182732
2.190961
2.188148
2.196599
2.193517
2.202165
2.198874
2.207797
2.20424
2.21343
2.209623
2.21909
2.215025
2.224755
2.220421
2.230353
2.225854
2.236007
2.231273
2.241688
2.236667
2.247382
2.24209
2.253138
2.247513
2.258937
2.252935
2.264727
2.258423
2.270487
2.263854
2.276198
2.269302
2.281831
2.274731
2.2874
2.280168
2.292939
2.285631
2.298333
2.291166
2.303672
2.296652
2.308924
2.302149
2.314122
2.30766
2.319255
2.313212
2.32492
2.318772
2.330068
2.324443
2.335143
2.330121
2.340182
2.335834
2.345211
2.341548
2.350268
2.347235
2.355373
2.352878
2.360373
2.358613
2.365556
2.364269
2.370686
2.36999
2.375772
2.375694
2.380893
2.381354
2.386117
2.387067
2.391202
2.39279
2.396365
2.398456
2.401551
2.40409
2.406701
2.409677
2.411877
2.415267
2.417086
2.42093
2.42239
2.426499
2.427644
2.432097
2.43295
2.437653
2.438287
2.443245
2.443669
2.448807
2.449083
2.45442
2.454593
2.460007
2.460183
2.465565
2.465743
2.471188
2.471339
2.476623
2.476935
2.482244
2.482604
2.487853
2.488384
2.493407
2.494019
2.498959
2.499726
2.504521
2.505515
2.510076
2.511215
2.515625
2.516978
2.521236
2.522809
2.5268
2.528576
2.53234
2.534394
2.537881
2.540167
2.543424
2.545882
2.548974
2.551657
2.554597
2.55749
2.560153
2.56322
2.565724
2.56901
2.571276
2.57477
2.576849
2.580558
2.582413
2.586266
2.588049
2.592087
2.593611
2.597885
2.599172
2.603664
2.604747
2.609479
2.610318
2.615183
2.615893
2.620979
2.621538
2.626801
2.627001
2.632599
2.632582
2.638263
2.638105
2.644036
2.643655
2.649813
2.649136
2.655717
2.654763
2.661538
2.660313
2.667367
2.665881
2.673092
2.671437
2.678851
2.67702
2.684622
2.682608
2.690421
2.68826
2.696196
2.693862
2.701952
2.699508
2.707725
2.705118
2.713487
2.710724
2.719202
2.716314
2.725052
2.721985
2.730821
2.727593
2.736639
2.733197
2.742337
2.738801
2.748168
2.744407
2.753862
2.75003
2.759689
2.755768
2.76546
2.761376
2.771219
2.766997
2.77694
2.772628
2.782663
2.778254
2.788461
2.783877
2.794163
2.789548
2.799924
2.795166
2.805659
2.800775
2.811442
2.806396
2.817136
2.812023
2.82299
2.817639
2.828786
2.823342
2.834565
2.828998
2.840389
2.834635
2.846185
2.840297
2.851933
2.845981
2.8577
2.851654
2.863379
2.857339
2.869066
2.863033
2.874801
2.868703
2.880468
2.874392
2.886204
2.880036
2.895589
2.885713
2.901212
2.891436
2.906979
2.897097
2.912678
2.902746
2.91836
2.908415
2.924162
2.914101
2.92981
2.919736
2.935529
2.925469
2.941226
2.931128
2.946969
2.936803
2.952651
2.942498
2.958448
2.948244
2.964123
2.954114
2.969776
2.959903
2.975473
2.965581
2.98118
2.971387
2.986788
2.977137
2.992561
2.982926
2.99826
2.988699
3.003956
2.99446
3.009686
3.000179
3.015344
3.005912
3.021021
3.011608
3.026795
3.017308
3.032511
3.023056
3.038188
3.028767
3.043868
3.034463
3.049599
3.040167
3.055403
3.045844
3.061176
3.051542
3.082278
3.057329
3.089356
3.063009
3.097834
3.068717
3.104809
3.07443
3.110632
3.080136
3.122413
3.085852
3.145637
3.09165
3.15152
3.097415
3.169035
3.103217
3.22072
3.109097
3.255313
3.114956
3.301414
3.120943
3.352949
3.12688
3.403963
3.132835
3.415315
3.138862
3.420915
3.144814
3.426588
3.150829
3.43231
3.156905
3.438012
3.162915
3.44367
3.168909
3.449301
3.174926
3.454985
3.180914
3.460604
3.186947
3.466264
3.193014
3.471847
3.199028
3.477458
3.205073
3.483094
3.211029
3.488829
3.217065
3.494497
3.223142
3.500116
3.229186
3.50586
3.235169
3.511547
3.241113
3.517253
3.247108
3.523059
3.253143
3.528763
3.25923
3.534465
3.265199
3.540217
3.271274
3.545952
3.277291
3.551729
3.283254
3.557563
3.289281
3.563288
3.29526
3.569101
3.301282
3.5749
3.307157
3.580692
3.312979
3.586432
3.318815
3.592295
3.324563
3.598112
3.330393
3.603885
3.336226
3.609643
3.34208
3.615537
3.347876
3.621497
3.353697
3.627374
3.359608
3.633154
3.365531
3.639048
3.371454
3.644989
3.377343
3.650797
3.383268
3.656753
3.389183
3.662653
3.395077
3.668532
3.400975
3.674363
3.406879
3.680215
3.412723
3.686138
3.418616
3.692105
3.424513
3.697903
3.430388
3.703771
3.436203
3.70971
3.442066
3.715546
3.447893
3.721552
3.453757
3.727406
3.459651
3.733298
3.465455
3.739269
3.471253
3.745262
3.477094
3.751112
3.482909
3.757112
3.488823
3.763088
3.49465
3.769024
3.500477
3.774924
3.506259
3.780945
3.512019
3.78693
3.517875
3.792899
3.523733
3.798839
3.529582
3.804768
3.535402
3.81073
3.541266
3.816677
3.547106
3.822676
3.552962
3.828636
3.558878
3.83459
3.564749
3.840565
3.570672
3.846444
3.576525
3.852453
3.58237
3.858482
3.588308
3.864368
3.594167
3.870298
3.600019
3.87631
3.605829
3.882252
3.611684
3.888294
3.617513
3.894262
3.623446
3.900266
3.629298
3.906229
3.635132
3.912241
3.64099
3.91823
3.646782
3.924203
3.652607
3.930199
3.658516
3.936205
3.664344
3.942166
3.670156
3.948124
3.675943
3.953986
3.681787
3.96002
3.687708
3.965934
3.693504
3.971861
3.69931
3.977877
3.705141
3.983792
3.710948
3.989803
3.716784
3.995834
3.722611
4.001798
3.728413
4.007731
3.734224
4.01367
3.740059
4.019591
3.745905
4.025562
3.751724
4.031568
3.757592
4.037533
3.763409
4.043504
3.769159
4.049371
3.774967
4.055435
3.780781
4.061373
3.786614
4.067382
3.792543
4.073355
3.7984
4.079255
3.804187
4.08523
3.810039
4.091174
3.815879
4.097153
3.821785
4.103107
3.827623
4.109047
3.833517
4.114938
3.839364
4.120852
3.845249
4.12691
3.851139
4.132856
3.857097
4.138761
3.862978
4.144634
3.868857
4.150582
3.874735
4.156505
3.880691
4.162515
3.886593
4.168387
3.892588
4.174368
3.898486
4.180318
3.904369
4.186226
3.910302
4.192255
3.91624
4.19821
3.9222
4.204191
3.928134
4.210089
3.934015
4.216031
3.939863
4.221976
3.945746
4.227934
3.95166
4.233915
3.957603
4.239907
3.963464
4.245805
3.969333
4.251705
3.975258
4.257668
3.981177
4.26363
3.987064
4.269621
3.992979
4.275529
3.998839
4.281475
4.004754
4.28741
4.010678
4.293313
4.016601
4.299263
4.02252
4.305131
4.028478
4.311056
4.034389
4.316929
4.040263
4.32295
4.046076
4.32887
4.051907
4.33471
4.057928
4.340585
4.063783
4.346535
4.069731
4.352483
4.075681
4.35846
4.081569
4.364339
4.087619
4.370243
4.09356
4.376181
4.09954
4.382086
4.105523
4.387994
4.111541
4.39395
4.117451
4.399913
4.123441
4.405851
4.129389
4.411655
4.135357
4.417523
4.141272
4.423517
4.147289
4.429536
4.153241
4.435502
4.159247
4.441469
4.16527
4.447354
4.17124
4.453273
4.177171
4.459221
4.183203
4.465079
4.189268
4.471029
4.19521
4.476964
4.201182
4.482852
4.207053
4.488792
4.213012
4.494693
4.218981
4.500659
4.225019
4.506645
4.231006
4.512547
4.236952
4.518395
4.2429
4.524399
4.248869
4.530345
4.254808
4.536265
4.260788
4.5421
4.266728
4.547986
4.272689
4.554017
4.278672
4.560069
4.284624
4.565997
4.290687
4.571884
4.296651
4.577813
4.302614
4.58373
4.308582
4.589679
4.314654
4.595635
4.320724
4.601533
4.326759
4.607468
4.332801
4.61345
4.338891
4.619373
4.344901
4.625293
4.350892
4.631206
4.356929
4.637206
4.362894
4.643078
4.368921
4.649009
4.374929
4.654953
4.3809
4.660813
4.386917
4.666738
4.392977
4.672622
4.399006
4.678483
4.405001
4.684422
4.410997
4.690472
4.416997
4.696406
4.423055
4.702275
4.429043
4.708238
4.435097
4.714198
4.441064
4.720112
4.447091
4.726171
4.453117
4.732136
4.459182
4.738034
4.46515
4.743975
4.471171
4.749933
4.477182
4.755968
4.483201
4.761887
4.48934
4.767754
4.495313
4.77372
4.501346
4.779718
4.507344
4.785704
4.513373
4.791749
4.519335
4.797691
4.525434
4.803609
4.531458
4.809569
4.537494
4.815476
4.54352
4.821372
4.549555
4.827355
4.555539
4.833255
4.561557
4.839201
4.567495
4.845061
4.5735
4.850934
4.579474
4.856942
4.585472
4.862898
4.591515
4.868832
4.597469
4.874721
4.603432
4.88056
4.6094
4.886477
4.615369
4.892411
4.621428
4.898367
4.62739
4.90425
4.633401
4.910128
4.639363
4.915977
4.645308
4.922297
4.651287
4.928212
4.657389
4.934085
4.663373
4.939972
4.669431
4.945887
4.675404
4.951735
4.681425
4.957705
4.687387
4.963607
4.693401
4.969509
4.699409
4.975417
4.705407
4.981359
4.711416
4.987259
4.717264
4.993259
4.723337
4.999138
4.729322
5.005025
4.735253
5.010948
4.741278
5.0168
4.74728
5.022708
4.753261
5.028564
4.759315
5.034473
4.765284
5.040366
4.771271
5.046198
4.777271
5.052104
4.78319
5.058079
4.789273
5.063977
4.795291
5.069834
4.801212
5.075663
4.80721
5.08152
4.813177
5.087422
4.81919
5.093337
4.825283
5.099168
4.831192
5.104951
4.837189
5.110828
4.843193
5.116699
4.84917
5.122645
4.855205
5.128458
4.861189
5.134254
4.867055
5.140102
4.873074
5.145906
4.879039
5.151785
4.885
5.157615
4.891057
5.163396
4.897017
5.169181
4.903
5.17504
4.908971
5.180852
4.915042
5.186679
4.921054
5.192578
4.927025
5.19838
4.9331
5.204262
4.939066
5.210084
4.945133
5.21592
4.951123
5.221791
4.957185
5.227587
4.963198
5.233399
4.969204
5.239214
4.975225
5.244966
4.981235
5.250756
4.987312
5.256558
4.993392
5.26235
4.99942
5.268175
5.005486
5.27405
5.01146
5.279877
5.017428
5.28569
5.023468
5.291619
5.029478
5.297444
5.035502
5.303246
5.041513
5.309031
5.04748
5.31484
5.053513
5.320527
5.059586
5.326318
5.065582
5.332085
5.071562
5.337841
5.077508
5.343491
5.083437
5.349145
5.089504
5.354939
5.095441
5.360639
5.101406
5.36636
5.107406
5.372083
5.113352
5.377777
5.119367
5.383493
5.125409
5.389207
5.131386
5.394974
5.137397
5.400678
5.143386
5.406467
5.149345
5.412209
5.155435
5.417986
5.161445
5.428977
5.167478
5.434696
5.173527
5.440544
5.179502
5.44629
5.185557
5.4521
5.19163
5.457983
5.197692
5.463784
5.203744
5.469561
5.209769
5.475385
5.215764
5.481191
5.221873
5.487001
5.227839
5.492812
5.233871
5.498652
5.239844
5.504376
5.245931
5.510135
5.251933
5.515933
5.25801
5.521762
5.26402
5.527537
5.270058
5.533337
5.276037
5.539142
5.282078
5.544913
5.28818
5.550761
5.294195
5.556659
5.300189
5.562465
5.306213
5.568238
5.312275
5.573988
5.318282
5.579755
5.324321
5.585569
5.330351
5.591434
5.336373
5.597171
5.342315
5.602942
5.348309
5.608662
5.354358
5.614485
5.360365
5.620226
5.366391
5.626068
5.372447
5.631854
5.378452
5.637578
5.384441
5.643333
5.390561
5.649172
5.396514
5.655018
5.402533
5.660826
5.408535
5.666576
5.414531
5.672327
5.420538
5.678101
5.42663
5.683949
5.432626
5.689786
5.438585
5.695636
5.444599
5.701401
5.450598
5.707128
5.456598
5.712963
5.462646
5.718761
5.468699
5.724561
5.474699
5.730352
5.480752
5.736094
5.486761
5.741879
5.492813
5.747652
5.498745
5.75341
5.504823
5.759247
5.510846
5.764954
5.516852
5.770677
5.52295
5.776477
5.528934
5.782308
5.535018
5.788154
5.541049
5.79387
5.547076
5.79966
5.553068
5.805445
5.559191
5.811153
5.565279
5.816886
5.571349
5.82268
5.577441
5.828451
5.583482
5.834159
5.589601
5.839938
5.595619
5.845653
5.601657
5.851411
5.607671
5.857194
5.613611
5.862913
5.619574
5.868634
5.625651
5.874269
5.631629
5.879996
5.637612
5.88569
5.643554
5.891448
5.649502
5.897187
5.655498
5.902929
5.661471
5.908552
5.667415
5.914304
5.673423
5.920026
5.679398
5.925831
5.685443
5.931529
5.691528
5.937252
5.697503
5.942965
5.703522
5.948633
5.709533
5.954387
5.715512
5.960154
5.726038
5.965873
5.731936
5.971599
5.737882
5.977376
5.74393
5.983117
5.749931
5.988886
5.756032
5.994567
5.762008
6.000263
5.768028
6.005947
5.773963
6.011553
5.779907
6.017196
5.785875
6.022977
5.791899
6.02864
5.797858
6.034263
5.803866
6.040007
5.809818
6.045704
5.815802
6.051391
5.821847
6.057151
5.827848
6.062739
5.833831
6.068437
5.839826
6.074168
5.845751
6.079941
5.85172
6.085624
5.857763
6.091379
5.863689
6.097126
5.869643
6.102789
5.87562
6.108505
5.881595
6.114197
5.887581
6.119926
5.893548
6.125724
5.899546
6.131411
5.90546
6.137121
5.911402
6.142828
5.917317
6.148515
5.92335
6.154192
5.929244
6.159919
5.935135
6.165575
5.941066
6.171298
5.947001
6.177005
5.952958
6.182688
5.958933
6.188394
5.964908
6.194048
5.97081
6.199696
5.976691
6.205394
5.982566
6.211121
5.988612
6.216783
5.994493
6.222574
6.000394
6.228286
6.006336
6.233913
6.012238
6.23962
6.018151
6.245324
6.024159
6.251055
6.029989
6.256859
6.035878
6.262603
6.041803
6.268368
6.047791
6.274109
6.053577
6.279889
6.05955
6.285603
6.065471
6.291354
6.071339
6.297077
6.077188
6.302733
6.0831
6.308486
6.089063
6.314167
6.095002
6.319891
6.100923
6.325702
6.106795
6.331444
6.112641
6.337158
6.118549
6.342858
6.124518
6.348615
6.130381
6.354358
6.136266
6.360112
6.142239
6.365849
6.148078
6.371511
6.154062
6.377265
6.160025
6.383034
6.165927
6.388859
6.171786
6.394634
6.177692
6.400313
6.18368
6.406013
6.189701
6.41173
6.195596
6.417443
6.201559
6.42326
6.207511
6.429005
6.213456
6.434793
6.219339
6.440592
6.225266
6.446367
6.231216
6.45205
6.237092
6.457804
6.24296
6.463535
6.24886
6.469219
6.254919
6.474848
6.260825
6.48055
6.266732
6.486206
6.272664
6.491944
6.278586
6.497635
6.284534
6.503344
6.290441
6.509035
6.296368
6.514646
6.302243
6.520337
6.308136
6.52603
6.314045
6.531764
6.319938
6.537403
6.32589
6.543041
6.331802
6.548726
6.337798
6.554345
6.343746
6.560082
6.349638
6.565717
6.35575
6.571374
6.361634
6.577013
6.367525
6.58269
6.373445
6.58847
6.379435
6.594132
6.385373
6.599844
6.391304
6.605459
6.397168
6.611086
6.403045
6.616724
6.408951
6.622493
6.414824
6.628162
6.420714
6.633845
6.426673
6.639476
6.432547
6.645152
6.43843
6.650804
6.444325
6.656545
6.45019
6.662191
6.456182
6.667858
6.462088
6.673451
6.467986
6.679122
6.473857
6.684695
6.479722
6.690429
6.485654
6.696054
6.49156
6.701712
6.497448
6.707365
6.503412
6.712955
6.509323
6.718571
6.515219
6.72431
6.521194
6.729978
6.5271
6.735631
6.532997
6.741248
6.538836
6.746909
6.544772
6.75254
6.550672
6.758244
6.556659
6.763942
6.562587
6.769657
6.568526
6.775306
6.574378
6.780979
6.580374
6.786633
6.586261
6.792344
6.592282
6.797932
6.598165
6.803607
6.604063
6.809222
6.609961
6.814899
6.615871
6.820589
6.621813
6.826276
6.627765
6.831972
6.633677
6.837645
6.639577
6.84328
6.645573
6.848969
6.651506
6.854639
6.657458
6.860359
6.663472
6.866022
6.669381
6.871682
6.675308
6.877366
6.681233
6.88305
6.687145
6.888798
6.693124
6.894541
6.699069
6.900204
6.704997
6.905929
6.710896
6.911616
6.716738
6.917381
6.722782
6.923185
6.728697
6.928821
6.734651
6.934466
6.740528
6.940144
6.746485
6.94591
6.752394
6.951676
6.758469
6.957333
6.764471
6.962996
6.770436
6.968668
6.776267
6.974309
6.782207
6.979967
6.788233
6.985617
6.79419
6.991315
6.800147
6.996969
6.806133
7.002615
6.812022
7.008267
6.818024
7.013959
6.824006
7.019621
6.829949
7.025311
6.835933
7.030973
6.841856
7.036601
6.847819
7.042244
6.853788
7.047919
6.85978
7.053565
6.865798
7.059277
6.871799
7.064979
6.877789
7.070601
6.883811
7.076201
6.889893
7.081791
6.895919
7.087445
6.901844
7.093164
6.907798
7.09877
6.913785
7.104383
6.919727
7.10997
6.925775
7.115587
6.931713
7.121266
6.937702
7.126966
6.943697
7.132586
6.94972
7.138266
6.955751
7.143934
6.961755
7.149616
6.967683
7.155394
6.97361
7.161013
6.979589
7.166663
6.985551
7.172328
6.991591
7.177981
6.997511
7.183669
7.003463
7.189421
7.009473
7.195156
7.015476
7.200806
7.021519
7.206494
7.027432
7.212171
7.033451
7.217877
7.039405
7.223576
7.045392
7.229218
7.051352
7.234817
7.057335
7.240454
7.06326
7.246063
7.069233
7.251697
7.075229
7.257371
7.081229
7.262974
7.087177
7.268599
7.09321
7.27424
7.099081
7.279782
7.105053
7.28544
7.111053
7.291128
7.117012
7.296784
7.123031
7.302457
7.128939
7.308092
7.134893
7.313726
7.140874
7.319338
7.146834
7.324977
7.152734
7.330594
7.158728
7.336215
7.164717
7.34184
7.170722
7.347429
7.176746
7.353039
7.182696
7.358666
7.188721
7.364252
7.19476
7.369828
7.200788
7.375445
7.206779
7.38106
7.212789
7.386662
7.218887
7.392313
7.224916
7.39792
7.230944
7.403472
7.236912
7.409081
7.242947
7.414708
7.248995
7.420307
7.255074
7.425945
7.261033
7.431513
7.267122
7.437141
7.273091
7.442732
7.279114
7.448313
7.285063
7.453905
7.291138
7.459531
7.297117
7.465146
7.303144
7.470771
7.309132
7.476373
7.315134
7.48197
7.321174
7.487481
7.32714
7.493123
7.333185
7.498679
7.339185
7.504204
7.345116
7.509785
7.35116
7.515331
7.357198
7.520898
7.363198
7.526516
7.369198
7.532112
7.375239
7.537671
7.381224
7.54326
7.387326
7.548864
7.393282
7.554399
7.399276
7.560011
7.405303
7.56561
7.411191
7.571199
7.417233
7.576807
7.423347
7.582308
7.429309
7.587888
7.435305
7.593558
7.441321
7.599158
7.44734
7.604752
7.453346
7.610342
7.459398
7.615942
7.465396
7.621663
7.47143
7.627277
7.477468
7.632844
7.483464
7.638438
7.489556
7.64411
7.495548
7.649727
7.501584
7.655408
7.507627
7.661004
7.513638
7.666631
7.519625
7.672235
7.525695
7.677887
7.531716
7.683557
7.538007
7.689245
7.544104
7.694847
7.550104
7.700492
7.556145
7.706118
7.562203
7.71173
7.568186
7.717351
7.57424
7.722994
7.580264
7.728594
7.58629
7.734263
7.592365
7.739872
7.598341
7.745428
7.604384
7.751032
7.610421
7.756723
7.616479
7.762386
7.622529
7.767998
7.628492
7.773627
7.63446
7.779259
7.640508
7.784895
7.646544
7.79052
7.652519
7.796137
7.658641
7.801799
7.664668
7.807376
7.670679
7.812993
7.676758
7.818595
7.682801
7.824253
7.688914
7.829849
7.694993
7.835431
7.701092
7.841066
7.70724
7.846655
7.713307
7.852241
7.719417
7.857878
7.725624
7.863476
7.731703
7.869091
7.738063
7.874709
7.744146
7.880263
7.75024
7.885909
7.756383
7.891581
7.762479
7.897194
7.768559
7.902833
7.774782
7.908381
7.780881
7.91401
7.787014
7.919556
7.793249
7.92525
7.799381
7.930854
7.805571
7.936508
7.811681
7.9421
7.817829
7.947729
7.823988
7.95336
7.830078
7.962361
7.836238
7.967972
7.842368
7.973595
7.848549
7.979178
7.854712
7.984803
7.86082
7.990458
7.866915
7.996082
7.873056
8.001735
7.879221
8.007328
7.88533
8.012942
7.891488
8.01858
7.897586
8.024291
7.90359
8.029914
7.909702
8.035533
7.91576
8.041191
7.921971
8.046775
7.928054
8.052419
7.934189
8.058106
7.940169
8.063668
7.946237
8.069298
7.952328
8.074894
7.958474
8.080519
7.964522
8.08617
7.97027
8.091877
7.976122
8.097477
7.981951
8.103075
7.987932
8.108614
7.993847
8.114203
7.999777
8.119766
8.005759
8.125395
8.011655
8.131012
8.017605
8.136582
8.023684
8.142209
8.029661
8.147804
8.035636
8.153399
8.041646
8.158992
8.047611
8.164606
8.053627
8.170179
8.060147
8.175834
8.066245
8.181377
8.072217
8.186967
8.078248
8.192634
8.084288
8.198177
8.090352
8.245954
8.096294
8.265786
8.102265
8.283628
8.108347
8.295686
8.114362
8.307857
8.120385
8.31686
8.126431
8.326819
8.132635
8.33386
8.139898
8.345365
8.180131
8.354498
8.205327
8.362206
8.347741
8.367362
8.356497
8.374993
8.364378
8.380502
8.372466
8.385692
8.381222
8.39118
8.388554
8.399599
8.395859
8.405201
8.402349
8.411413
8.40749
8.418271
8.417052
8.425267
8.423536
8.433561
8.42888
8.44038
8.435438
8.449424
8.440324
8.455585
8.446896
8.463023
8.452265
8.46805
8.458306
8.476973
8.46716
8.483823
8.473904
8.490642
8.480258
8.497253
8.485098
8.502131
8.491091
8.507099
8.497002
8.512092
8.506037
8.517152
8.513518
8.524701
8.518959
8.530158
8.525072
8.538332
8.532642
8.544284
8.53932
8.550923
8.547515
8.55593
8.555894
8.560925
8.566353
8.566339
8.573115
8.572288
8.581338
8.577236
8.588742
8.582226
8.594585
8.587136
8.599587
8.592134
8.606758
8.59714
8.615389
8.602106
8.620197
8.608184
8.626713
8.613659
8.632338
8.658651
8.639632
8.663827
8.648335
8.669044
8.656245
8.675251
8.663515
8.680485
8.668764
8.688228
8.68051
8.693299
8.686961
8.699303
8.695755
8.705319
8.703848
8.728043
8.716186
8.74879
8.724329
8.808149
8.738185
8.892817
8.752846
8.9119
8.769256
8.941216
8.817301
8.973056
8.848773
9.010509
8.879979
9.051442
8.921635
9.073523
8.943968
9.132728
8.977696
9.185164
9.012119
9.200773
9.030274
9.253705
9.069929
9.299678
9.09863
9.347939
9.131192
9.364883
9.149876
9.395679
9.178891
9.427974
9.202322
9.462355
9.231191
9.48056
9.24687
9.50079
9.277243
9.520204
9.298377
9.563555
9.322196
9.573657
9.33401
9.583881
9.347624
9.590234
9.359551
9.60425
9.371241
9.61149
9.381909
9.624581
9.390236
9.629638
9.397861
9.637698
9.404952
9.643819
9.409748
9.650445
9.419565
9.658264
9.426905
9.671164
9.441371
9.677745
9.450448
9.69508
9.466956
9.70803
9.479204
9.724594
9.489591
9.7352
9.498653
9.749465
9.510397
9.757319
9.518299
9.764095
9.526363
9.769394
9.533324
9.777754
9.540186
9.786451
9.54863
9.79455
9.561065
9.799262
9.574282
9.806149
9.586189
9.812801
9.592864
9.822165
9.600502
9.826868
9.606421
9.832595
9.611915
9.837449
9.616523
9.844298
9.624418
9.853187
9.630687
9.858984
9.636795
9.868814
9.646032
9.873842
9.654701
9.882621
9.663819
9.890463
9.670891
9.898467
9.68331
9.909442
9.690806
9.917846
9.701719
9.928673
9.709333
9.936512
9.71509
9.949803
9.726646
9.955252
9.733375
9.961633
9.74296
9.969426
9.755262
9.983157
9.7666
9.991536
9.777685
9.998075
9.786949
10.01967
9.799926
10.04109
9.810116
10.04805
9.821082
10.05916
9.830269
10.06727
9.842607
10.07719
9.857959
10.1075
9.870375
10.1126
9.884654
10.12427
9.900897
10.13206
9.911835
10.13921
9.924493
10.14644
9.938028
10.18925
9.953643
10.20579
9.972775
10.22097
9.985025
10.22573
9.99565
10.2402
10.01096
10.26152
10.02379
10.27749
10.0336
10.29859
10.04483
10.31712
10.05627
10.3253
10.06874
10.33653
10.08273
10.35107
10.09544
10.35759
10.1072
10.36999
10.11952
10.37985
10.13358
10.40234
10.15038
10.41432
10.16222
10.4243
10.17453
10.44135
10.1839
10.45112
10.19705
10.46037
10.20778
10.4696
10.21545
10.47701
10.22337
10.4836
10.23155
10.49968
10.24007
10.50534
10.24532
10.51208
10.25265
10.51847
10.25794
10.52305
10.26663
10.52997
10.27345
10.53519
10.27904
10.54182
10.28921
10.55405
10.29665
10.55936
10.30479
10.5688
10.3178
10.57654
10.32872
10.58274
10.33983
10.58913
10.34909
10.59799
10.35576
10.6057
10.36195
10.6122
10.37176
10.61881
10.38118
10.62891
10.39053
10.63738
10.39943
10.64531
10.40859
10.65322
10.41714
10.65886
10.42715
10.66645
10.43491
10.67283
10.44297
10.67931
10.44889
10.68449
10.45448
10.69306
10.46297
10.698
10.47078
10.70876
10.47973
10.71409
10.4875
10.72169
10.49496
10.73258
10.50385
10.74078
10.51023
10.75016
10.5181
10.76017
10.52399
10.76746
10.53343
10.77314
10.54043
10.7836
10.55166
10.79002
10.55692
10.79752
10.56503
10.80815
10.57272
10.81571
10.58161
10.82541
10.58712
10.83301
10.5973
10.84087
10.60373
10.84722
10.61234
10.85268
10.62025
10.86134
10.62663
10.86721
10.63296
10.87287
10.63861
10.882
10.64577
10.88671
10.65218
10.89669
10.66009
10.90522
10.66809
10.91452
10.67515
10.92549
10.68599
10.93958
10.69371
10.94443
10.70451
10.95842
10.71153
10.96458
10.72014
10.97154
10.72799
10.97983
10.73644
10.98692
10.74266
10.99461
10.74973
11.00158
10.75682
11.00984
10.76544
11.0175
10.7716
11.0299
10.78016
11.03721
10.79277
11.04216
10.80104
11.04813
10.81094
11.05347
10.82028
11.05915
10.82948
11.06609
10.83997
11.07135
10.84716
11.07848
10.85659
11.0856
10.86164
11.09155
10.86811
11.10241
10.87445
11.11156
10.88281
11.11982
10.89146
11.127
10.89777
11.1351
10.90421
11.14629
10.91457
11.15467
10.92201
11.16072
10.9325
11.16987
10.94263
11.17673
10.95695
11.18308
10.9685
11.1885
10.97794
11.20156
10.98832
11.21218
10.99974
11.22471
11.00981
11.23619
11.01917
11.24863
11.03413
11.25866
11.04499
11.26958
11.05984
11.28023
11.0703
11.29541
11.08319
11.30407
11.09105
11.31394
11.10569
11.32047
11.11905
11.33258
11.12924
11.3407
11.13986
11.35027
11.15021
11.36538
11.16187
11.37452
11.16984
11.38786
11.18363
11.39622
11.19084
11.40727
11.20235
11.41482
11.21305
11.42828
11.23098
11.43691
11.24261
11.44757
11.25183
11.46377
11.26866
11.47382
11.2803
11.4855
11.28949
11.49661
11.3028
11.50889
11.31725
11.51746
11.32868
11.53002
11.34019
11.54014
11.34929
11.5473
11.36273
11.57223
11.37469
11.59088
11.38407
11.59787
11.3961
11.61389
11.4103
11.62473
11.4207
11.63393
11.43218
11.6437
11.44891
11.65389
11.4659
11.67138
11.48018
11.68169
11.49527
11.70005
11.51139
11.71015
11.52367
11.73343
11.54047
11.75122
11.55595
11.75983
11.57132
11.76698
11.58057
11.77806
11.58603
11.78522
11.59468
11.79591
11.60541
11.80157
11.61259
11.81034
11.62307
11.81706
11.63421
11.82512
11.64209
11.83233
11.65347
11.83977
11.66228
11.85031
11.67185
11.85877
11.68405
11.86754
11.69469
11.87516
11.70034
11.88594
11.70975
11.89594
11.71901
11.90907
11.73015
11.91499
11.74361
11.9277
11.74974
11.93628
11.75856
11.94788
11.76734
11.95671
11.77326
11.96548
11.78286
11.9774
11.7908
11.98604
11.79903
11.99751
11.81036
12.00502
11.8173
12.01872
11.83894
12.02804
11.84786
12.03957
11.85634
12.05412
11.86871
12.06353
11.87611
12.0773
11.89901
12.0843
11.91095
12.09674
11.92113
12.10527
11.92817
12.1105
11.94134
12.11968
11.95285
12.12682
11.99043
12.13349
11.99831
12.14496
12.00497
12.15228
12.01167
12.16096
12.02026
12.16921
12.02544
12.17752
12.03255
12.18577
12.0415
12.19336
12.04942
12.1986
12.05914
12.20996
12.06952
12.21763
12.07581
12.22978
12.08503
12.24117
12.09219
12.25376
12.10153
12.26358
12.11099
12.27495
12.1245
12.28078
12.1364
12.29379
12.14651
12.30284
12.15653
12.31598
12.16334
12.32524
12.17671
12.33624
12.18832
12.34543
12.20353
12.35864
12.21303
12.36875
12.22793
12.37778
12.24003
12.38706
12.25123
12.39801
12.26293
12.40426
12.27586
12.41142
12.28673
12.42308
12.29988
12.43004
12.30927
12.43971
12.31871
12.44907
12.32928
12.45549
12.33851
12.46051
12.34721
12.46741
12.35937
12.47202
12.36904
12.47918
12.37598
12.4866
12.38322
12.49111
12.38829
12.49565
12.39444
12.5025
12.40063
12.50877
12.40831
12.51567
12.41563
12.52028
12.42026
12.53144
12.42965
12.53652
12.43429
12.54589
12.44263
12.55515
12.44983
12.56262
12.4601
12.57063
12.47294
12.57631
12.48374
12.59661
12.49466
12.6051
12.50242
12.63653
12.5133
12.66889
12.52875
12.6777
12.54088
12.68583
12.5544
12.69604
12.5632
12.70768
12.57724
12.71449
12.59172
12.72782
12.60485
12.7395
12.61675
12.7622
12.63096
12.77017
12.64707
12.78146
12.66743
12.79308
12.68108
12.80549
12.70113
12.81756
12.71461
12.83158
12.72922
12.84652
12.74738
12.85935
12.75959
12.87321
12.76998
12.88457
12.78004
12.89945
12.79048
12.91602
12.80477
12.92593
12.81658
12.93851
12.82896
12.95543
12.8394
12.96679
12.84891
12.98621
12.85985
12.99626
12.90957
13.01121
12.92791
13.02338
12.93816
13.04496
12.9513
13.05603
12.96759
13.07868
12.99398
13.09855
13.02049
13.1231
13.04803
13.14539
13.07279
13.16248
13.08171
13.17792
13.10604
13.19374
13.16662
13.2107
13.1737
13.22132
13.18186
13.24085
13.18798
13.25522
13.19555
13.27303
13.21512
13.28696
13.29648
13.2983
13.31209
13.30783
13.37231
13.31768
13.40041
13.32466
13.41086
13.33161
13.41782
13.34308
13.42379
13.35143
13.43083
13.35914
13.43615
13.36559
13.44448
13.37317
13.45138
13.38017
13.51101
13.3897
13.52166
13.40251
13.53103
13.4091
13.53761
13.4179
13.54463
13.42512
13.55295
13.43513
13.56229
13.44179
13.56874
13.45283
13.57963
13.46289
13.58762
13.47062
13.5948
13.47907
13.60349
13.48825
13.61159
13.49696
13.61663
13.50676
13.62463
13.51586
13.62925
13.52185
13.63635
13.53475
13.64135
13.5418
13.64667
13.55
13.65742
13.5575
13.66444
13.56924
13.6704
13.57699
13.6757
13.58492
13.6809
13.59455
13.69299
13.60167
13.70058
13.61078
13.70794
13.616
13.71728
13.62057
13.72302
13.62534
13.7347
13.6343
13.74568
13.63993
13.75286
13.64665
13.76577
13.65164
13.77571
13.65649
13.78559
13.66208
13.79029
13.66906
13.80062
13.67526
13.80567
13.69035
13.8149
13.69928
13.82214
13.70905
13.83204
13.72091
13.83915
13.72674
13.84755
13.73127
13.85259
13.73585
13.86121
13.74128
13.86643
13.77327
13.87341
13.77826
13.87903
13.78316
13.88472
13.78852
13.88974
13.79624
13.89435
13.80125
13.90177
13.80804
13.90866
13.81587
13.91652
13.82104
13.92292
13.82609
13.92931
13.83135
13.93674
13.83772
13.94322
13.84486
13.94775
13.85127
13.95552
13.8565
13.96256
13.86149
13.97117
13.86637
13.97691
13.87167
13.9844
13.88003
13.98976
13.88459
13.99755
13.88986
14.00386
13.89549
14.01241
13.90245
14.0177
13.91028
14.02484
13.91489
14.03119
13.92225
14.03608
13.9278
14.04359
13.93493
14.0488
13.9414
14.05661
13.94677
14.06429
13.95238
14.07329
13.98013
14.0786
13.988
14.08783
13.99518
14.09467
14.00068
14.10265
14.00761
14.11194
14.01927
14.12323
14.02959
14.13557
14.03674
14.14559
14.0534
14.15412
14.05821
14.16507
14.06681
14.17718
14.0725
14.18571
14.08348
14.19967
14.0937
14.21006
14.10756
14.22192
14.11371
14.22887
14.11903
14.23751
14.12657
14.24563
14.13247
14.25323
14.15113
14.26366
14.15638
14.27407
14.17072
14.28133
14.18197
14.28754
14.19208
14.29619
14.2054
14.30512
14.21008
14.31376
14.21722
14.32165
14.22476
14.33383
14.23431
14.34061
14.24016
14.34776
14.24514
14.36118
14.25709
14.369
14.29373
14.37979
14.32941
14.38855
14.34628
14.40109
14.35716
14.41943
14.36428
14.43688
14.37439
14.44635
14.38009
14.46186
14.38978
14.47854
14.40696
14.49465
14.41556
14.5051
14.42882
14.51677
14.43657
14.52653
14.50833
14.54191
14.52935
14.55643
14.53514
14.56931
14.56607
14.58088
14.58607
14.59259
14.59592
14.60498
14.60346
14.61434
14.61429
14.62579
14.62127
14.63692
14.62922
14.64868
14.63538
14.66534
14.64443
14.67861
14.67188
14.69567
14.71083
14.7098
14.7233
14.7246
14.73931
14.74236
14.74881
14.75623
14.7618
14.77276
14.77258
14.79365
14.78473
14.81485
14.79856
14.82776
14.81047
14.84603
14.83895
14.86458
14.87098
14.88019
14.88164
14.89744
14.89232
14.90985
14.91541
14.92622
14.92494
14.94065
14.93798
14.95457
14.96005
14.97322
14.97994
14.99017
14.98941
15.00478
14.99887
15.01827
15.04299
15.03086
15.08022
15.04399
15.10117
15.05982
15.11459
15.07166
15.12472
15.09043
15.13835
15.10077
15.14786
15.11894
15.16236
15.1279
15.1745
15.14979
15.18669
15.16224
15.19758
15.17766
15.20404
15.19004
15.26265
15.19858
15.27126
15.21399
15.27671
15.22282
15.28442
15.23161
15.29011
15.24102
15.29784
15.25037
15.30581
15.26037
15.31808
15.27087
15.32532
15.28141
15.33672
15.28994
15.34392
15.30087
15.35507
15.31019
15.36479
15.31804
15.37581
15.32821
15.38224
15.33924
15.39273
15.35316
15.40114
15.36415
15.41199
15.37308
15.42277
15.38341
15.42771
15.39586
15.43702
15.40404
15.44703
15.41753
15.46027
15.4277
15.5367
15.44667
15.55555
15.46006
15.5676
15.48012
15.5816
15.49485
15.5993
15.51659
15.60952
15.53279
15.62032
15.55277
15.62908
15.56734
15.63769
15.58187
15.64489
15.59864
15.65691
15.61211
15.66955
15.62909
15.6781
15.64377
15.76628
15.6637
15.77487
15.67496
15.78344
15.69302
15.79124
15.702
15.80069
15.71829
15.81164
15.72759
15.81739
15.74524
15.83203
15.75426
15.84085
15.76495
15.85132
15.77864
15.86129
15.79221
15.87114
15.80546
15.88109
15.82011
15.88755
15.83495
15.89896
15.85215
15.90734
15.86576
15.92817
15.88631
15.94658
15.9008
15.98053
15.91314
16.00874
15.93381
16.03291
15.94554
16.04937
15.96739
16.06275
15.98133
16.08527
16.00137
16.09794
16.01834
16.10633
16.03243
16.19079
16.05103
16.19941
16.06298
16.20653
16.08443
16.21966
16.09705
16.22769
16.11631
16.24207
16.1334
16.2561
16.14578
16.27072
16.16678
16.28393
16.17773
16.2972
16.1905
16.31175
16.20303
16.32342
16.22073
16.33735
16.23854
16.34971
16.25655
16.35993
16.26943
16.37673
16.28684
16.38771
16.29924
16.41265
16.31666
16.43283
16.33121
16.44227
16.34149
16.45315
16.35851
16.46702
16.37312
16.48017
16.39137
16.49143
16.40243
16.52665
16.42414
16.55311
16.44139
16.56485
16.45461
16.57782
16.47204
16.59289
16.4883
16.60633
16.50076
16.62629
16.51304
16.63937
16.52668
16.65702
16.54346
16.67176
16.56178
16.68629
16.58109
16.7288
16.60209
16.74424
16.61983
16.75558
16.6364
16.77097
16.65524
16.78956
16.6678
16.79989
16.68674
16.81697
16.70212
16.83321
16.71763
16.85404
16.73374
16.87138
16.74702
16.89722
16.76518
16.91442
16.77696
16.92705
16.79587
16.94343
16.81117
16.95807
16.82729
16.97463
16.84422
16.98982
16.86146
16.99857
16.86721
17.01171
16.88209
17.02411
16.89387
17.03664
16.90925
17.05176
16.92128
17.07094
16.93551
17.08218
16.94425
17.09295
16.96211
17.10994
16.97421
17.12112
16.98533
17.13316
17.00072
17.15045
17.01423
17.16593
17.03454
17.17769
17.04714
17.19165
17.06724
17.21689
17.08645
17.23451
17.10699
17.24732
17.12715
17.26414
17.14625
17.29914
17.16977
17.31753
17.19163
17.33383
17.21835
17.36541
17.24084
17.39981
17.26949
17.41952
17.29828
17.43262
17.32632
17.50443
17.35219
17.52274
17.3747
17.53888
17.39569
17.55374
17.41649
17.62647
17.44157
17.64113
17.46177
17.6574
17.47997
17.67169
17.50253
17.69135
17.52561
17.70083
17.53747
17.72088
17.55677
17.74404
17.56782
17.75663
17.58316
17.77531
17.59641
17.78554
17.6089
17.80409
17.62323
17.82242
17.63708
17.83856
17.65182
17.84892
17.66475
17.87117
17.68312
17.88565
17.70317
17.90413
17.7207
17.91602
17.73431
17.9313
17.75358
17.94805
17.77063
17.96178
17.78591
17.97505
17.80758
17.99187
17.82169
18.00157
17.8392
18.04393
17.85414
18.05585
17.87247
18.06573
17.88509
18.07506
17.89794
18.09342
17.91018
18.0987
17.92776
18.1126
17.94317
18.12988
17.95765
18.14228
17.9687
18.15247
17.98641
18.16736
17.99886
18.18417
18.01662
18.19934
18.03454
18.21428
18.05688
18.22757
18.06647
18.24373
18.08843
18.25627
18.10294
18.27556
18.12044
18.28735
18.14152
18.30682
18.15697
18.32285
18.17705
18.33535
18.1939
18.34992
18.20938
18.36311
18.22598
18.38064
18.24055
18.3951
18.25473
18.40763
18.27172
18.42524
18.28714
18.44299
18.30816
18.47815
18.32346
18.49512
18.34273
18.52078
18.36007
18.5339
18.37853
18.5448
18.3968
18.56077
18.41393
18.57157
18.43102
18.58174
18.4466
18.59189
18.45451
18.60171
18.46704
18.60811
18.4756
18.61666
18.48918
18.62761
18.50163
18.64403
18.51489
18.65238
18.53282
18.66181
18.54619
18.69785
18.55796
18.70932
18.573
18.72096
18.58323
18.73489
18.59978
18.74518
18.61368
18.7602
18.62611
18.77395
18.6381
18.78855
18.65057
18.80697
18.66402
18.81893
18.67375
18.83141
18.69049
18.8386
18.70223
18.85592
18.71683
18.86704
18.72762
18.8757
18.74898
18.88871
18.75932
18.89788
18.77247
18.90777
18.78143
18.91785
18.79452
18.92742
18.80503
18.94239
18.81504
18.95186
18.82699
18.96633
18.83897
18.97709
18.85247
18.9904
18.8645
19.0056
18.87319
19.0174
18.88398
19.02685
18.8963
19.04008
18.9076
19.052
18.9196
19.05961
18.93345
19.07204
18.94567
19.07872
18.96094
19.09133
18.97547
19.10264
18.99127
19.13967
19.00655
19.16002
19.0208
19.17741
19.03777
19.20029
19.05169
19.20833
19.06199
19.22543
19.078
19.24229
19.09406
19.25901
19.10805
19.2731
19.12334
19.29084
19.13659
19.30782
19.14879
19.3201
19.16757
19.3443
19.18259
19.35908
19.20099
19.37382
19.21602
19.3901
19.23084
19.40251
19.25156
19.41187
19.2679
19.4244
19.2849
19.43759
19.29895
19.4479
19.31296
19.46567
19.32771
19.476
19.34153
19.49358
19.35486
19.50222
19.37034
19.51544
19.3823
19.52762
19.40219
19.55286
19.41867
19.56913
19.44366
19.5831
19.45793
19.61587
19.47763
19.65589
19.50198
19.67564
19.52282
19.69219
19.53723
19.70859
19.56521
19.73148
19.58686
19.74402
19.61213
19.76918
19.63078
19.81265
19.65699
19.82891
19.67421
19.84214
19.70155
19.85503
19.71984
19.88263
19.73976
19.90766
19.76263
19.92603
19.78204
19.94073
19.8068
19.96556
19.82613
19.984
19.84312
19.99649
19.86352
20.01077
19.885
20.02553
19.89897
20.03832
19.91823
20.07089
19.93464
20.08399
19.95685
20.10349
19.97321
20.12092
19.99517
20.13368
20.01356
20.14395
20.02997
20.15994
20.04593
20.17436
20.06552
20.18679
20.08246
20.22826
20.09332
20.24074
20.1053
20.25516
20.11857
20.26543
20.13391
20.27962
20.14821
20.29055
20.16125
20.30736
20.17673
20.32038
20.19089
20.33799
20.21304
20.34973
20.2225
20.36331
20.24282
20.3765
20.26134
20.39109
20.27522
20.40656
20.29599
20.41983
20.31066
20.44222
20.33051
20.45541
20.34523
20.47028
20.36518
20.49323
20.3842
20.50272
20.40105
20.52269
20.41583
20.5356
20.43207
20.54333
20.44532
20.55194
20.45987
20.55758
20.47151
20.60421
20.48397
20.61145
20.49571
20.63631
20.51863
20.65209
20.52981
20.68679
20.5528
20.69539
20.57068
20.70787
20.59147
20.72094
20.60691
20.73429
20.6277
20.76534
20.64315
20.78304
20.65948
20.79428
20.67655
20.80874
20.69548
20.82047
20.71079
20.83578
20.7278
20.85755
20.74114
20.87526
20.75975
20.90174
20.78501
20.91879
20.80065
20.93739
20.82238
20.95749
20.84182
20.97276
20.8701
20.99054
20.88573
21.00591
20.90891
21.02511
20.92803
21.06363
20.94647
21.08031
20.95836
21.08959
20.97819
21.10283
20.99905
21.11682
21.01977
21.13233
21.03458
21.1469
21.04929
21.17625
21.07282
21.19251
21.09208
21.20646
21.11195
21.21599
21.13273
21.22896
21.14824
21.23599
21.16454
21.25074
21.18163
21.26474
21.20247
21.3333
21.22406
21.35835
21.24165
21.37995
21.25719
21.39619
21.27286
21.4113
21.29811
21.42802
21.31217
21.44043
21.33082
21.45308
21.3555
21.47478
21.37331
21.48879
21.39179
21.50744
21.40429
21.52006
21.41831
21.56364
21.43859
21.57772
21.45879
21.59554
21.48124
21.61108
21.50839
21.62636
21.53309
21.6376
21.55759
21.72414
21.58525
21.74553
21.60901
21.76032
21.63429
21.77503
21.66831
21.7907
21.68895
21.81124
21.7219
21.84238
21.74571
21.88901
21.76876
21.9082
21.78488
21.91915
21.80313
21.93987
21.82872
21.94878
21.85185
21.9726
21.87664
21.98663
21.89755
22.02001
21.92212
22.03481
21.93854
22.0641
21.96251
22.08699
21.98859
22.11776
22.0051
22.1538
22.03326
22.17013
22.05112
22.18487
22.07288
22.19895
22.08988
22.21515
22.10432
22.22605
22.12512
22.24082
22.14076
22.32402
22.16314
22.34406
22.18521
22.36087
22.20692
22.37238
22.22247
22.38565
22.24364
22.3996
22.26224
22.41584
22.27922
22.42892
22.29479
22.43999
22.30959
22.45629
22.32501
22.46801
22.33981
22.47833
22.35675
22.49454
22.37279
22.50784
22.3873
22.52268
22.40511
22.53666
22.41985
22.54795
22.43201
22.55877
22.44812
22.57122
22.46594
22.59001
22.48219
22.59799
22.49471
22.60824
22.50583
22.61998
22.52412
22.63182
22.53818
22.64711
22.55294
22.66298
22.5657
22.67912
22.57664
22.68622
22.59146
22.70084
22.60548
22.71254
22.62022
22.72263
22.63281
22.73207
22.64614
22.74572
22.66159
22.75747
22.67407
22.76921
22.68893
22.78125
22.7015
22.79366
22.71706
22.80321
22.73175
22.81862
22.74731
22.82631
22.76295
22.84676
22.78084
22.85982
22.8023
22.87312
22.81335
22.89016
22.82817
22.90576
22.84443
22.92499
22.85999
22.93901
22.8739
22.95265
22.89071
22.96136
22.9026
22.9832
22.92424
22.99663
22.93613
23.01699
22.95853
23.02786
22.96957
23.05129
22.98443
23.06454
23.0038
23.07551
23.02184
23.08569
23.04191
23.09905
23.06042
23.11676
23.08046
23.1277
23.09597
23.14694
23.10631
23.1603
23.12198
23.17707
23.1404
23.19943
23.1565
23.21419
23.16909
23.22681
23.18617
23.24381
23.20327
23.25643
23.21665
23.27173
23.23288
23.2954
23.24904
23.30845
23.26689
23.32099
23.28391
23.33711
23.29712
23.35345
23.30898
23.37414
23.32793
23.38594
23.34707
23.40133
23.3634
23.41442
23.37886
23.43144
23.38852
23.44156
23.40626
23.45708
23.4178
23.46791
23.42971
23.47817
23.43989
23.48981
23.4597
23.50153
23.46854
23.51107
23.48555
23.52432
23.50107
23.53527
23.51324
23.54402
23.52573
23.5558
23.53748
23.56599
23.54986
23.57301
23.55712
23.58039
23.56633
23.59237
23.5765
23.59994
23.59056
23.61748
23.60531
23.63913
23.6193
23.66291
23.63326
23.67329
23.64656
23.70354
23.66357
23.71549
23.68665
23.73247
23.70526
23.74126
23.7179
23.75293
23.73426
23.76174
23.74838
23.77244
23.76541
23.78168
23.77477
23.79048
23.7896
23.8686
23.80148
23.8787
23.81994
23.89746
23.83334
23.91704
23.84666
23.93031
23.86181
23.94924
23.87434
23.964
23.89417
23.97344
23.90851
23.99521
23.93016
24.00382
23.94621
24.00962
23.96693
24.03236
23.98314
24.03812
23.99573
24.05332
24.01418
24.06883
24.02243
24.07839
24.03805
24.09317
24.05354
24.11202
24.06611
24.19106
24.08558
24.19904
24.10569
24.20632
24.11821
24.21806
24.13935
24.22736
24.15949
24.23772
24.17429
24.25446
24.19
24.26408
24.20716
24.27587
24.22319
24.28769
24.23502
24.30153
24.25527
24.3186
24.27003
24.33268
24.28413
24.34518
24.29747
24.35995
24.30815
24.36875
24.31693
24.38047
24.32555
24.38831
24.33278
24.39626
24.3453
24.40273
24.35482
24.40912
24.36583
24.4186
24.37986
24.4274
24.39092
24.43768
24.40047
24.44935
24.41667
24.46247
24.43058
24.48268
24.44248
24.49853
24.45865
24.50582
24.46525
24.51588
24.48054
24.52542
24.4886
24.53489
24.50184
24.54136
24.51591
24.54769
24.52789
24.58887
24.54566
24.59988
24.55839
24.61011
24.57671
24.70305
24.59003
24.7117
24.60633
24.71958
24.62
24.72468
24.63557
24.73254
24.64721
24.73704
24.66028
24.74272
24.67403
24.75104
24.68273
24.75572
24.691
24.76581
24.69944
24.77468
24.70449
24.78257
24.71153
24.78907
24.71797
24.79727
24.72821
24.80185
24.73892
24.80984
24.74601
24.8156
24.75104
24.82798
24.75745
24.83263
24.76284
24.83884
24.76787
24.84821
24.77363
24.85822
24.78682
24.86545
24.79782
24.87513
24.80729
24.88413
24.81827
24.89584
24.82854
24.90303
24.83898
24.91104
24.8489
24.92194
24.85995
24.93059
24.874
24.94215
24.88838
24.94936
24.89846
24.95734
24.91403
24.9635
24.9288
24.96992
24.93902
24.97787
24.9476
24.98569
24.95866
25.04152
24.97023
25.04798
24.97971
25.05666
24.98914
25.06309
24.99874
25.07029
25.0053
25.07694
25.01703
25.08262
25.02653
25.08987
25.03455
25.09923
25.04457
25.10644
25.05259
25.11743
25.0626
25.12838
25.07104
25.13486
25.07974
25.14362
25.09006
25.15542
25.101
25.16563
25.10819
25.17433
25.11849
25.18089
25.12426
25.18817
25.13214
25.1976
25.14314
25.20331
25.15316
25.21187
25.15895
25.21655
25.16591
25.22373
25.17311
25.22884
25.1803
25.23677
25.19124
25.24309
25.19631
25.24778
25.20266
25.255
25.20823
25.2601
25.21327
25.26715
25.22565
25.27268
25.2352
25.27733
25.24764
25.28666
25.25495
25.29465
25.26309
25.30261
25.26885
25.30977
25.27754
25.32306
25.28267
25.33482
25.29065
25.34682
25.29796
25.35463
25.30883
25.3612
25.31752
25.37128
25.33736
25.38
25.3513
25.3888
25.36088
25.39767
25.37099
25.41289
25.38132
25.46031
25.39401
25.4673
25.40738
25.47678
25.42302
25.48551
25.4354
25.49129
25.44419
25.49755
25.45143
25.50553
25.46552
25.51795
25.47286
25.52275
25.48175
25.53054
25.4963
25.53685
25.50516
25.54632
25.51824
25.55352
25.52633
25.56071
25.5379
25.60847
25.54677
25.61645
25.56007
25.62804
25.56873
25.64201
25.58208
25.65147
25.59603
25.65953
25.60994
25.66902
25.6195
25.67784
25.63435
25.69044
25.64996
25.70524
25.66557
25.71931
25.67885
25.73466
25.68837
25.74496
25.70297
25.75728
25.71325
25.76668
25.72273
25.77695
25.7337
25.78718
25.74022
25.79519
25.74903
25.80842
25.76078
25.81717
25.7731
25.82582
25.78441
25.83385
25.804
25.84417
25.81342
25.85804
25.82143
25.86756
25.83314
25.87789
25.8416
25.89118
25.85332
25.90222
25.8629
25.92076
25.87537
25.93486
25.88634
25.94719
25.89567
25.95526
25.90287
25.96548
25.90996
25.97488
25.91862
25.98131
25.92509
25.98767
25.93151
25.99556
25.937
26.00207
25.94416
26.01072
25.95061
26.01617
25.95861
26.02954
25.96878
26.03804
25.97662
26.0476
25.98381
26.05666
25.99684
26.06772
26.00529
26.07419
26.01394
26.08181
26.02036
26.09242
26.02754
26.1002
26.0322
26.11292
26.03934
26.11867
26.0458
26.12781
26.05524
26.13607
26.06035
26.1414
26.06902
26.14663
26.07546
26.15146
26.08269
26.161
26.09057
26.169
26.10004
26.17774
26.10957
26.18594
26.12123
26.20065
26.12929
26.21003
26.14061
26.21955
26.1506
26.22912
26.16163
26.23865
26.16967
26.24746
26.17927
26.25773
26.19039
26.26366
26.20126
26.27618
26.21021
26.29428
26.22448
26.3001
26.23668
26.31446
26.25198
26.32471
26.2661
26.34145
26.28237
26.35168
26.29482
26.35753
26.30827
26.37209
26.32269
26.3778
26.3376
26.38583
26.35014
26.41292
26.36755
26.43099
26.38156
26.44748
26.39423
26.45561
26.40396
26.46584
26.41786
26.47105
26.42812
26.48112
26.43758
26.48922
26.44783
26.49724
26.45599
26.50379
26.46333
26.51477
26.46995
26.52201
26.47666
26.53075
26.48478
26.53769
26.49154
26.55631
26.50275
26.56363
26.51529
26.57321
26.52022
26.58422
26.53511
26.59159
26.54015
26.60255
26.5574
26.60991
26.57166
26.62241
26.58743
26.63106
26.60231
26.63809
26.61556
26.64596
26.62951
26.65468
26.63766
26.65993
26.64729
26.66943
26.65631
26.68518
26.67051
26.70625
26.6817
26.73483
26.69213
26.74067
26.69883
26.74845
26.70849
26.7549
26.71816
26.76371
26.72855
26.77164
26.73954
26.78053
26.75125
26.7931
26.75937
26.80046
26.7698
26.81081
26.78178
26.82035
26.79452
26.82835
26.80573
26.8336
26.81681
26.84318
26.82877
26.85262
26.83695
26.86077
26.8459
26.87171
26.85418
26.88054
26.86538
26.88943
26.87571
26.89829
26.8869
26.90853
26.89576
26.91885
26.90614
26.98267
26.91664
26.99079
26.93017
27.00019
26.94667
27.01115
26.96076
27.02156
26.97498
27.03257
26.98635
27.04338
27.00504
27.0552
27.01771
27.06182
27.03275
27.07275
27.047
27.08376
27.06134
27.09168
27.08002
27.10345
27.09124
27.11157
27.10096
27.12483
27.11275
27.13135
27.12322
27.13711
27.1328
27.14355
27.13954
27.16185
27.15149
27.17992
27.16268
27.1931
27.17092
27.20628
27.18211
27.21928
27.19312
27.22447
27.19979
27.25337
27.20553
27.25908
27.21504
27.26485
27.22402
27.27136
27.23137
27.27713
27.23812
27.28342
27.24632
27.29071
27.25376
27.29634
27.26116
27.30288
27.26942
27.30853
27.27839
27.31513
27.28419
27.3255
27.29001
27.33499
27.29605
27.34143
27.30505
27.35022
27.31325
27.3561
27.32291
27.36348
27.33196
27.37454
27.34159
27.38184
27.34834
27.38765
27.35516
27.40574
27.36197
27.41301
27.37172
27.41821
27.37918
27.42469
27.38463
27.43201
27.39365
27.44005
27.40033
27.44588
27.40579
27.45391
27.41554
27.45923
27.42163
27.46962
27.42984
27.48213
27.43946
27.48686
27.44548
27.49265
27.45155
27.49751
27.46041
27.50631
27.47004
27.51115
27.47663
27.51924
27.48775
27.52662
27.49433
27.53313
27.50155
27.53796
27.50746
27.54675
27.5165
27.55202
27.52556
27.56159
27.5344
27.56811
27.54469
27.57471
27.55284
27.58426
27.55968
27.59097
27.56794
27.60503
27.57447
27.61387
27.57947
27.63229
27.58621
27.63749
27.59215
27.6448
27.59878
27.6536
27.60623
27.66169
27.61599
27.66821
27.62651
27.67396
27.63393
27.67911
27.64141
27.68386
27.6468
27.69046
27.65347
27.69969
27.66102
27.7077
27.66695
27.71343
27.67431
27.71813
27.68253
27.72293
27.6885
27.7281
27.69337
27.736
27.69857
27.74076
27.70521
27.74726
27.71181
27.75243
27.71715
27.75976
27.72254
27.76705
27.72921
27.77409
27.73413
27.77971
27.73951
27.7861
27.74676
27.79129
27.75505
27.79604
27.76158
27.80255
27.76808
27.81115
27.77347
27.81771
27.78171
27.82498
27.78921
27.83874
27.79592
27.84343
27.8019
27.84816
27.80858
27.8534
27.81351
27.86515
27.81883
27.87092
27.82422
27.87609
27.83092
27.88258
27.83686
27.8873
27.8428
27.89364
27.84815
27.89835
27.85563
27.90299
27.86156
27.90763
27.86655
27.91283
27.87626
27.92082
27.88411
27.92561
27.88913
27.93207
27.89577
27.93858
27.9017
27.94433
27.90849
27.94905
27.91811
27.95377
27.9249
27.95898
27.9331
27.96399
27.93803
27.9705
27.94628
27.97625
27.95288
27.98207
27.95879
27.98921
27.96416
27.99631
27.9691
28.00438
27.97411
28.01083
27.97988
28.01604
27.98527
28.02267
27.99031
28.02818
27.99706
28.03339
28.00244
28.03975
28.00788
28.04704
28.01467
28.05185
28.02295
28.05846
28.029
28.06651
28.03647
28.07304
28.04547
28.07781
28.05144
28.0836
28.05752
28.08946
28.06578
28.09471
28.07311
28.10577
28.07912
28.11535
28.08503
28.12715
28.0905
28.13446
28.09864
28.14182
28.10464
28.1521
28.11064
28.15734
28.11601
28.16463
28.1221
28.1694
28.13037
28.17892
28.13861
28.18369
28.14541
28.18855
28.15517
28.19437
28.16013
28.20016
28.16914
28.20495
28.17518
28.21134
28.18118
28.21651
28.18639
28.22126
28.19129
28.22599
28.19669
28.23069
28.20274
28.23584
28.21027
28.25253
28.21858
28.25838
28.22764
28.2657
28.23426
28.27296
28.24002
28.27815
28.24546
28.28392
28.25448
28.28876
28.25941
28.29533
28.26434
28.30336
28.27091
28.30921
28.27634
28.31651
28.2824
28.32186
28.29054
28.33289
28.29736
28.33769
28.30637
28.34429
28.31296
28.35155
28.31897
28.35685
28.32405
28.36544
28.33307
28.37262
28.34209
28.37918
28.34889
28.38577
28.3565
28.39229
28.36551
28.39812
28.37052
28.40548
28.37661
28.44464
28.38542
28.45403
28.39522
28.45871
28.40196
28.46386
28.41167
28.46865
28.42147
28.47593
28.42797
28.48251
28.43534
28.48985
28.44488
28.49637
28.45024
28.50155
28.45568
28.50669
28.46242
28.51139
28.46913
28.51655
28.47511
28.52122
28.48043
28.52607
28.48541
28.53187
28.49223
28.53709
28.50269
28.54416
28.50869
28.54934
28.51541
28.55411
28.52037
28.55935
28.53023
28.5745
28.53567
28.57925
28.54539
28.58398
28.55041
28.58886
28.55873
28.59543
28.56771
28.60271
28.57369
28.60796
28.57969
28.61742
28.58717
28.62221
28.59324
28.63022
28.60066
28.63743
28.60737
28.64395
28.61485
28.65033
28.62308
28.65511
28.62968
28.66053
28.63692
28.66524
28.64181
28.67038
28.64709
28.67599
28.6524
28.68111
28.65815
28.68595
28.66297
28.69504
28.6678
28.70089
28.67264
28.70591
28.67752
28.7156
28.68418
28.72089
28.68924
28.72615
28.69825
28.73273
28.70654
28.73759
28.71473
28.76466
28.72135
28.77376
28.72808
28.78126
28.73635
28.78675
28.74181
28.79391
28.74844
28.80438
28.75459
28.80938
28.76115
28.81463
28.76627
28.8203
28.77603
28.8273
28.78111
28.83349
28.78721
28.8403
28.79482
28.84556
28.80165
28.85406
28.80845
28.85987
28.81517
28.86463
28.82569
28.87048
28.83078
28.87571
28.83828
28.88155
28.84883
28.88725
28.85711
28.89261
28.8622
28.90222
28.86975
28.90961
28.87663
28.91903
28.88945
28.92722
28.89543
28.93535
28.9032
28.94419
28.9116
28.95304
28.91921
28.96113
28.92598
28.96695
28.93162
28.97424
28.93862
28.98003
28.94563
28.98527
28.95194
28.99487
28.95967
29.00273
28.96606
29.00797
28.97474
29.01679
28.98358
29.02339
28.9946
29.02929
29.00224
29.03957
29.00839
29.04817
29.01967
29.05629
29.02526
29.06212
29.03243
29.06692
29.03896
29.07213
29.04754
29.0774
29.05441
29.08551
29.06199
29.09214
29.06789
29.09809
29.07335
29.10919
29.07941
29.11941
29.08548
29.12834
29.09152
29.13711
29.10047
29.14198
29.10805
29.15009
29.11485
29.15748
29.12176
29.16478
29.1301
29.1695
29.13903
29.1743
29.14587
29.18007
29.15413
29.18742
29.16026
29.19478
29.17067
29.19958
29.17904
29.20438
29.18748
29.21023
29.19648
29.21679
29.20154
29.24396
29.20975
29.24914
29.21579
29.25391
29.22192
29.25866
29.22734
29.26345
29.23282
29.26923
29.2402
29.27396
29.24623
29.28125
29.25129
29.28606
29.25862
29.29117
29.26363
29.29846
29.26862
29.30434
29.27619
29.31096
29.2828
29.31685
29.2879
29.32428
29.2934
29.33086
29.30104
29.33826
29.30862
29.34559
29.31473
29.35044
29.32088
29.35707
29.32761
29.36292
29.33742
29.36818
29.34245
29.37555
29.34753
29.38287
29.35442
29.38763
29.36196
29.39426
29.36696
29.39902
29.3738
29.4056
29.38364
29.41296
29.39121
29.41952
29.39628
29.42428
29.40297
29.42909
29.40895
29.43435
29.41784
29.4416
29.4229
29.45094
29.4312
29.45826
29.43665
29.46557
29.44273
29.47039
29.44945
29.47694
29.45494
29.48173
29.46036
29.48651
29.46544
29.49159
29.4736
29.49677
29.47866
29.50146
29.48517
29.50615
29.49022
29.51085
29.49911
29.5156
29.50739
29.5204
29.51244
29.52566
29.51911
29.53087
29.52417
29.53662
29.52922
29.59091
29.53599
29.59558
29.54276
29.60036
29.54775
29.60548
29.55275
29.6102
29.55766
29.61487
29.5627
29.61953
29.5677
29.62424
29.57265
29.62893
29.57807
29.63411
29.583
29.63888
29.58802
29.64359
29.59344
29.64832
29.59843
29.65352
29.60347
29.65834
29.60895
29.66315
29.61572
29.66799
29.62073
29.67285
29.62685
29.67944
29.63422
29.68467
29.64328
29.68951
29.65148
29.6943
29.6565
29.69914
29.66146
29.70438
29.66695
29.70924
29.67373
29.71663
29.6792
29.72474
29.6845
29.72945
29.69065
29.73429
29.69818
29.73908
29.70367
29.7439
29.71123
29.74863
29.71638
29.75336
29.72916
29.7582
29.73428
29.763
29.74175
29.76773
29.7493
29.77252
29.75434
29.77728
29.76047
29.78309
29.76954
29.78784
29.77555
29.79378
29.78056
29.80094
29.78558
29.80572
29.79055
29.81093
29.79552
29.81573
29.80051
29.82058
29.80558
29.82793
29.8116
29.83268
29.82143
29.83847
29.82637
29.84637
29.83137
29.85112
29.83894
29.85684
29.84507
29.86417
29.85416
29.86899
29.86021
29.87425
29.86518
29.88009
29.87068
29.88593
29.87824
29.89083
29.88334
29.89793
29.89159
29.90268
29.89766
29.9079
29.90318
29.91273
29.9115
29.91852
29.91698
29.92338
29.92307
29.92813
29.92811
29.97427
29.93314
29.99381
29.93811
29.99863
29.9442
30.00447
29.95024
30.01032
29.9553
30.01555
29.96205
30.02083
29.96966
30.02794
29.97788
30.03268
29.98334
30.03749
29.98887
30.04221
29.99391
30.04707
29.9989
30.05265
30.00573
30.05757
30.01169
30.0628
30.01664
30.06761
30.02164
30.0724
30.02672
30.07721
30.03279
30.08197
30.03781
30.08672
30.04276
30.092
30.04781
30.09854
30.05286
30.10334
30.0589
30.10817
30.06568
30.11471
30.07113
30.1195
30.07715
30.12535
30.08219
30.13193
30.08878
30.13776
30.09402
30.14352
30.09943
30.14825
30.10487
30.15483
30.11159
30.15958
30.1165
30.16434
30.12195
30.16905
30.1269
30.17424
30.13424
30.17898
30.13921
30.18476
30.14421
30.18955
30.15015
30.1951
30.15621
30.19993
30.16163
30.20575
30.16666
30.21095
30.17491
30.21571
30.17983
30.22046
30.18489
30.22706
30.19241
30.23189
30.19995
30.23711
30.20541
30.24194
30.21124
30.24716
30.21621
30.25195
30.22174
30.25857
30.22784
30.26334
30.23534
30.26861
30.24031
30.2745
30.24579
30.2811
30.25188
30.28584
30.25797
30.29075
30.26466
30.2956
30.26973
30.30084
30.2752
30.3056
30.28069
30.31045
30.28763
30.31528
30.29581
30.32015
30.30079
30.3249
30.30585
30.33017
30.31192
30.33543
30.31687
30.34026
30.32205
30.34518
30.33043
30.35333
30.34
30.35999
30.34545
30.36526
30.35054
30.37052
30.35814
30.37539
30.36322
30.38127
30.3708
30.38654
30.37761
30.39184
30.38262
30.39663
30.38777
30.40256
30.39461
30.41147
30.40144
30.41881
30.40692
30.42365
30.41376
30.43331
30.42047
30.43818
30.42734
30.443
30.43482
30.44777
30.44368
30.45255
30.45176
30.45783
30.45785
30.46259
30.46333
30.46733
30.4709
30.47212
30.47698
30.4769
30.48383
30.4822
30.49292
30.4895
30.49897
30.49479
30.50424
30.50195
30.5097
30.50857
30.51641
30.5134
30.52155
30.5182
30.52906
30.52308
30.53414
30.52829
30.54216
30.53313
30.54717
30.539
30.55554
30.54423
30.5631
30.54905
30.56907
30.55719
30.57572
30.56244
30.5808
30.56728
30.58744
30.57252
30.59247
30.57727
30.59752
30.58212
30.60299
30.62555
30.60841
30.63539
30.61338
30.64064
30.61947
30.6455
30.62537
30.65216
30.63037
30.65957
30.63794
30.66482
30.644
30.66963
30.64948
30.677
30.65616
30.68229
30.66121
30.68904
30.66726
30.69792
30.67405
30.70456
30.68007
30.71045
30.68549
30.71704
30.69092
30.72369
30.69585
30.72857
30.70127
30.73585
30.70728
30.74319
30.71612
30.74793
30.72121
30.75267
30.72726
30.75759
30.73402
30.7657
30.73903
30.77143
30.74444
30.77804
30.74949
30.78365
30.755
30.78856
30.76099
30.79384
30.76707
30.80121
30.7739
30.80649
30.78067
30.81312
30.78681
30.81956
30.79665
30.82442
30.80214
30.82924
30.80952
30.83399
30.81461
30.83883
30.82289
30.84408
30.83046
30.84892
30.83594
30.85415
30.84279
30.85897
30.84958
30.86371
30.85465
30.86858
30.86151
30.87366
30.87057
30.8784
30.87609
30.88327
30.88503
30.88858
30.89017
30.89338
30.89844
30.89978
30.90454
30.90511
30.9112
30.91391
30.9188
30.91916
30.92564
30.92401
30.93067
30.92886
30.93575
30.93373
30.94307
30.93902
30.94908
30.94488
30.95418
30.94966
30.95923
30.955
30.96469
30.96025
30.97017
30.96512
30.97687
30.97097
30.98194
30.97585
30.98885
30.98169
30.99568
30.98652
31.00181
30.99241
31.01083
30.9973
31.01583
31.00394
31.02133
31.00927
31.02637
31.01813
31.03538
31.02304
31.04043
31.02784
31.04552
31.03309
31.05305
31.03788
31.06144
31.04317
31.07045
31.04905
31.07551
31.05396
31.081
31.06141
31.08791
31.06809
31.09382
31.07622
31.0988
31.08152
31.10426
31.08821
31.10928
31.09314
31.11603
31.10201
31.12217
31.10687
31.12724
31.11216
31.13336
31.11863
31.14092
31.12395
31.14604
31.12982
31.15441
31.13466
31.15936
31.13948
31.16439
31.14762
31.16944
31.15346
31.17553
31.15921
31.18239
31.16665
31.18917
31.17626
31.19601
31.18114
31.20206
31.18775
31.20966
31.19588
31.21718
31.20179
31.22333
31.20817
31.2309
31.21554
31.23772
31.22149
31.24378
31.22964
31.24883
31.23619
31.25436
31.24105
31.25983
31.24632
31.26528
31.25217
31.27025
31.25743
31.27571
31.26229
31.28119
31.26754
31.28736
31.27235
31.29646
31.27721
31.30242
31.28381
31.30892
31.28872
31.31398
31.29533
31.31903
31.30061
31.32436
31.30869
31.32944
31.31346
31.33687
31.32005
31.34443
31.32492
31.34989
31.33079
31.35503
31.33663
31.3626
31.34149
31.36867
31.36467
31.37417
31.37413
31.3817
31.37937
31.38927
31.38525
31.39432
31.39264
31.39975
31.39788
31.40482
31.40314
31.41035
31.409
31.42096
31.41425
31.4264
31.41949
31.43138
31.42436
31.43742
31.42961
31.4425
31.43488
31.44853
31.4415
31.45404
31.4474
31.45937
31.45551
31.46483
31.46034
31.46985
31.46559
31.47482
31.47083
31.4799
31.47564
31.48669
31.48049
31.4922
31.48572
31.49722
31.49052
31.50472
31.49529
31.50977
31.50036
31.51484
31.50546
31.52097
31.51127
31.52928
31.51611
31.53433
31.5228
31.53977
31.52805
31.54475
31.53332
31.5502
31.53913
31.5553
31.54437
31.56035
31.54921
31.56713
31.55401
31.57204
31.55881
31.57711
31.56686
31.58395
31.57164
31.59304
31.57748
31.59987
31.58224
31.60963
31.58749
31.61508
31.59277
31.62265
31.59751
31.62866
31.60229
31.63409
31.60894
31.64005
31.61702
31.64895
31.6219
31.65392
31.62667
31.65939
31.63322
31.66541
31.64101
31.67516
31.64584
31.68111
31.65105
31.68851
31.65589
31.69451
31.66172
31.6999
31.66659
31.70595
31.67467
31.71488
31.67951
31.71989
31.68592
31.72729
31.69184
31.73268
31.69921
31.73864
31.70639
31.74362
31.71112
31.74962
31.71636
31.75465
31.72117
31.76007
31.72646
31.76827
31.73128
31.77328
31.73704
31.77979
31.74503
31.7864
31.75025
31.7925
31.75509
31.79985
31.75993
31.80474
31.76516
31.80973
31.76996
31.81569
31.77468
31.82113
31.77949
31.82602
31.78432
31.83098
31.78923
31.83997
31.79448
31.84541
31.80024
31.85345
31.80549
31.85896
31.81139
31.86546
31.81873
31.87294
31.82458
31.8779
31.82948
31.88466
31.83831
31.8897
31.84307
31.89472
31.84828
31.90076
31.85307
31.90582
31.86043
31.91411
31.86529
31.91954
31.8719
31.92507
31.87777
31.93264
31.88366
31.94023
31.89103
31.94777
31.89586
31.95377
31.90173
31.9599
31.90759
31.96491
31.91347
31.96986
31.9213
31.97492
31.92615
31.98174
31.93352
31.98726
31.94009
31.99563
31.9449
32.00377
31.95297
32.01059
31.95788
32.01572
31.96272
32.02476
31.96759
32.02984
31.97502
32.03597
31.98316
32.04277
31.98912
32.04784
31.99443
32.05342
31.9994
32.06269
32.00482
32.07241
32.01083
32.07758
32.01617
32.0839
32.0211
32.09092
32.02716
32.09607
32.0322
32.10175
32.03836
32.10747
32.04673
32.11392
32.0528
32.12346
32.05831
32.13216
32.0643
32.14087
32.06933
32.14861
32.07476
32.15582
32.07977
32.16171
32.08484
32.16971
32.09043
32.17698
32.09642
32.18328
32.10148
32.18968
32.10656
32.19533
32.11197
32.20259
32.11808
32.20876
32.12321
32.21472
32.1284
32.22435
32.13405
32.23055
32.14092
32.23902
32.14582
32.24521
32.15099
32.25084
32.15728
32.25771
32.1657
32.26276
32.17208
32.26791
32.17947
32.2731
32.18446
32.27824
32.19116
32.28333
32.19603
32.28854
32.20089
32.2936
32.20574
32.29879
32.21317
32.30394
32.21977
32.3091
32.22573
32.31427
32.23168
32.3203
32.23988
32.32591
32.24879
32.33114
32.25616
32.33624
32.26345
32.34317
32.27084
32.34935
32.27671
32.35495
32.28158
32.36014
32.28827
32.36917
32.2942
32.37608
32.3038
32.38359
32.30965
32.39067
32.31467
32.39976
32.32505
32.40659
32.3309
32.41339
32.33685
32.41941
32.34874
32.45744
32.3592
32.47324
32.37267
32.48129
32.38683
32.4889
32.42547
32.49794
32.46563
32.50454
32.4834
32.5114
32.49433
32.51796
32.50306
32.5231
32.5111
32.52923
32.51585
32.53473
32.52172
32.53977
32.5298
32.55037
32.53505
32.55546
32.54163
32.56055
32.54641
32.56557
32.55122
32.57064
32.55605
32.57676
32.5609
32.58187
32.56566
32.58696
32.5705
32.59208
32.57532
32.59725
32.58015
32.60248
32.58497
32.6076
32.5899
32.6128
32.59719
32.61797
32.60202
32.62322
32.60677
32.6283
32.61149
32.63333
32.61634
32.63847
32.62162
32.64454
32.62638
32.64955
32.63165
32.65469
32.63749
32.66025
32.64223
32.66577
32.64697
32.67084
32.65179
32.67595
32.66132
32.68111
32.66615
32.68629
32.67104
32.69137
32.67592
32.69659
32.68081
32.70185
32.68562
32.70713
32.69056
32.71239
32.6963
32.71758
32.70115
32.72284
32.70591
32.72815
32.7108
32.73351
32.71571
32.73879
32.72098
32.74454
32.72592
32.74995
32.73083
32.75635
32.73576
32.76175
32.74067
32.76711
32.74563
32.77249
32.75053
32.77784
32.75555
32.78315
32.76046
32.78854
32.76524
32.79385
32.77005
32.79917
32.78455
32.80451
32.78957
32.80988
32.79455
32.81525
32.79951
32.82071
32.80446
32.82622
32.8095
32.83169
32.81959
32.83718
32.82467
32.8427
32.82976
32.84824
32.83493
32.85386
32.83998
32.85956
32.84511
32.86522
32.8502
32.8709
32.85538
32.87649
32.86051
32.88213
32.86568
32.88783
32.8709
32.89347
32.87596
32.89907
32.8812
32.90474
32.88639
32.91033
32.89161
32.91604
32.89688
32.92178
32.90212
32.92744
32.90736
32.93316
32.91267
32.93902
32.9179
32.94482
32.92324
32.95067
32.9286
32.95671
32.93927
32.96261
32.94981
32.96847
32.95504
32.97437
32.96007
32.98002
32.96516
32.98571
32.97029
32.99135
32.97546
32.99693
32.98056
33.0025
32.98569
33.0081
32.9908
33.01372
32.99592
33.01925
33.00102
33.02492
33.0112
33.03052
33.01625
33.03616
33.02125
33.04183
33.02631
33.04743
33.03635
33.05302
33.04147
33.05865
33.04656
33.06417
33.05167
33.06973
33.0568
33.07518
33.06192
33.08075
33.06697
33.0863
33.07215
33.09191
33.07724
33.09749
33.08244
33.10302
33.08754
33.10875
33.09259
33.11425
33.09769
33.11993
33.10271
33.12558
33.10782
33.1312
33.11301
33.13667
33.11825
33.14266
33.12358
33.14843
33.12882
33.15416
33.134
33.15984
33.13932
33.16559
33.14453
33.1712
33.1498
33.17686
33.15529
33.18251
33.16059
33.18816
33.16593
33.19367
33.17124
33.19945
33.17646
33.20504
33.18166
33.21081
33.18689
33.21641
33.19217
33.22227
33.19746
33.22799
33.21331
33.23362
33.21857
33.23939
33.22402
33.2451
33.22923
33.25086
33.23473
33.25661
33.23998
33.2624
33.24529
33.26796
33.25061
33.27392
33.25597
33.27946
33.26122
33.28511
33.26659
33.29084
33.27194
33.29673
33.27713
33.30233
33.28244
33.30798
33.28765
33.31349
33.29622
33.3192
33.3015
33.32478
33.30682
33.33034
33.31222
33.33601
33.31754
33.34146
33.32285
33.34706
33.32824
33.35267
33.33359
33.35834
33.33886
33.36395
33.34419
33.36963
33.34985
33.37531
33.35532
33.38119
33.36107
33.38683
33.36666
33.39268
33.37233
33.3983
33.37799
33.40403
33.38368
33.40965
33.38934
33.41515
33.39498
33.4207
33.40051
33.42614
33.40601
33.43166
33.41167
33.43704
33.41706
33.44247
33.42801
33.44788
33.43338
33.45323
33.4386
33.45862
33.44407
33.46417
33.44931
33.46966
33.45468
33.47509
33.46002
33.48071
33.46528
33.48631
33.47058
33.49197
33.47602
33.49773
33.48135
33.50325
33.48678
33.50902
33.49206
33.51471
33.49758
33.52042
33.50297
33.52614
33.50826
33.53181
33.51354
33.53743
33.51886
33.54307
33.52435
33.54878
33.52974
33.5544
33.53504
33.56011
33.54046
33.56583
33.54578
33.57142
33.55115
33.57702
33.5564
33.58284
33.58875
33.59328
33.59423
33.59895
33.59949
33.60462
33.60492
33.61029
33.61066
33.61603
33.61606
33.62195
33.62183
33.62776
33.62741
33.63378
33.633
33.63964
33.63895
33.6457
33.64459
33.65195
33.6505
33.65826
33.65672
33.6645
33.66263
33.67049
33.66862
33.67648
33.67425
33.68256
33.67996
33.68876
33.68565
33.69481
33.69128
33.7007
33.69701
33.70663
33.70252
33.71248
33.70795
33.71816
33.71363
33.72413
33.71916
33.72993
33.72464
33.73582
33.7303
33.7416
33.73586
33.74745
33.74139
33.75309
33.74701
33.75902
33.75269
33.76479
33.75828
33.77055
33.76394
33.77633
33.7696
33.78201
33.7754
33.78768
33.78108
33.79345
33.7868
33.79914
33.79264
33.80479
33.79828
33.81044
33.80394
33.81611
33.8097
33.82155
33.8152
33.82745
33.82096
33.83297
33.82662
33.83883
33.83219
33.84444
33.83775
33.85005
33.84327
33.85566
33.84874
33.86146
33.85402
33.8668
33.85948
33.87192
33.86467
33.87694
33.86972
33.88202
33.87473
33.88696
33.87976
33.89173
33.88471
33.8966
33.88978
33.90155
33.89478
33.9065
33.89964
33.91134
33.90458
33.91617
33.90945
33.92116
33.91488
33.92589
33.91978
33.93132
33.92494
33.93658
33.93025
33.94157
33.93536
33.94691
33.94061
33.95229
33.94592
33.95773
33.95127
33.96323
33.95676
33.96862
33.96212
33.97411
33.96746
33.97965
33.97287
33.98502
33.97839
33.9906
33.98357
33.99611
33.98896
34.00162
33.99425
34.00724
33.99958
34.01282
34.00481
34.01825
34.00995
34.02394
34.015
34.02946
34.02016
34.03513
34.02532
34.04054
34.03036
34.04601
34.03555
34.05166
34.04071
34.05729
34.04599
34.06264
34.05111
34.06802
34.05614
34.07347
34.06108
34.07922
34.06608
34.08471
34.07104
34.09016
34.07617
34.0955
34.08109
34.10082
34.08604
34.10614
34.09123
34.11158
34.09613
34.1171
34.10123
34.12232
34.10657
34.12767
34.11179
34.13337
34.11674
34.13874
34.1218
34.14416
34.12698
34.14961
34.13229
34.15509
34.13753
34.16047
34.14274
34.16586
34.1478
34.1712
34.15311
34.17662
34.15839
34.18211
34.16375
34.18745
34.16894
34.19281
34.17444
34.19828
34.17965
34.20362
34.18505
34.20895
34.19044
34.21438
34.19582
34.21973
34.20117
34.22522
34.20655
34.23063
34.21178
34.23617
34.21719
34.24163
34.22269
34.24714
34.22805
34.25261
34.23354
34.25836
34.23891
34.2637
34.24424
34.26929
34.24979
34.27486
34.25529
34.28044
34.26087
34.28588
34.26614
34.29153
34.2717
34.29699
34.27698
34.30279
34.28236
34.3083
34.28767
34.31419
34.2932
34.31977
34.29855
34.32579
34.30386
34.33152
34.30943
34.33724
34.31478
34.34302
34.3202
34.34888
34.32563
34.35468
34.33114
34.36036
34.33648
34.36628
34.37391
34.37193
34.37941
34.37777
34.38473
34.38364
34.39014
34.3895
34.39544
34.39544
34.40096
34.40128
34.40628
34.40733
34.41176
34.41326
34.41738
34.41919
34.42288
34.42516
34.42838
34.4313
34.43406
34.43727
34.43971
34.44322
34.44523
34.4492
34.45068
34.45523
34.45622
34.46124
34.46188
34.46711
34.46719
34.47302
34.47283
34.47917
34.47825
34.48499
34.48367
34.49092
34.48908
34.49695
34.49446
34.50275
34.49988
34.50874
34.50514
34.51462
34.51054
34.52064
34.51602
34.52659
34.52147
34.53255
34.52704
34.53846
34.53262
34.54443
34.53833
34.55043
34.54387
34.55634
34.54965
34.56187
34.55534
34.56789
34.561
34.57351
34.56666
34.57914
34.57238
34.58491
34.57795
34.59044
34.58381
34.596
34.58961
34.6017
34.59563
34.60722
34.60142
34.61274
34.60738
34.61844
34.6133
34.62401
34.61934
34.62956
34.62536
34.63515
34.63143
34.6407
34.63729
34.6464
34.64303
34.652
34.64877
34.6577
34.65467
34.66339
34.66058
34.6691
34.66631
34.67485
34.67229
34.68072
34.67799
34.68638
34.68381
34.69217
34.68971
34.69804
34.69535
34.70383
34.70128
34.7095
34.70729
34.71561
34.71288
34.72139
34.71887
34.72723
34.72462
34.73321
34.73052
34.73901
34.73626
34.74477
34.74184
34.75079
34.7475
34.75673
34.75331
34.76234
34.75906
34.76826
34.76474
34.77395
34.77032
34.78003
34.77593
34.78593
34.78148
34.79178
34.78716
34.79774
34.79275
34.80354
34.79843
34.80968
34.80412
34.81564
34.80989
34.82171
34.81553
34.8278
34.82138
34.83418
34.82734
34.84027
34.83314
34.84652
34.83895
34.85256
34.84494
34.8591
34.8508
34.86547
34.85667
34.87158
34.86267
34.87778
34.86851
34.88395
34.87445
34.89025
34.88
34.89632
34.88576
34.90259
34.89185
34.90859
34.89731
34.91457
34.903
34.92041
34.9085
34.92654
34.91409
34.93235
34.91986
34.93828
34.92545
34.94409
34.93094
34.94991
34.93653
34.95593
34.94208
34.96158
34.94767
34.96743
34.95312
34.97311
34.95857
34.979
34.96405
34.98475
34.9698
34.99053
34.97529
34.99632
34.98086
35.00225
34.9865
35.00817
34.99197
35.01392
34.99754
35.01989
35.00301
35.02581
35.00871
35.0317
35.01414
35.03758
35.01985
35.04335
35.02525
35.04926
35.03077
35.05518
35.03637
35.06109
35.04181
35.06681
35.04745
35.07293
35.05297
35.07878
35.0585
35.08454
35.06394
35.09038
35.06958
35.0961
35.07515
35.10196
35.08075
35.10771
35.0863
35.11342
35.09187
35.11943
35.09744
35.12523
35.10294
35.13101
35.10851
35.13682
35.11407
35.1426
35.11958
35.14855
35.12505
35.15438
35.13045
35.16042
35.13593
35.16628
35.14148
35.17258
35.147
35.1785
35.15237
35.18459
35.15783
35.19061
35.2076
35.1965
35.22415
35.20251
35.22972
35.20839
35.23508
35.21428
35.24051
35.22025
35.24587
35.22624
35.25136
35.23212
35.25677
35.23798
35.26222
35.24393
35.26768
35.24987
35.27317
35.25565
35.27868
35.26149
35.28421
35.26743
35.28981
35.27317
35.29518
35.27901
35.30058
35.28493
35.30597
35.29089
35.31155
35.29667
35.31701
35.30264
35.32293
35.30838
35.32832
35.31432
35.33395
35.32029
35.33934
35.32643
35.34505
35.33221
35.3505
35.33797
35.35616
35.34389
35.36161
35.34967
35.36702
35.35559
35.37247
35.36151
35.37805
35.36718
35.38341
35.37306
35.38896
35.37883
35.39444
35.38467
35.39982
35.39052
35.40556
35.39615
35.41098
35.4019
35.41635
35.40759
35.42181
35.41344
35.42724
35.41903
35.4328
35.42484
35.43819
35.43047
35.44377
35.43621
35.44909
35.44181
35.45455
35.44754
35.46008
35.45314
35.46546
35.45876
35.47104
35.46433
35.47635
35.46995
35.48181
35.47554
35.48737
35.48111
35.49292
35.48675
35.49837
35.49233
35.50382
35.49782
35.50922
35.50326
35.51472
35.50877
35.52007
35.51424
35.52555
35.51974
35.53094
35.52522
35.53632
35.53082
35.54189
35.53618
35.54721
35.54171
35.55255
35.54712
35.5582
35.55257
35.56345
35.5582
35.56892
35.56358
35.57441
35.56895
35.57992
35.57424
35.5854
35.57966
35.59098
35.58497
35.59643
35.59045
35.60201
35.59573
35.60735
35.60107
35.61291
35.60649
35.61845
35.61181
35.62395
35.61721
35.62941
35.62261
35.63498
35.62784
35.64058
35.63319
35.64614
35.6386
35.65154
35.64385
35.65727
35.64919
35.66295
35.65461
35.66832
35.65991
35.67384
35.66518
35.67938
35.67059
35.68481
35.67595
35.69057
35.6813
35.69611
35.68669
35.7017
35.69221
35.70718
35.69778
35.71282
35.70321
35.71825
35.70869
35.72397
35.71436
35.72948
35.71995
35.73502
35.72539
35.74054
35.73129
35.74609
35.73703
35.75164
35.74265
35.75706
35.74869
35.76244
35.75447
35.76784
35.76034
35.77333
35.76632
35.77876
35.77225
35.78418
35.77806
35.78966
35.78409
35.79509
35.78987
35.80056
35.79574
35.80597
35.80152
35.81132
35.80732
35.81682
35.81294
35.82235
35.81876
35.82775
35.82456
35.83311
35.83028
35.83863
35.83605
35.84414
35.84184
35.8497
35.84756
35.85524
35.85318
35.8608
35.85905
35.86628
35.86478
35.87179
35.87066
35.87718
35.87654
35.88255
35.88242
35.88787
35.8882
35.89318
35.89414
35.89861
35.8999
35.90379
35.90591
35.90906
35.91164
35.91435
35.91746
35.91948
35.92325
35.92499
35.92891
35.9303
35.93439
35.93587
35.93998
35.94109
35.94569
35.94651
35.95105
35.9518
35.95673
35.95718
35.96211
35.96236
35.96774
35.96748
35.97306
35.97258
35.97852
35.9777
35.98404
35.98286
35.98945
35.98816
35.99492
35.99328
36.00035
35.99852
36.00579
36.00383
36.01111
36.00897
36.01648
36.01429
36.02193
36.01946
36.02733
36.02465
36.03275
36.02978
36.038
36.0349
36.04332
36.04009
36.04852
36.04544
36.05373
36.05072
36.05902
36.05627
36.06424
36.06155
36.06953
36.06681
36.07489
36.07215
36.0804
36.07743
36.08573
36.08297
36.09126
36.08834
36.09663
36.09348
36.10199
36.09864
36.10747
36.1038
36.11289
36.10885
36.11835
36.11407
36.12667
36.11947
36.13206
36.14564
36.1376
36.15603
36.14336
36.16129
36.14882
36.16648
36.15443
36.17258
36.15984
36.17754
36.16528
36.18299
36.17103
36.18834
36.17675
36.19363
36.1823
36.19897
36.18807
36.20427
36.19374
36.20935
36.19944
36.21475
36.20486
36.21993
36.21032
36.22554
36.21593
36.2308
36.22165
36.23614
36.22714
36.24134
36.23266
36.24655
36.23822
36.25196
36.24366
36.25715
36.24929
36.26252
36.25484
36.26777
36.26035
36.27311
36.26609
36.27839
36.2715
36.2837
36.27694
36.28938
36.28246
36.29453
36.28802
36.29999
36.29351
36.30523
36.29905
36.31049
36.30437
36.31572
36.31004
36.32115
36.31554
36.32652
36.32125
36.33198
36.32679
36.33725
36.33222
36.34273
36.33789
36.34806
36.34335
36.35339
36.34896
36.35883
36.35456
36.36413
36.36018
36.36937
36.36555
36.3746
36.37135
36.3798
36.37686
36.3852
36.38236
36.39038
36.38787
36.39586
36.39348
36.40117
36.39891
36.4063
36.40451
36.41168
36.40987
36.41721
36.4152
36.42241
36.42091
36.4276
36.42635
36.43287
36.43177
36.43799
36.4371
36.44313
36.44254
36.44845
36.44797
36.45372
36.45327
36.45913
36.45867
36.46439
36.46402
36.46963
36.46935
36.47493
36.47475
36.48009
36.48006
36.48563
36.48536
36.49097
36.49077
36.49617
36.49604
36.50153
36.50137
36.50674
36.50666
36.51196
36.51195
36.51723
36.5174
36.52265
36.52264
36.52787
36.52811
36.53302
36.53331
36.5384
36.53872
36.54352
36.54393
36.54869
36.54935
36.55392
36.55462
36.55915
36.55985
36.56436
36.56515
36.5696
36.57046
36.57497
36.57565
36.58008
36.58086
36.58545
36.58624
36.59098
36.59155
36.59623
36.59672
36.60162
36.60194
36.60726
36.60735
36.61248
36.61256
36.61771
36.6178
36.623
36.62321
36.62836
36.62837
36.63371
36.63402
36.63923
36.63929
36.64478
36.64474
36.65003
36.65034
36.65538
36.6558
36.66064
36.66131
36.66614
36.66667
36.67131
36.67217
36.67742
36.67768
36.68283
36.68317
36.68826
36.68866
36.69371
36.69395
36.69901
36.69957
36.70488
36.705
36.71061
36.71054
36.71616
36.71606
36.72165
36.72164
36.72705
36.72713
36.73237
36.73278
36.73789
36.73839
36.74328
36.74376
36.7487
36.74948
36.75457
36.75499
36.7599
36.76056
36.76566
36.76601
36.77155
36.77156
36.77689
36.77748
36.78247
36.783
36.78889
36.78859
36.79433
36.79424
36.80003
36.79987
36.80545
36.80531
36.81093
36.81064
36.81643
36.81629
36.82283
36.82222
36.82808
36.82769
36.83353
36.83332
36.83935
36.83895
36.84492
36.84444
36.85071
36.85015
36.85619
36.85597
36.86214
36.86133
36.86756
36.86731
36.87318
36.87314
36.87891
36.8789
36.88494
36.88453
36.89071
36.89047
36.89631
36.89627
36.90216
36.90213
36.90772
36.90798
36.9134
36.91422
36.91901
36.92032
36.92454
36.92608
36.93055
36.93214
36.93611
36.93797
36.94159
36.94387
36.94712
36.9503
36.95293
36.95612
36.95836
36.96212
36.96425
36.96815
36.97063
36.97435
36.97669
36.98054
36.98251
36.98649
36.98863
36.99301
36.99484
36.99922
