0.008393887
0.008109633
0.01457636
0.01414926
0.02093193
0.02626156
0.02709888
0.03851688
0.03338424
0.04457719
0.03956341
0.050709
0.04578847
0.05676497
0.0520388
0.06298989
0.05825847
0.06901912
0.06438346
0.08118287
0.07058585
0.08736629
0.07686082
0.09339554
0.08316075
0.09956426
0.08947534
0.1302198
0.09566431
0.1362721
0.1018811
0.1424097
0.108258
0.1484887
0.1145583
0.1547004
0.1209041
0.1606756
0.1272347
0.1730004
0.1335121
0.1791548
0.139791
0.1912902
0.1460432
0.2035958
0.1523225
0.2097645
0.1586912
0.2158875
0.1649257
0.2220521
0.171182
0.228296
0.1774678
0.2344689
0.1837196
0.2406307
0.189978
0.2467431
0.1962698
0.2528515
0.2025816
0.2589204
0.2088816
0.2650369
0.2151065
0.2772118
0.2214923
0.2833402
0.2277067
0.289528
0.2339725
0.2957905
0.2401586
0.3079739
0.246381
0.3141927
0.2524979
0.3204088
0.2586814
0.3265857
0.2648062
0.3327731
0.2708291
0.3389693
0.276824
0.3450797
0.2826928
0.3511941
0.2886513
0.3635705
0.2945553
0.3697603
0.3005016
0.3760042
0.3064409
0.3821147
0.3124033
0.3883105
0.3183033
0.3945104
0.3243615
0.4006658
0.330267
0.406793
0.3361818
0.4130116
0.3421591
0.4191555
0.3480607
0.4253931
0.3540443
0.4315599
0.360009
0.4376631
0.3659193
0.4439051
0.371863
0.4500402
0.3778214
0.4560946
0.3837583
0.4683344
0.3897809
0.4744465
0.3957373
0.4804541
0.4016974
0.4864775
0.4076227
0.4924146
0.4135668
0.4983896
0.4194686
0.5099334
0.4254414
0.5157459
0.431376
0.521421
0.4372718
0.5271336
0.4431593
0.5386039
0.4490467
0.5443054
0.4549883
0.5500073
0.460876
0.5556304
0.4667781
0.5613448
0.4726593
0.5670718
0.478553
0.5727968
0.4843987
0.5899239
0.4902626
0.5956554
0.4960689
0.6013511
0.5018522
0.6239298
0.5076396
0.6295937
0.5134001
0.6351957
0.5191752
0.6407998
0.5249438
0.6464143
0.5306877
0.6520435
0.5364605
0.6576436
0.5421588
0.6633392
0.5478291
0.6689495
0.5534979
0.6745912
0.5591887
0.6801645
0.5648198
0.6857455
0.5704239
0.6969808
0.5760012
0.7025578
0.5816135
0.7081016
0.5871884
0.7191306
0.5927757
0.7245805
0.5982344
0.7356242
0.6037633
0.7410805
0.6092569
0.7465155
0.6147215
0.7520009
0.6201944
0.75745
0.625715
0.7629312
0.6311421
0.7683688
0.6365361
0.7737833
0.6419318
0.7899041
0.6473671
0.7952434
0.6527483
0.8006245
0.6592712
0.811314
0.6646024
0.8272287
0.6699587
0.8431158
0.6752751
0.8483844
0.6805919
0.8536299
0.6859124
0.8588611
0.6911291
0.8641485
0.6964291
0.8693964
0.7017435
0.8745907
0.7070333
0.8797804
0.7122996
0.88497
0.7175518
0.8901615
0.7228327
0.8953614
0.7280536
0.9005467
0.733241
0.9057091
0.7384492
0.9108527
0.7436448
0.9160132
0.7488219
0.9211465
0.7540637
0.9262671
0.7592863
0.9314607
0.76449
0.9365773
0.769688
0.9417377
0.77494
0.9468334
0.7801461
0.9519289
0.7853962
0.9570122
0.7906355
0.962187
0.7958292
0.9672787
0.8010249
0.9723722
0.8062123
0.9774431
0.8113998
0.9825345
0.8166414
0.9876392
0.8218852
0.9978428
0.8270766
1.002949
0.8322557
1.008033
0.8374911
1.013112
0.8426784
1.018243
0.8478742
1.023328
0.853072
1.028393
0.8582219
1.03353
0.863432
1.038628
0.8686237
1.043699
0.8738452
1.048776
0.8790492
1.053867
0.8842307
1.058969
0.8895032
1.064088
0.894699
1.069138
0.8998822
1.074206
0.9050947
1.079279
0.910276
1.084354
0.9154883
1.089421
0.9207194
1.099579
0.9259381
1.104706
0.9311591
1.109758
0.9363881
1.11481
0.9416005
1.119879
0.9468004
1.124956
0.952048
1.130079
0.957348
1.135141
0.9626001
1.140162
0.9678791
1.150303
0.9731748
1.15541
0.9783977
1.160466
0.9836663
1.165605
0.9889602
1.170674
0.9941495
1.175759
0.9993703
1.18083
1.004566
1.185894
1.009778
1.190965
1.015055
1.19614
1.020343
1.201223
1.025501
1.206283
1.030711
1.211356
1.035932
1.21641
1.041182
1.221458
1.046438
1.226505
1.051688
1.231488
1.056959
1.236531
1.0622
1.241567
1.067421
1.246585
1.07265
1.251621
1.077885
1.256623
1.083158
1.261633
1.088466
1.266754
1.093691
1.271805
1.098969
1.276828
1.104233
1.281849
1.10952
1.286893
1.114785
1.297126
1.120051
1.302263
1.125383
1.307307
1.130697
1.312386
1.136005
1.317442
1.141286
1.322518
1.146553
1.33272
1.151822
1.337803
1.157143
1.347924
1.162409
1.353005
1.167638
1.358059
1.172846
1.363207
1.177999
1.368263
1.18317
1.373331
1.188395
1.378375
1.193555
1.383406
1.198726
1.38845
1.203905
1.393464
1.20908
1.398562
1.21428
1.403587
1.219499
1.408616
1.22478
1.413655
1.230009
1.41872
1.235255
1.423771
1.240488
1.428912
1.245729
1.433956
1.250971
1.438981
1.256271
1.444024
1.261506
1.449055
1.26674
1.454097
1.271966
1.459145
1.27721
1.464284
1.282443
1.469349
1.287739
1.474388
1.29296
1.479461
1.29821
1.484548
1.303435
1.489602
1.308676
1.494661
1.313982
1.4998
1.319224
1.504873
1.324559
1.509946
1.329826
1.52505
1.33509
1.530136
1.340346
1.540173
1.345628
1.545183
1.350898
1.55021
1.356221
1.555242
1.36144
1.560289
1.366715
1.565412
1.371996
1.570455
1.377252
1.575512
1.382504
1.580553
1.387858
1.585616
1.393118
1.59069
1.398356
1.595832
1.403606
1.600903
1.408854
1.605982
1.414104
1.611042
1.419326
1.616113
1.424624
1.626243
1.429889
1.63138
1.435124
1.636455
1.440369
1.64149
1.445607
1.64654
1.450842
1.651565
1.456147
1.656629
1.461394
1.661684
1.466665
1.671714
1.471932
1.67676
1.477248
1.681871
1.4825
1.686912
1.48785
1.691991
1.493094
1.697097
1.498402
1.702166
1.503752
1.712322
1.509019
1.717379
1.514337
1.722454
1.519685
1.727554
1.525068
1.732556
1.530385
1.737616
1.535691
1.742695
1.541001
1.74777
1.546339
1.752843
1.551691
1.757966
1.557089
1.763105
1.562412
1.768178
1.567747
1.773242
1.573074
1.778338
1.578395
1.783398
1.583719
1.788461
1.589126
1.793517
1.594446
1.798646
1.599803
1.803706
1.605132
1.808787
1.610448
1.813829
1.615754
1.818891
1.62114
1.823948
1.626448
1.829083
1.631767
1.834183
1.637085
1.839248
1.642398
1.844308
1.647783
1.849373
1.653058
1.85445
1.658452
1.859533
1.663758
1.864689
1.669079
1.869766
1.674389
1.874843
1.679699
1.879945
1.685022
1.885028
1.690285
1.890136
1.695603
1.895207
1.700924
1.900388
1.706264
1.905476
1.711566
1.910561
1.716897
1.915623
1.722297
1.920731
1.727613
1.925827
1.732934
1.930992
1.738255
1.936059
1.743567
1.941174
1.748934
1.946294
1.754363
1.951403
1.759813
1.961646
1.765236
1.966881
1.77068
1.972013
1.776133
1.982344
1.781588
1.987509
1.786919
1.9979
1.792327
2.003035
1.797658
2.008166
1.802995
2.018405
1.808323
2.028572
1.813633
2.033697
1.818941
2.038772
1.824197
2.04383
1.829531
2.048877
1.834852
2.053948
1.840151
2.059061
1.845503
2.064215
1.850839
2.06928
1.856238
2.074367
1.861568
2.079461
1.866924
2.084586
1.872251
2.08968
1.877611
2.099948
1.882963
2.105031
1.888332
2.110113
1.893701
2.115204
1.898986
2.125341
1.904313
2.130483
1.909644
2.135564
1.914938
2.140662
1.920263
2.150866
1.925644
2.155966
1.930965
2.161085
1.936279
2.166251
1.941594
2.171353
1.946906
2.176449
1.952223
2.181555
1.957606
2.186639
1.9629
2.191747
1.968227
2.196901
1.97357
2.202009
1.978903
2.207114
1.984264
2.212211
1.98968
2.217334
1.995024
2.222505
2.000382
2.233617
2.005732
2.238738
2.011055
2.243871
2.01642
2.249004
2.02182
2.254161
2.027153
2.259298
2.032472
2.264504
2.037813
2.269662
2.043138
2.274815
2.048473
2.28002
2.053823
2.285162
2.059228
2.290335
2.064567
2.295551
2.069915
2.300714
2.075256
2.305859
2.080581
2.311028
2.085967
2.316201
2.091414
2.321378
2.096839
2.326528
2.102204
2.331757
2.107573
2.336905
2.112956
2.342061
2.1183
2.347215
2.123701
2.35239
2.12905
2.357558
2.134382
2.362786
2.13973
2.367938
2.14507
2.373094
2.150434
2.378263
2.155855
2.383409
2.161216
2.393707
2.166576
2.398909
2.172003
2.404037
2.177361
2.409188
2.182732
2.414325
2.188148
2.419462
2.193517
2.424608
2.198874
2.429798
2.20424
2.434956
2.209623
2.440166
2.215025
2.445349
2.220421
2.450512
2.225854
2.455688
2.231273
2.460895
2.236667
2.466134
2.24209
2.471324
2.247513
2.476505
2.252935
2.486874
2.258423
2.492042
2.263854
2.497254
2.269302
2.502404
2.274731
2.507548
2.280168
2.512702
2.285631
2.517863
2.291166
2.52305
2.296652
2.528192
2.302149
2.543871
2.30766
2.5491
2.313212
2.554331
2.318772
2.559573
2.324443
2.564885
2.330121
2.570156
2.335834
2.575456
2.341548
2.580752
2.347235
2.586052
2.352878
2.591377
2.358613
2.602058
2.364269
2.607381
2.36999
2.612668
2.375694
2.617972
2.381354
2.62326
2.387067
2.639151
2.39279
2.644451
2.398456
2.649765
2.40409
2.660303
2.409677
2.665527
2.415267
2.67079
2.42093
2.676063
2.426499
2.686606
2.432097
2.691875
2.437653
2.697206
2.443245
2.702483
2.448807
2.707763
2.45442
2.713056
2.460007
2.718333
2.465565
2.723608
2.471188
2.728956
2.476623
2.734222
2.482244
2.739493
2.487853
2.744758
2.493407
2.749999
2.498959
2.755285
2.504521
2.760543
2.510076
2.765857
2.515625
2.771107
2.521236
2.776347
2.5268
2.781593
2.53234
2.786844
2.537881
2.792104
2.543424
2.797423
2.548974
2.802696
2.554597
2.80795
2.560153
2.813238
2.565724
2.81849
2.571276
2.823727
2.576849
2.829037
2.582413
2.834279
2.588049
2.839527
2.593611
2.844793
2.599172
2.850024
2.604747
2.855306
2.610318
2.860562
2.615893
2.865914
2.621538
2.871189
2.627001
2.876468
2.632582
2.881751
2.638105
2.887007
2.643655
2.892261
2.649136
2.897597
2.654763
2.908119
2.660313
2.913453
2.665881
2.918725
2.671437
2.92399
2.67702
2.929336
2.682608
2.934636
2.68826
2.939977
2.693862
2.945256
2.699508
2.950542
2.705118
2.955837
2.710724
2.961121
2.716314
2.966479
2.721985
2.971765
2.727593
2.977068
2.733197
2.982343
2.738801
2.987647
2.744407
2.992995
2.75003
2.998341
2.755768
3.003629
2.761376
3.00893
2.766997
3.014201
2.772628
3.019524
2.778254
3.02482
2.783877
3.030228
2.789548
3.035568
2.795166
3.040882
2.800775
3.046176
2.806396
3.051503
2.812023
3.056794
2.817639
3.062226
2.823342
3.067538
2.828998
3.072842
2.834635
3.078175
2.840297
3.083519
2.845981
3.088854
2.851654
3.094217
2.857339
3.099481
2.863033
3.104837
2.868703
3.110169
2.874392
3.120812
2.880036
3.126154
2.885713
3.131533
2.891436
3.136873
2.897097
3.142214
2.902746
3.152914
2.908415
3.15827
2.914101
3.163687
2.919736
3.174405
2.925469
3.179715
2.931128
3.185051
2.936803
3.190378
2.942498
3.201113
2.948244
3.206459
2.954114
3.211832
2.959903
3.217176
2.965581
3.222477
2.971387
3.227834
2.977137
3.233242
2.982926
3.243946
2.988699
3.249304
2.99446
3.254644
3.000179
3.259956
3.005912
3.265381
3.011608
3.27071
3.017308
3.276056
3.023056
3.281399
3.028767
3.286768
3.034463
3.292162
3.040167
3.297608
3.045844
3.302966
3.051542
3.308326
3.057329
3.313704
3.063009
3.319072
3.068717
3.324462
3.07443
3.329922
3.080136
3.335318
3.085852
3.340753
3.09165
3.346143
3.097415
3.351576
3.103217
3.357023
3.109097
3.362592
3.114956
3.36813
3.120943
3.373751
3.12688
3.37943
3.132835
3.385124
3.138862
3.390813
3.144814
3.396555
3.150829
3.402263
3.156905
3.408036
3.162915
3.413687
3.168909
3.419321
3.174926
3.424977
3.180914
3.430714
3.186947
3.436416
3.193014
3.442108
3.199028
3.447799
3.205073
3.453549
3.211029
3.459297
3.217065
3.465114
3.223142
3.470839
3.229186
3.476581
3.235169
3.482303
3.241113
3.488049
3.247108
3.493771
3.253143
3.499538
3.25923
3.505236
3.265199
3.510905
3.271274
3.516617
3.277291
3.522265
3.283254
3.52798
3.289281
3.533632
3.29526
3.539348
3.301282
3.545069
3.307157
3.550788
3.312979
3.55645
3.318815
3.56223
3.324563
3.567913
3.330393
3.573614
3.336226
3.579341
3.34208
3.584987
3.347876
3.590654
3.353697
3.596372
3.359608
3.601999
3.365531
3.607641
3.371454
3.613301
3.377343
3.61891
3.383268
3.624555
3.389183
3.630224
3.395077
3.635855
3.400975
3.641495
3.406879
3.647089
3.412723
3.652732
3.418616
3.658395
3.424513
3.664142
3.430388
3.669779
3.436203
3.675417
3.442066
3.681085
3.447893
3.686779
3.453757
3.692427
3.459651
3.698096
3.465455
3.703704
3.471253
3.709298
3.477094
3.714912
3.482909
3.720546
3.488823
3.726142
3.49465
3.731685
3.500477
3.737289
3.506259
3.742846
3.512019
3.748394
3.517875
3.753942
3.523733
3.759504
3.529582
3.765116
3.535402
3.77066
3.541266
3.776164
3.547106
3.781728
3.552962
3.787263
3.558878
3.792805
3.564749
3.798275
3.570672
3.803815
3.576525
3.80933
3.58237
3.814846
3.588308
3.820388
3.594167
3.825904
3.600019
3.831502
3.605829
3.837021
3.611684
3.842521
3.617513
3.848056
3.623446
3.853595
3.629298
3.859127
3.635132
3.864742
3.64099
3.87029
3.646782
3.875814
3.652607
3.881346
3.658516
3.886858
3.664344
3.89236
3.670156
3.89796
3.675943
3.903491
3.681787
3.909016
3.687708
3.914535
3.693504
3.920076
3.69931
3.925607
3.705141
3.931231
3.710948
3.936771
3.716784
3.94235
3.722611
3.947913
3.728413
3.953446
3.734224
3.959009
3.740059
3.964623
3.745905
3.970171
3.751724
3.975671
3.757592
3.981179
3.763409
3.986683
3.769159
3.992227
3.774967
3.997821
3.780781
4.003387
3.786614
4.00896
3.792543
4.014492
3.7984
4.020071
3.804187
4.025633
3.810039
4.031262
3.815879
4.03681
3.821785
4.042381
3.827623
4.047954
3.833517
4.053514
3.839364
4.059073
3.845249
4.064699
3.851139
4.070261
3.857097
4.075844
3.862978
4.081426
3.868857
4.087013
3.874735
4.092596
3.880691
4.098209
3.886593
4.103817
3.892588
4.109411
3.898486
4.114994
3.904369
4.12058
3.910302
4.126152
3.91624
4.13175
3.9222
4.137365
3.928134
4.142942
3.934015
4.148533
3.939863
4.154125
3.945746
4.159715
3.95166
4.1654
3.957603
4.170982
3.963464
4.176597
3.969333
4.182199
3.975258
4.187772
3.981177
4.193407
3.987064
4.199068
3.992979
4.204684
3.998839
4.210274
4.004754
4.215907
4.010678
4.221507
4.016601
4.227114
4.02252
4.232759
4.028478
4.238322
4.034389
4.243884
4.040263
4.249474
4.046076
4.255072
4.051907
4.260672
4.057928
4.26635
4.063783
4.271946
4.069731
4.277523
4.075681
4.283142
4.081569
4.288737
4.087619
4.294362
4.09356
4.300037
4.09954
4.305635
4.105523
4.311266
4.111541
4.316941
4.117451
4.322549
4.123441
4.328137
4.129389
4.333799
4.135357
4.339418
4.141272
4.345047
4.147289
4.350674
4.153241
4.356318
4.159247
4.361945
4.16527
4.367622
4.17124
4.37322
4.177171
4.378837
4.183203
4.384396
4.189268
4.389988
4.19521
4.395655
4.201182
4.401252
4.207053
4.406852
4.213012
4.412455
4.218981
4.418069
4.225019
4.423679
4.231006
4.429344
4.236952
4.434929
4.2429
4.440571
4.248869
4.446204
4.254808
4.451835
4.260788
4.457477
4.266728
4.463169
4.272689
4.468806
4.278672
4.474435
4.284624
4.480072
4.290687
4.485732
4.296651
4.491393
4.302614
4.497111
4.308582
4.502742
4.314654
4.508409
4.320724
4.514063
4.326759
4.519674
4.332801
4.525311
4.338891
4.531019
4.344901
4.536613
4.350892
4.542236
4.356929
4.547857
4.362894
4.553484
4.368921
4.559111
4.374929
4.564817
4.3809
4.570446
4.386917
4.576087
4.392977
4.5817
4.399006
4.587324
4.405001
4.592949
4.410997
4.598643
4.416997
4.604293
4.423055
4.609953
4.429043
4.615593
4.435097
4.621239
4.441064
4.626889
4.447091
4.632586
4.453117
4.638235
4.459182
4.643853
4.46515
4.649468
4.471171
4.655127
4.477182
4.660822
4.483201
4.66653
4.48934
4.672182
4.495313
4.677854
4.501346
4.683475
4.507344
4.689126
4.513373
4.694794
4.519335
4.700519
4.525434
4.706179
4.531458
4.711812
4.537494
4.717466
4.54352
4.723109
4.549555
4.728831
4.555539
4.734525
4.561557
4.740202
4.567495
4.745877
4.5735
4.751561
4.579474
4.757235
4.585472
4.767005
4.591515
4.77262
4.597469
4.778297
4.603432
4.783924
4.6094
4.789543
4.615369
4.79515
4.621428
4.800832
4.62739
4.806457
4.633401
4.812094
4.639363
4.817707
4.645308
4.823342
4.651287
4.829044
4.657389
4.834692
4.663373
4.840344
4.669431
4.845984
4.675404
4.851634
4.681425
4.857282
4.687387
4.863011
4.693401
4.868669
4.699409
4.874331
4.705407
4.879996
4.711416
4.885684
4.717264
4.891324
4.723337
4.897055
4.729322
4.90273
4.735253
4.908374
4.741278
4.914011
4.74728
4.919624
4.753261
4.925285
4.759315
4.931009
4.765284
4.936678
4.771271
4.94233
4.777271
4.948013
4.78319
4.953689
4.789273
4.95937
4.795291
4.965113
4.801212
4.970801
4.80721
4.97649
4.813177
4.982131
4.81919
4.987793
4.825283
4.993456
4.831192
4.999171
4.837189
5.004817
4.843193
5.010415
4.84917
5.016006
4.855205
5.021616
4.861189
5.027229
4.867055
5.032921
4.873074
5.038552
4.879039
5.044187
4.885
5.04981
4.891057
5.055439
4.897017
5.061066
4.903
5.066781
4.908971
5.072422
4.915042
5.078055
4.921054
5.083682
4.927025
5.089307
4.9331
5.094932
4.939066
5.100621
4.945133
5.10624
4.951123
5.111865
4.957185
5.117471
4.963198
5.123105
4.969204
5.128738
4.975225
5.134363
4.981235
5.139998
4.987312
5.145638
4.993392
5.151263
4.99942
5.156894
5.005486
5.162604
5.01146
5.168217
5.017428
5.173826
5.023468
5.179439
5.029478
5.185027
5.035502
5.190609
5.041513
5.196255
5.04748
5.201822
5.053513
5.207366
5.059586
5.212962
5.065582
5.218557
5.071562
5.224132
5.077508
5.229795
5.083437
5.235403
5.089504
5.240991
5.095441
5.246618
5.101406
5.25223
5.107406
5.257826
5.113352
5.263461
5.119367
5.269015
5.125409
5.274573
5.131386
5.280146
5.137397
5.285746
5.143386
5.291329
5.149345
5.297004
5.155435
5.302625
5.161445
5.30822
5.167478
5.313828
5.173527
5.319425
5.179502
5.325022
5.185557
5.33062
5.19163
5.336212
5.197692
5.341795
5.203744
5.347372
5.209769
5.352953
5.215764
5.358537
5.221873
5.364155
5.227839
5.375339
5.233871
5.380905
5.239844
5.386511
5.245931
5.392112
5.251933
5.397738
5.25801
5.403354
5.26402
5.408925
5.270058
5.414531
5.276037
5.420152
5.282078
5.425775
5.28818
5.43146
5.294195
5.437077
5.300189
5.442694
5.306213
5.448337
5.312275
5.453931
5.318282
5.459562
5.324321
5.46524
5.330351
5.470891
5.336373
5.476512
5.342315
5.482131
5.348309
5.487775
5.354358
5.4934
5.360365
5.499111
5.366391
5.504743
5.372447
5.51038
5.378452
5.516009
5.384441
5.52163
5.390561
5.527236
5.396514
5.532921
5.402533
5.53855
5.408535
5.544197
5.414531
5.549832
5.420538
5.55547
5.42663
5.561109
5.432626
5.566819
5.438585
5.572474
5.444599
5.578107
5.450598
5.583724
5.456598
5.589375
5.462646
5.595037
5.468699
5.600779
5.474699
5.606419
5.480752
5.612066
5.486761
5.617695
5.492813
5.623341
5.498745
5.629062
5.504823
5.634697
5.510846
5.640359
5.516852
5.645978
5.52295
5.651628
5.528934
5.657201
5.535018
5.662872
5.541049
5.668491
5.547076
5.674072
5.553068
5.679684
5.559191
5.685246
5.565279
5.690874
5.571349
5.696579
5.577441
5.702173
5.583482
5.707794
5.589601
5.713423
5.595619
5.719023
5.601657
5.724679
5.607671
5.730371
5.613611
5.736006
5.619574
5.741631
5.625651
5.74729
5.631629
5.752927
5.637612
5.758583
5.643554
5.764279
5.649502
5.769956
5.655498
5.775604
5.661471
5.781254
5.667415
5.786908
5.673423
5.792573
5.679398
5.798328
5.685443
5.803997
5.691528
5.809657
5.697503
5.815267
5.703522
5.820901
5.709533
5.826507
5.715512
5.832196
5.726038
5.837803
5.731936
5.843449
5.737882
5.849072
5.74393
5.854736
5.749931
5.860377
5.756032
5.86609
5.762008
5.871771
5.768028
5.877428
5.773963
5.883097
5.779907
5.888772
5.785875
5.894437
5.791899
5.900168
5.797858
5.905799
5.803866
5.911476
5.809818
5.917147
5.815802
5.922829
5.821847
5.928491
5.827848
5.934229
5.833831
5.93993
5.839826
5.94561
5.845751
5.951295
5.85172
5.956978
5.857763
5.962722
5.863689
5.96844
5.869643
5.974133
5.87562
5.979865
5.881595
5.985526
5.887581
5.991221
5.893548
5.99696
5.899546
6.002696
5.90546
6.008377
5.911402
6.014075
5.917317
6.019771
5.92335
6.025471
5.929244
6.031254
5.935135
6.036921
5.941066
6.042604
5.947001
6.0483
5.952958
6.053968
5.958933
6.059672
5.964908
6.065399
5.97081
6.071082
5.976691
6.076772
5.982566
6.082461
5.988612
6.088199
5.994493
6.093884
6.000394
6.099645
6.006336
6.105295
6.012238
6.111003
6.018151
6.11668
6.024159
6.122349
6.029989
6.128009
6.035878
6.133776
6.041803
6.13944
6.047791
6.145108
6.053577
6.150811
6.05955
6.156489
6.065471
6.162233
6.071339
6.167948
6.077188
6.173687
6.0831
6.17935
6.089063
6.18504
6.095002
6.190698
6.100923
6.196446
6.106795
6.202087
6.112641
6.20777
6.118549
6.213422
6.124518
6.219027
6.130381
6.224738
6.136266
6.230455
6.142239
6.236145
6.148078
6.241807
6.154062
6.247497
6.160025
6.253182
6.165927
6.258867
6.171786
6.264605
6.177692
6.270309
6.18368
6.276028
6.189701
6.281722
6.195596
6.28744
6.201559
6.293145
6.207511
6.298919
6.213456
6.304591
6.219339
6.310285
6.225266
6.315952
6.231216
6.321633
6.237092
6.32735
6.24296
6.333108
6.24886
6.33877
6.254919
6.34446
6.260825
6.350148
6.266732
6.355843
6.272664
6.36152
6.278586
6.367272
6.284534
6.373008
6.290441
6.378726
6.296368
6.384393
6.302243
6.390077
6.308136
6.395842
6.314045
6.401532
6.319938
6.407205
6.32589
6.412884
6.331802
6.418588
6.337798
6.424334
6.343746
6.430063
6.349638
6.435781
6.35575
6.44148
6.361634
6.447177
6.367525
6.452785
6.373445
6.458461
6.379435
6.464159
6.385373
6.469829
6.391304
6.475485
6.397168
6.481201
6.403045
6.486849
6.408951
6.492545
6.414824
6.498274
6.420714
6.503947
6.426673
6.509672
6.432547
6.51532
6.43843
6.520978
6.444325
6.526645
6.45019
6.532391
6.456182
6.538047
6.462088
6.543674
6.467986
6.549345
6.473857
6.555005
6.479722
6.560654
6.485654
6.566409
6.49156
6.57209
6.497448
6.577781
6.503412
6.583477
6.509323
6.589179
6.515219
6.594856
6.521194
6.600592
6.5271
6.606252
6.532997
6.611971
6.538836
6.617752
6.544772
6.623446
6.550672
6.62916
6.556659
6.634883
6.562587
6.640597
6.568526
6.646328
6.574378
6.652093
6.580374
6.657786
6.586261
6.663551
6.592282
6.669266
6.598165
6.674961
6.604063
6.680722
6.609961
6.68643
6.615871
6.692176
6.621813
6.697976
6.627765
6.703686
6.633677
6.709445
6.639577
6.715157
6.645573
6.720879
6.651506
6.72656
6.657458
6.732325
6.663472
6.738052
6.669381
6.743729
6.675308
6.749454
6.681233
6.755154
6.687145
6.760875
6.693124
6.766645
6.699069
6.772306
6.704997
6.777992
6.710896
6.783681
6.716738
6.789314
6.722782
6.795041
6.728697
6.800778
6.734651
6.806499
6.740528
6.812176
6.746485
6.817857
6.752394
6.82359
6.758469
6.829338
6.764471
6.835015
6.770436
6.840705
6.776267
6.84643
6.782207
6.85219
6.788233
6.857913
6.79419
6.863711
6.800147
6.869446
6.806133
6.875111
6.812022
6.88081
6.818024
6.886491
6.824006
6.892154
6.829949
6.897904
6.835933
6.903643
6.841856
6.909293
6.847819
6.914933
6.853788
6.920677
6.85978
6.926383
6.865798
6.932181
6.871799
6.93785
6.877789
6.943556
6.883811
6.949245
6.889893
6.954983
6.895919
6.960657
6.901844
6.966444
6.907798
6.972178
6.913785
6.977952
6.919727
6.983627
6.925775
6.989321
6.931713
6.995029
6.937702
7.000792
6.943697
7.006547
6.94972
7.012282
6.955751
7.018023
6.961755
7.023752
6.967683
7.029561
6.97361
7.0353
6.979589
7.041025
6.985551
7.04671
6.991591
7.052429
6.997511
7.058139
7.003463
7.063882
7.009473
7.069584
7.015476
7.075342
7.021519
7.081038
7.027432
7.086789
7.033451
7.092447
7.039405
7.098195
7.045392
7.103953
7.051352
7.109651
7.057335
7.115263
7.06326
7.120944
7.069233
7.126676
7.075229
7.132396
7.081229
7.13814
7.087177
7.143865
7.09321
7.14958
7.099081
7.155254
7.105053
7.160959
7.111053
7.1667
7.117012
7.172373
7.123031
7.178023
7.128939
7.183706
7.134893
7.189437
7.140874
7.195131
7.146834
7.200889
7.152734
7.206562
7.158728
7.212316
7.164717
7.218039
7.170722
7.223786
7.176746
7.229558
7.182696
7.235299
7.188721
7.241043
7.19476
7.246768
7.200788
7.252485
7.206779
7.25818
7.212789
7.263926
7.218887
7.269636
7.224916
7.275354
7.230944
7.28111
7.236912
7.28679
7.242947
7.292533
7.248995
7.300386
7.255074
7.306088
7.261033
7.311749
7.267122
7.317544
7.273091
7.323327
7.279114
7.329147
7.285063
7.334927
7.291138
7.340687
7.297117
7.346428
7.303144
7.352179
7.309132
7.357923
7.315134
7.363687
7.321174
7.369431
7.32714
7.375216
7.333185
7.380956
7.339185
7.386666
7.345116
7.392366
7.35116
7.398171
7.357198
7.403905
7.363198
7.4097
7.369198
7.415452
7.375239
7.421169
7.381224
7.426915
7.387326
7.432761
7.393282
7.438584
7.399276
7.444355
7.405303
7.450082
7.411191
7.45585
7.417233
7.461576
7.423347
7.467447
7.429309
7.473187
7.435305
7.478937
7.441321
7.484747
7.44734
7.490527
7.453346
7.496335
7.459398
7.5021
7.465396
7.507891
7.47143
7.513697
7.477468
7.519464
7.483464
7.525191
7.489556
7.531085
7.495548
7.536805
7.501584
7.542542
7.507627
7.548282
7.513638
7.554011
7.519625
7.559763
7.525695
7.565579
7.531716
7.571363
7.538007
7.577075
7.544104
7.58285
7.550104
7.588565
7.556145
7.594321
7.562203
7.600134
7.568186
7.605867
7.57424
7.611593
7.580264
7.617312
7.58629
7.62305
7.592365
7.62886
7.598341
7.634608
7.604384
7.640337
7.610421
7.64607
7.616479
7.651802
7.622529
7.657492
7.628492
7.663314
7.63446
7.669006
7.640508
7.674733
7.646544
7.680474
7.652519
7.686224
7.658641
7.692003
7.664668
7.697884
7.670679
7.703659
7.676758
7.709463
7.682801
7.715251
7.688914
7.720988
7.694993
7.72682
7.701092
7.732765
7.70724
7.738565
7.713307
7.744411
7.719417
7.750285
7.725624
7.756104
7.731703
7.761941
7.738063
7.767831
7.744146
7.773681
7.75024
7.779464
7.756383
7.78525
7.762479
7.791091
7.768559
7.796956
7.774782
7.80271
7.780881
7.808527
7.787014
7.814363
7.793249
7.820099
7.799381
7.825913
7.805571
7.831737
7.811681
7.837574
7.817829
7.843407
7.823988
7.849278
7.830078
7.855088
7.836238
7.860855
7.842368
7.866672
7.848549
7.872436
7.854712
7.878214
7.86082
7.883973
7.866915
7.889717
7.873056
7.895596
7.879221
7.901375
7.88533
7.907114
7.891488
7.912902
7.897586
7.918654
7.90359
7.924473
7.909702
7.930334
7.91576
7.936148
7.921971
7.941982
7.928054
7.947759
7.934189
7.953562
7.940169
7.959361
7.946237
7.965242
7.952328
7.971036
7.958474
7.976784
7.964522
7.98258
7.97027
7.988408
7.976122
7.994255
7.981951
8.000055
7.987932
8.005907
7.993847
8.011708
7.999777
8.017529
8.005759
8.02336
8.011655
8.029222
8.017605
8.035065
8.023684
8.040894
8.029661
8.046773
8.035636
8.052521
8.041646
8.058284
8.047611
8.06409
8.053627
8.069917
8.060147
8.075693
8.066245
8.081462
8.072217
8.087222
8.078248
8.092995
8.084288
8.098772
8.090352
8.104599
8.096294
8.110416
8.102265
8.116122
8.108347
8.121903
8.114362
8.127626
8.120385
8.133471
8.126431
8.139205
8.132635
8.150073
8.139898
8.172654
8.180131
8.19315
8.205327
8.214166
8.356497
8.224226
8.364378
8.243732
8.372466
8.251319
8.381222
8.258984
8.388554
8.268875
8.395859
8.276628
8.402349
8.281965
8.40749
8.287729
8.417052
8.294092
8.423536
8.299485
8.42888
8.304769
8.452265
8.310133
8.458306
8.317298
8.46716
8.323769
8.473904
8.33099
8.480258
8.337427
8.485098
8.342816
8.491091
8.348241
8.497002
8.354055
8.506037
8.359474
8.513518
8.365349
8.518959
8.370785
8.525072
8.376677
8.532642
8.382509
8.53932
8.387966
8.547515
8.393433
8.555894
8.398916
8.566353
8.404376
8.573115
8.409805
8.581338
8.415619
8.588742
8.421053
8.594585
8.426546
8.599587
8.43241
8.606758
8.437848
8.615389
8.443348
8.620197
8.44978
8.626713
8.455162
8.632338
8.460679
8.639632
8.466212
8.648335
8.471642
8.656245
8.478175
8.663515
8.48364
8.668764
8.533645
8.68051
8.583515
8.686961
8.63481
8.695755
8.685065
8.703848
8.730101
8.716186
8.781319
8.724329
8.832942
8.738185
8.884863
8.752846
8.937289
8.769256
8.991763
8.817301
9.00227
8.977696
9.055058
9.09863
9.106286
9.178891
9.156821
9.277243
9.207916
9.298377
9.249313
9.371241
9.275632
9.419565
9.311031
9.426905
9.32786
9.489591
9.352191
9.533324
9.37347
9.54863
9.389606
9.574282
9.405351
9.592864
9.426713
9.611915
9.43559
9.624418
9.446939
9.630687
9.455244
9.663819
9.466175
9.670891
9.473047
9.68331
9.479752
9.690806
9.486231
9.701719
9.491308
9.733375
9.505691
9.74296
9.513614
9.755262
9.532765
9.7666
9.546336
9.830269
9.567721
9.842607
9.579307
9.857959
9.598098
9.870375
9.618883
9.884654
9.633801
9.900897
9.646466
9.911835
9.663138
9.924493
9.67212
9.99565
9.691263
10.01096
9.704823
10.02379
9.721029
10.0336
9.731079
10.04483
9.740313
10.05627
9.750362
10.06874
9.765657
10.08273
9.779358
10.09544
9.79591
10.16222
9.809768
10.24007
9.819432
10.24532
9.835486
10.25265
9.846713
10.25794
9.860944
10.26663
9.876319
10.3178
9.889916
10.32872
9.900126
10.33983
9.915025
10.34909
9.923481
10.35576
9.933179
10.36195
9.943155
10.37176
9.959474
10.39943
9.968795
10.44297
9.991163
10.44889
10.0049
10.45448
10.02269
10.49496
10.03691
10.56503
10.05341
10.57272
10.06862
10.58161
10.07876
10.58712
10.08867
10.5973
10.09823
10.60373
10.10493
10.61234
10.11619
10.62025
10.124
10.62663
10.13421
10.63861
10.14434
10.64577
10.15884
10.65218
10.16768
10.66009
10.18285
10.66809
10.19174
10.69371
10.20142
10.72014
10.21365
10.76544
10.22406
10.78016
10.23687
10.79277
10.24883
10.80104
10.25828
10.81094
10.26917
10.82028
10.27563
10.82948
10.28729
10.83997
10.29663
10.84716
10.30512
10.85659
10.31354
10.86164
10.32598
10.86811
10.34018
10.87445
10.34923
10.88281
10.35933
10.89146
10.37094
10.91457
10.38167
10.92201
10.39845
10.9325
10.40706
10.94263
10.41874
10.95695
10.43111
10.9685
10.43952
10.97794
10.44911
10.98832
10.4628
10.99974
10.46928
11.00981
10.48301
11.01917
10.49461
11.03413
10.50498
11.04499
10.526
11.05984
10.53987
11.0703
10.55337
11.08319
10.56728
11.09105
10.57843
11.10569
10.59228
11.11905
10.59776
11.12924
10.61792
11.13986
10.6273
11.15021
10.64038
11.16187
10.65259
11.16984
10.66829
11.18363
10.67934
11.19084
10.69085
11.20235
10.69881
11.21305
10.70965
11.23098
10.71505
11.24261
10.72056
11.25183
10.73516
11.26866
10.74636
11.2803
10.76017
11.28949
10.77729
11.3028
10.78476
11.31725
10.7942
11.32868
10.80662
11.34019
10.81527
11.34929
10.82386
11.36273
10.84032
11.37469
10.86678
11.38407
10.88851
11.3961
10.91036
11.4103
10.92037
11.4207
10.93919
11.43218
10.94637
11.44891
10.96974
11.4659
10.98593
11.48018
10.99835
11.49527
11.01007
11.51139
11.02169
11.52367
11.03913
11.54047
11.04964
11.55595
11.08451
11.57132
11.09427
11.58057
11.10886
11.58603
11.11759
11.59468
11.1313
11.60541
11.13873
11.61259
11.15014
11.62307
11.16523
11.63421
11.17553
11.64209
11.18911
11.65347
11.20067
11.66228
11.21138
11.67185
11.21963
11.68405
11.22812
11.69469
11.2345
11.71901
11.24363
11.73015
11.25272
11.73579
11.2597
11.74361
11.27146
11.74974
11.28169
11.75856
11.29393
11.76734
11.30294
11.77326
11.31624
11.78286
11.3289
11.7908
11.33661
11.79903
11.35018
11.81036
11.35983
11.8173
11.37137
11.82753
11.38365
11.83894
11.39674
11.84786
11.40688
11.85634
11.4162
11.86871
11.42952
11.87611
11.43869
11.88941
11.45108
11.89901
11.45954
11.91095
11.47384
11.92113
11.48345
11.92817
11.4921
12.01167
11.50889
12.02026
11.52105
12.02544
11.53648
12.0415
11.5465
12.04942
11.56323
12.05914
11.57675
12.06952
11.58972
12.07581
11.59864
12.08503
11.61046
12.09219
11.62084
12.10153
11.63291
12.11099
11.64205
12.1245
11.65939
12.1364
11.66801
12.14651
11.68314
12.15653
11.69459
12.16334
11.70328
12.17671
11.71554
12.18832
11.72333
12.20353
11.73629
12.21303
11.74351
12.22793
11.75551
12.24003
11.76577
12.25123
11.77894
12.26293
11.7891
12.27586
11.79866
12.28673
11.8118
12.29988
11.82051
12.30927
11.83268
12.31871
11.84432
12.32928
11.85343
12.33851
11.86128
12.34721
11.86697
12.35937
11.874
12.37598
11.88053
12.38322
11.88517
12.38829
11.89301
12.39444
11.89749
12.40063
11.90523
12.40831
11.90972
12.41563
11.91474
12.42026
11.92265
12.42965
11.93284
12.43429
11.9427
12.44263
11.94982
12.44983
11.95615
12.4601
11.97106
12.47294
11.97972
12.48374
11.98863
12.49466
11.99882
12.50242
12.00888
12.5133
12.01773
12.52875
12.03286
12.54088
12.04336
12.5544
12.06024
12.5632
12.06976
12.57724
12.08514
12.59172
12.11088
12.60485
12.12646
12.61675
12.13948
12.63096
12.15674
12.64707
12.17339
12.66743
12.18886
12.68108
12.20265
12.70113
12.22035
12.71461
12.23262
12.72922
12.25029
12.74738
12.26106
12.75959
12.27523
12.76998
12.2885
12.78004
12.29786
12.79048
12.30925
12.80477
12.3179
12.81658
12.33113
12.82896
12.34312
12.8394
12.35421
12.84891
12.36807
12.85985
12.38077
12.86915
12.39662
12.87924
12.41318
12.89768
12.43019
12.90957
12.44417
12.91753
12.45891
12.92791
12.47443
12.93816
12.48842
12.9513
12.50521
12.96759
12.52161
12.98143
12.53958
12.99398
12.55137
13.00673
12.56607
13.02049
12.58086
13.03645
12.59915
13.04803
12.61186
13.05995
12.62469
13.10604
12.64008
13.12231
12.65104
13.13504
12.66379
13.14586
12.67833
13.15482
12.68802
13.16662
12.70023
13.1737
12.71214
13.18186
12.72424
13.18798
12.73504
13.19555
12.74488
13.2033
12.75275
13.21512
12.75871
13.29648
12.76704
13.34393
12.77594
13.35557
12.78274
13.3657
12.78804
13.37231
12.79745
13.38543
12.80392
13.3918
12.81411
13.40041
12.819
13.41086
12.82617
13.41782
12.83557
13.42379
12.84194
13.43083
12.85052
13.43615
12.85877
13.44448
12.86438
13.45138
12.87691
13.45964
12.88237
13.46441
12.88867
13.47643
12.90097
13.48182
12.9109
13.48923
12.91704
13.49468
12.92594
13.50403
12.93412
13.51101
12.94173
13.51621
12.94961
13.52166
12.95676
13.53103
12.96498
13.53761
12.97052
13.56874
12.98325
13.57963
12.99415
13.58762
13.00817
13.5948
13.01751
13.60349
13.02942
13.61159
13.04523
13.61663
13.05203
13.62463
13.06028
13.62925
13.06886
13.63635
13.08047
13.64135
13.08779
13.64667
13.0938
13.65742
13.1008
13.66444
13.10796
13.6704
13.11646
13.6757
13.1243
13.6809
13.13746
13.69299
13.14536
13.70058
13.1579
13.71728
13.16856
13.72302
13.17991
13.74568
13.19097
13.78559
13.20704
13.79029
13.21833
13.80567
13.22982
13.8149
13.24253
13.82214
13.24916
13.83204
13.25477
13.83915
13.26859
13.84755
13.27868
13.85259
13.28325
13.86121
13.29195
13.86643
13.29843
13.87341
13.30781
13.87903
13.31508
13.88472
13.32453
13.88974
13.32989
13.89435
13.33822
13.90177
13.34334
13.90866
13.35569
13.92931
13.36067
13.9844
13.36538
13.98976
13.37554
13.99755
13.38361
14.00386
13.39001
14.01241
13.3972
14.0177
13.40508
14.02484
13.41172
14.03119
13.42212
14.03608
13.43292
14.05661
13.44418
14.06429
13.45305
14.07329
13.46128
14.0786
13.47502
14.08783
13.48353
14.09467
13.49586
14.10265
13.50441
14.11194
13.51469
14.12323
13.52139
14.13557
13.53217
14.14559
13.53924
14.15412
13.55453
14.16507
13.56248
14.17718
13.57797
14.18571
13.5888
14.19967
13.59983
14.21006
13.6125
14.22192
13.61728
14.22887
13.62901
14.23751
13.63695
14.24563
13.64778
14.25323
13.65562
14.26366
13.66262
14.27407
13.67054
14.28133
13.67918
14.28754
13.68617
14.29619
13.69784
14.30512
13.71937
14.31376
13.75265
14.32165
13.76524
14.33383
13.76983
14.34061
13.77623
14.34776
13.78409
14.36118
13.78964
14.369
13.79613
14.37979
13.80155
14.38855
13.807
14.40109
13.87267
14.41943
13.88052
14.43688
13.88905
14.44635
13.89704
14.46186
13.90802
14.47854
13.9218
14.49465
13.92815
14.5051
13.94435
14.51677
13.97076
14.52653
13.97798
14.54191
13.99035
14.55643
13.99752
14.56931
14.01307
14.58088
14.01988
14.59259
14.0285
14.60498
14.0655
14.61434
14.07475
14.62579
14.08841
14.63692
14.10015
14.64868
14.11475
14.66534
14.12539
14.67861
14.13661
14.69567
14.14646
14.7098
14.17039
14.7246
14.19769
14.74236
14.21186
14.75623
14.23378
14.77276
14.25077
14.79365
14.26921
14.81485
14.2842
14.82776
14.30419
14.84603
14.32879
14.86458
14.34945
14.88019
14.36783
14.89744
14.3895
14.90985
14.40487
14.92622
14.42047
14.94065
14.43721
14.95457
14.45102
14.97322
14.46337
14.99017
14.4709
15.00478
14.48929
15.01827
14.49954
15.03086
14.51296
15.04399
14.52367
15.05982
14.5362
15.07166
14.55166
15.09043
14.56574
15.10077
14.58373
15.11894
14.59996
15.1279
14.61626
15.14979
14.63695
15.16224
14.65468
15.19004
14.67011
15.19858
14.68463
15.22282
14.69618
15.23161
14.71064
15.24102
14.72394
15.25037
14.73666
15.26037
14.75335
15.28141
14.76477
15.28994
14.77717
15.30087
14.78572
15.31019
14.79612
15.31804
14.80231
15.32821
14.8124
15.33924
14.8231
15.35316
14.83112
15.36415
14.84522
15.37308
14.85492
15.38341
14.87114
15.39586
14.88246
15.41753
14.91049
15.44667
14.92463
15.46006
14.95139
15.48012
14.96735
15.49485
14.99496
15.55277
15.01005
15.56734
15.0277
15.58187
15.03748
15.59864
15.05068
15.61211
15.07307
15.62909
15.08414
15.64377
15.10419
15.6637
15.11943
15.67496
15.13134
15.69302
15.14648
15.702
15.16051
15.71829
15.17447
15.72759
15.18292
15.74524
15.19254
15.75426
15.2056
15.76495
15.21343
15.77864
15.22288
15.79221
15.24471
15.80546
15.25515
15.82011
15.26484
15.83495
15.27787
15.85215
15.29017
15.86576
15.3022
15.88631
15.32134
15.9008
15.33281
15.91314
15.34603
15.93381
15.36077
15.94554
15.37778
15.96739
15.39264
15.98133
15.41117
16.00137
15.42766
16.01834
15.45095
16.03243
15.46871
16.05103
15.49135
16.06298
15.51361
16.08443
15.52615
16.14578
15.55179
16.16678
15.5734
16.17773
15.59495
16.1905
15.61413
16.20303
15.6268
16.22073
15.65051
16.23854
15.6628
16.25655
15.67944
16.26943
15.69031
16.28684
15.70583
16.29924
15.72224
16.31666
15.73768
16.33121
15.75889
16.34149
15.77978
16.35851
15.79247
16.37312
15.81366
16.39137
15.83635
16.40243
15.86091
16.44139
15.88021
16.45461
15.89306
16.47204
15.90908
16.4883
15.92753
16.50076
15.94158
16.51304
15.95737
16.52668
15.97267
16.54346
15.98955
16.56178
16.00204
16.58109
16.01462
16.60209
16.03441
16.61983
16.05197
16.6364
16.0721
16.65524
16.09679
16.6678
16.11889
16.68674
16.14102
16.70212
16.1587
16.71763
16.17501
16.73374
16.19287
16.74702
16.20296
16.76518
16.21731
16.77696
16.23027
16.79587
16.24262
16.81117
16.2588
16.82729
16.27061
16.84422
16.28876
16.86146
16.30463
16.86721
16.32089
16.88209
16.33828
16.89387
16.34965
16.90925
16.36379
16.92128
16.38038
16.93551
16.3915
16.94425
16.40444
16.96211
16.41592
16.97421
16.42468
16.98533
16.44078
17.00072
16.45223
17.01423
16.46242
17.03454
16.48674
17.04714
16.49816
17.06724
16.5238
17.08645
16.53407
17.10699
16.55019
17.12715
16.56478
17.14625
16.58276
17.16977
16.59965
17.19163
16.63355
17.21835
16.64913
17.24084
16.71307
17.26949
16.78718
17.29828
16.80911
17.32632
16.83214
17.35219
16.84536
17.3747
16.87679
17.39569
16.92733
17.41649
16.93981
17.44157
16.95146
17.46177
16.97208
17.47997
16.99428
17.50253
17.01153
17.52561
17.03378
17.53747
17.04824
17.55677
17.07864
17.56782
17.10074
17.58316
17.10947
17.59641
17.13218
17.6089
17.14566
17.62323
17.16773
17.63708
17.19188
17.66475
17.21437
17.68312
17.23211
17.7207
17.25196
17.73431
17.27024
17.75358
17.29217
17.77063
17.30996
17.78591
17.32797
17.80758
17.34773
17.82169
17.36827
17.8392
17.3842
17.85414
17.39699
17.88509
17.41012
17.89794
17.42154
17.91018
17.44009
17.92776
17.4562
17.94317
17.46568
17.95765
17.47941
17.9687
17.49554
17.99886
17.508
18.01662
17.52078
18.03454
17.53332
18.05688
17.54875
18.06647
17.56097
18.08843
17.57246
18.10294
17.58504
18.12044
17.60653
18.14152
17.61976
18.15697
17.63785
18.17705
17.65701
18.1939
17.67575
18.20938
17.69363
18.22598
17.71947
18.24055
17.73607
18.25473
17.75442
18.27172
17.77091
18.28714
17.79055
18.30816
17.8019
18.32346
17.81788
18.34273
17.8319
18.36007
17.84736
18.37853
17.85989
18.3968
17.8761
18.41393
17.88731
18.43102
17.89985
18.4466
17.91119
18.45451
17.92251
18.46704
17.93095
18.4756
17.93737
18.48918
17.94543
18.50163
17.95255
18.51489
17.96263
18.53282
17.97248
18.54619
17.98104
18.55796
17.99068
18.573
18.00408
18.58323
18.01145
18.59978
18.02465
18.61368
18.03502
18.62611
18.05007
18.6381
18.0599
18.65057
18.07243
18.66402
18.09018
18.67375
18.10407
18.69049
18.12097
18.70223
18.12606
18.71683
18.13706
18.72762
18.14942
18.74898
18.15872
18.75932
18.17292
18.77247
18.18562
18.78143
18.19586
18.79452
18.2075
18.80503
18.21776
18.81504
18.23219
18.83897
18.25339
18.85247
18.26565
18.8645
18.28512
18.87319
18.30109
18.88398
18.3189
18.8963
18.3398
18.9076
18.35515
18.9196
18.37217
18.93345
18.38768
18.94567
18.40302
18.96094
18.4171
18.97547
18.43777
18.99127
18.45104
19.00655
18.47375
19.0208
18.48927
19.12334
18.50988
19.13659
18.52539
19.14879
18.55162
19.16757
18.56447
19.18259
18.58182
19.20099
18.60249
19.21602
18.61157
19.23084
18.62693
19.25156
18.64021
19.2679
18.65402
19.29895
18.67142
19.31296
18.68605
19.32771
18.69472
19.34153
18.71712
19.35486
18.72794
19.37034
18.75193
19.3823
18.82684
19.40219
18.84083
19.41867
18.85875
19.44366
18.87654
19.45793
18.90356
19.47763
18.92474
19.50198
18.93945
19.52282
18.95952
19.53723
18.98199
19.56521
18.99905
19.58686
19.01584
19.61213
19.03716
19.63078
19.05195
19.65699
19.07266
19.67421
19.08895
19.70155
19.10751
19.71984
19.12636
19.73976
19.14931
19.76263
19.16646
19.78204
19.18574
19.8068
19.20508
19.82613
19.22401
19.84312
19.23881
19.86352
19.25567
19.885
19.27642
19.89897
19.29045
19.91823
19.30772
19.93464
19.32035
19.95685
19.34491
19.97321
19.3645
19.99517
19.38993
20.01356
19.41022
20.02997
19.43264
20.04593
19.44666
20.1053
19.46426
20.11857
19.48345
20.13391
19.50576
20.14821
19.52393
20.16125
19.53956
20.17673
19.56313
20.19089
19.57945
20.2225
19.60021
20.24282
19.61572
20.26134
19.63252
20.27522
19.65326
20.29599
19.66965
20.31066
19.69247
20.33051
19.70957
20.34523
19.73082
20.36518
19.75297
20.3842
19.77037
20.40105
19.79225
20.41583
19.80842
20.43207
19.81718
20.44532
19.83339
20.45987
19.84436
20.47151
19.85813
20.48397
19.86847
20.49571
19.88702
20.51863
19.90703
20.52981
19.92148
20.5528
19.93602
20.57068
19.9528
20.59147
19.97503
20.60691
19.98909
20.6277
20.00827
20.64315
20.0232
20.65948
20.04406
20.67655
20.06335
20.69548
20.08394
20.71079
20.09817
20.7278
20.12186
20.74114
20.13411
20.78501
20.15329
20.80065
20.16452
20.82238
20.1872
20.84182
20.20491
20.8701
20.2251
20.88573
20.25092
20.92803
20.27646
20.94647
20.29812
20.95836
20.31425
20.97819
20.32608
20.99905
20.34464
21.01977
20.35995
21.03458
20.37818
21.04929
20.39073
21.07282
20.44768
21.09208
20.46625
21.11195
20.48177
21.13273
20.49869
21.14824
20.51418
21.16454
20.52802
21.18163
20.54141
21.20247
20.56081
21.22406
20.5855
21.24165
20.60085
21.25719
20.61907
21.27286
20.63383
21.29811
20.64668
21.31217
20.66593
21.33082
20.67778
21.3555
20.69926
21.37331
20.71397
21.39179
20.73322
21.40429
20.74648
21.41831
20.76206
21.43859
20.78206
21.45879
20.79616
21.48124
20.81166
21.50839
20.83422
21.53309
20.85706
21.55759
20.87202
21.58525
20.89878
21.60901
20.91776
21.63429
20.94189
21.66831
20.95833
21.68895
20.97675
21.7219
20.99358
21.74571
21.01133
21.76876
21.08497
21.78488
21.09587
21.80313
21.11138
21.82872
21.12762
21.85185
21.14332
21.87664
21.16799
21.89755
21.18352
21.92212
21.20055
21.93854
21.2836
21.96251
21.35463
21.98859
21.37166
22.0051
21.38862
22.03326
21.40121
22.05112
21.41972
22.07288
21.4353
22.08988
21.45308
22.10432
21.46714
22.12512
21.48319
22.14076
21.49939
22.16314
21.5241
22.18521
21.53817
22.20692
21.5545
22.22247
21.5753
22.24364
21.59117
22.26224
21.60949
22.27922
21.62487
22.29479
21.64189
22.30959
21.65582
22.32501
21.67129
22.33981
21.68674
22.35675
21.69929
22.37279
21.71701
22.3873
21.73022
22.40511
21.74567
22.41985
21.76349
22.43201
21.77727
22.44812
21.79081
22.46594
21.80568
22.48219
21.82721
22.52412
21.84425
22.53818
21.86678
22.55294
21.88755
22.5657
21.90536
22.57664
21.92313
22.59146
21.93841
22.60548
21.95615
22.7015
21.97167
22.71706
21.99086
22.73175
22.00277
22.74731
22.02125
22.76295
22.03441
22.78084
22.05431
22.8023
22.07136
22.81335
22.08746
22.82817
22.09937
22.84443
22.12154
22.85999
22.13349
22.8739
22.15684
22.89071
22.16857
22.9026
22.19073
22.92424
22.20325
22.93613
22.23005
22.95853
22.24183
22.96957
22.26114
22.98443
22.28749
23.0038
22.30977
23.02184
22.33519
23.04191
22.35165
23.06042
22.37537
23.08046
22.38797
23.09597
22.40587
23.10631
22.42255
23.12198
22.43644
23.1404
22.45434
23.1565
22.47221
23.16909
22.49329
23.18617
22.52222
23.20327
22.53746
23.21665
22.55738
23.23288
22.56758
23.24904
22.57564
23.26689
22.59189
23.28391
22.60442
23.29712
22.61547
23.30898
22.63102
23.32793
22.64364
23.34707
22.6639
23.3634
22.68168
23.37886
22.73286
23.38852
22.74436
23.40626
22.75767
23.4178
22.77363
23.42971
22.78912
23.43989
22.8061
23.4597
22.81625
23.46854
22.83247
23.48555
22.84338
23.50107
22.85711
23.51324
22.86785
23.52573
22.87431
23.53748
22.88525
23.54986
22.89601
23.55712
22.90395
23.56633
22.91332
23.5765
22.91906
23.59056
22.92998
23.60531
22.94012
23.6193
22.95629
23.63326
22.96652
23.64656
22.97748
23.66357
23.01877
23.68665
23.02985
23.70526
23.04312
23.7179
23.05793
23.73426
23.07469
23.74838
23.08492
23.76541
23.09492
23.77477
23.10493
23.7896
23.11818
23.80148
23.18455
23.81994
23.19489
23.83334
23.21195
23.84666
23.22523
23.86181
23.23902
23.87434
23.25077
23.89417
23.26255
23.90851
23.27285
23.93016
23.28819
23.94621
23.32997
23.96693
23.354
23.98314
23.36285
23.99573
23.37612
24.01418
23.3893
24.02243
23.39736
24.03805
23.41511
24.05354
23.42856
24.06611
23.4548
24.08558
23.50442
24.10569
23.51993
24.11821
23.53329
24.13935
23.54869
24.15949
23.56421
24.17429
23.57511
24.19
23.58763
24.20716
23.59991
24.22319
23.61307
24.23502
23.6226
24.25527
23.63517
24.27003
23.64835
24.28413
23.66229
24.29747
23.67101
24.30815
23.68487
24.31693
23.69813
24.32555
23.70831
24.33278
23.71997
24.3453
23.73174
24.35482
23.74181
24.36583
23.75192
24.37986
23.7637
24.39092
23.77252
24.40047
23.78729
24.41667
23.80141
24.43058
23.81765
24.44248
23.83019
24.45865
23.85755
24.46525
23.873
24.48054
23.88247
24.4886
23.91842
24.50184
23.92422
24.51591
23.93674
24.52789
23.94701
24.54566
23.958
24.55839
23.97349
24.57671
23.98384
24.59003
23.99991
24.60633
24.00846
24.62
24.018
24.63557
24.03195
24.64721
24.04212
24.66028
24.05305
24.67403
24.061
24.68273
24.07187
24.691
24.08417
24.69944
24.09355
24.70449
24.10004
24.71153
24.10637
24.71797
24.11422
24.72821
24.11924
24.73892
24.12592
24.74601
24.13094
24.75104
24.13578
24.75745
24.14214
24.76284
24.14712
24.76787
24.15167
24.77363
24.15802
24.78682
24.16268
24.79782
24.16851
24.80729
24.17561
24.81827
24.18062
24.82854
24.18569
24.83898
24.19582
24.8489
24.20138
24.85995
24.20802
24.874
24.27577
24.88838
24.28445
24.89846
24.29685
24.91403
24.30846
24.9288
24.31415
24.93902
24.33461
24.9476
24.38192
24.95866
24.39523
24.97023
24.40034
24.97971
24.40735
24.98914
24.41435
24.99874
24.42447
25.0053
24.4309
25.01703
24.43724
25.02653
24.44588
25.03455
24.45232
25.04457
24.46167
25.05259
24.48219
25.0626
24.49493
25.07104
24.49947
25.07974
24.50738
25.09006
24.51527
25.101
24.52164
25.10819
24.53167
25.11849
24.54028
25.12426
24.54818
25.13214
24.55518
25.14314
24.5624
25.15316
24.56944
25.15895
24.57506
25.16591
24.58067
25.17311
24.58529
25.1803
24.60483
25.19124
24.60985
25.19631
24.61489
25.20266
24.6213
25.20823
24.62766
25.21327
24.63227
25.22565
24.6377
25.2352
24.64233
25.24764
24.65369
25.25495
24.67169
25.26309
24.67735
25.26885
24.68377
25.27754
24.69091
25.28267
24.69657
25.29065
24.70121
25.29796
24.70764
25.30883
24.71555
25.31752
24.72196
25.33736
24.72831
25.3513
24.73303
25.36088
24.74341
25.37099
24.75139
25.38132
24.76241
25.39401
24.77186
25.40738
24.78079
25.42302
24.8001
25.4354
24.80838
25.44419
24.81947
25.45143
24.82768
25.46552
24.83671
25.47286
24.84899
25.48175
24.86298
25.4963
24.87884
25.50516
24.88655
25.51824
24.89878
25.52633
24.90894
25.5379
24.92234
25.54677
24.93734
25.56007
24.94765
25.56873
24.96182
25.58208
24.9782
25.59603
24.9899
25.60994
25.00397
25.6195
25.01433
25.63435
25.03494
25.64996
25.05192
25.66557
25.06831
25.67885
25.0846
25.68837
25.09773
25.70297
25.10878
25.71325
25.12129
25.72273
25.13158
25.7337
25.14116
25.74022
25.15521
25.74903
25.16781
25.76078
25.18112
25.7731
25.19426
25.78441
25.20534
25.7925
25.21413
25.804
25.2258
25.81342
25.24128
25.82143
25.24936
25.83314
25.26415
25.8416
25.27725
25.85332
25.2836
25.8629
25.29379
25.87537
25.30254
25.88634
25.31344
25.89567
25.32063
25.90287
25.32939
25.90996
25.34405
25.91862
25.35269
25.92509
25.36934
25.93151
25.3751
25.937
25.38734
25.94416
25.39381
25.95061
25.40241
25.95861
25.40749
25.96878
25.41551
25.97662
25.42792
25.98381
25.43513
25.99684
25.43977
26.00529
25.44622
26.01394
25.45621
26.02036
25.46344
26.02754
25.47065
26.0322
25.48152
26.03934
25.48707
26.0458
25.49272
26.05524
25.4983
26.06035
25.50282
26.06902
25.50751
26.07546
25.51253
26.08269
25.51811
26.09057
25.5253
26.10004
25.53474
26.10957
25.54195
26.12123
25.55279
26.12929
25.55838
26.14061
25.56418
26.1506
25.57562
26.16163
25.58078
26.16967
25.59114
26.17927
25.59839
26.19039
25.60707
26.20126
25.61571
26.21021
25.62588
26.22448
25.63249
26.23668
25.64625
26.25198
25.6543
26.2661
25.69038
26.28237
25.70673
26.29482
25.7223
26.30827
25.73641
26.32269
25.74906
26.3376
25.7661
26.35014
25.77353
26.36755
25.78898
26.38156
25.79859
26.39423
25.80817
26.40396
25.81839
26.41786
25.82937
26.42812
25.84194
26.43758
25.85429
26.44783
25.8646
26.45599
25.87269
26.46333
25.88374
26.46995
25.89331
26.47666
25.90442
26.48478
25.9147
26.49154
25.92352
26.50275
25.93377
26.51529
25.94252
26.52022
25.9498
26.53511
25.97815
26.54015
25.98682
26.5574
25.99479
26.57166
26.00287
26.58743
26.01454
26.60231
26.02174
26.61556
26.02906
26.62951
26.0635
26.63766
26.06899
26.64729
26.08212
26.65631
26.09381
26.67051
26.10414
26.6817
26.11368
26.69213
26.12319
26.69883
26.13289
26.70849
26.14759
26.71816
26.15943
26.72855
26.17261
26.73954
26.18371
26.75125
26.20091
26.75937
26.21426
26.7698
26.22393
26.78178
26.23577
26.79452
26.25049
26.80573
26.26015
26.81681
26.27275
26.82877
26.28164
26.83695
26.29195
26.8459
26.30908
26.85418
26.32025
26.86538
26.33492
26.87571
26.3446
26.8869
26.39621
26.89576
26.40431
26.90614
26.41298
26.91664
26.42634
26.93017
26.43674
26.94667
26.44795
26.96076
26.46366
26.97498
26.47764
26.98635
26.48811
27.00504
26.50285
27.01771
26.5124
27.03275
26.52728
27.047
26.53984
27.06134
26.55469
27.08002
26.56339
27.09124
26.56925
27.10096
26.57724
27.11275
26.58831
27.12322
26.59644
27.1328
26.60647
27.13954
26.61524
27.15149
26.62552
27.16268
26.63139
27.17092
26.64452
27.18211
26.65103
27.19312
26.66144
27.19979
26.67413
27.20553
26.6868
27.21504
26.69714
27.22402
26.70366
27.23137
26.71329
27.23812
26.7212
27.24632
26.73013
27.25376
26.73607
27.26116
26.74551
27.26942
26.75143
27.27839
26.75898
27.28419
26.77449
27.29001
26.77988
27.30505
26.79019
27.33196
26.80271
27.34159
26.81319
27.34834
26.82668
27.35516
26.83839
27.36197
26.84575
27.37172
26.85542
27.37918
26.8629
27.38463
26.87711
27.39365
26.88984
27.40033
26.90163
27.40579
26.90699
27.41554
26.91502
27.42163
26.92547
27.42984
26.93364
27.43946
26.94116
27.45155
26.95082
27.46041
26.95569
27.47004
26.96072
27.48775
26.97323
27.49433
26.98
27.50155
26.98805
27.50746
26.99406
27.5165
27.00373
27.52556
27.00909
27.5344
27.01649
27.54469
27.02455
27.55284
27.03193
27.55968
27.04088
27.56794
27.04833
27.57447
27.05434
27.57947
27.06333
27.58621
27.07005
27.59215
27.07829
27.59878
27.08802
27.60623
27.09525
27.61599
27.10099
27.62651
27.10832
27.63393
27.11719
27.64141
27.12212
27.6468
27.13021
27.65347
27.13916
27.66102
27.1488
27.66695
27.15474
27.67431
27.1614
27.68253
27.17188
27.72921
27.17989
27.73413
27.18581
27.73951
27.1932
27.74676
27.20047
27.75505
27.20718
27.76158
27.21606
27.76808
27.22576
27.77347
27.234
27.78171
27.24147
27.78921
27.24873
27.79592
27.25388
27.8019
27.2659
27.80858
27.27098
27.81351
27.27829
27.81883
27.28427
27.82422
27.29096
27.83092
27.29785
27.83686
27.30449
27.8428
27.30953
27.84815
27.31538
27.85563
27.32221
27.86156
27.32819
27.86655
27.33395
27.87626
27.33885
27.88411
27.34427
27.88913
27.34941
27.89577
27.35771
27.9017
27.36618
27.90849
27.37284
27.91811
27.37896
27.9249
27.38403
27.9331
27.3896
27.93803
27.3952
27.94628
27.40211
27.95288
27.41017
27.95879
27.41763
27.98527
27.42595
27.99031
27.4365
27.99706
27.44468
28.00244
27.45217
28.00788
27.46014
28.01467
27.46556
28.02295
27.4715
28.029
27.47683
28.03647
27.4895
28.04547
27.49633
28.05144
27.50581
28.05752
27.51247
28.06578
27.51991
28.07311
27.52734
28.07912
27.53464
28.08503
27.54276
28.0905
27.54767
28.09864
27.5543
28.10464
27.56019
28.11064
27.56744
28.11601
27.57559
28.1221
27.58231
28.13037
27.59023
28.13861
27.59631
28.14541
27.60662
28.15517
27.61486
28.16013
27.62161
28.16914
27.63055
28.17518
27.63793
28.18118
27.64399
28.18639
27.65352
28.19129
27.66029
28.19669
27.6669
28.20274
27.67438
28.21027
27.68089
28.21858
27.68834
28.22764
27.69371
28.23426
27.70047
28.24002
27.70582
28.24546
27.71176
28.25448
27.7166
28.25941
27.72153
28.26434
27.7269
28.27091
27.73443
28.27634
27.74261
28.2824
27.75011
28.29054
27.7583
28.29736
27.76655
28.30637
27.77544
28.31296
27.7804
28.31897
27.79076
28.32405
27.79571
28.33307
27.8016
28.34209
27.80647
28.34889
27.81171
28.3565
27.81647
28.36551
27.82132
28.37052
27.8262
28.37661
27.83577
28.38542
27.84151
28.39522
27.84629
28.40196
27.85114
28.41167
27.85851
28.42147
27.86999
28.42797
27.88389
28.43534
27.8905
28.44488
27.89541
28.45024
27.90361
28.45568
27.91183
28.46242
27.91926
28.46913
27.92459
28.47511
27.93112
28.48043
27.9407
28.48541
27.94878
28.49223
27.95774
28.50269
27.96282
28.50869
27.97181
28.51541
27.97717
28.52037
27.98388
28.53023
27.98884
28.53567
27.99562
28.54539
28.00093
28.55041
28.00608
28.55873
28.01267
28.56771
28.01799
28.57369
28.03341
28.57969
28.06122
28.58717
28.0709
28.59324
28.0773
28.60066
28.08188
28.60737
28.08652
28.61485
28.09296
28.62308
28.09751
28.62968
28.10223
28.63692
28.1087
28.64181
28.11341
28.64709
28.11905
28.6524
28.12429
28.65815
28.13922
28.66297
28.16135
28.6678
28.17313
28.67264
28.17841
28.67752
28.18377
28.68418
28.19273
28.68924
28.20096
28.69825
28.20748
28.70654
28.21481
28.71473
28.22026
28.72135
28.22992
28.72808
28.23536
28.73635
28.24437
28.74181
28.25403
28.74844
28.25949
28.75459
28.26496
28.76115
28.27041
28.76627
28.27587
28.77603
28.28134
28.78111
28.28887
28.78721
28.29395
28.79482
28.30082
28.80165
28.30694
28.80845
28.31599
28.81517
28.32145
28.82569
28.32694
28.83078
28.33447
28.83828
28.3395
28.84883
28.34495
28.85711
28.35039
28.8622
28.35632
28.86975
28.36243
28.87663
28.3679
28.88945
28.37335
28.89543
28.37929
28.9032
28.38521
28.9116
28.39349
28.91921
28.39861
28.92598
28.4084
28.93162
28.41432
28.93862
28.42111
28.94563
28.42653
28.95194
28.43206
28.95967
28.45975
28.96606
28.47107
28.97474
28.47998
28.98358
28.48494
28.9946
28.53716
29.00224
28.59348
29.00839
28.59842
29.01967
28.60342
29.02526
28.61015
29.03243
28.61516
29.03896
28.62013
29.04754
28.62513
29.05441
28.63061
29.06199
28.63651
29.06789
28.64393
29.07335
28.64998
29.07941
28.65541
29.08548
28.66145
29.09152
28.66758
29.10047
28.67427
29.10805
28.68085
29.11485
28.68585
29.12176
28.69126
29.1301
28.6963
29.13903
28.70172
29.14587
28.70761
29.15413
28.71285
29.16026
28.7178
29.17067
28.72536
29.17904
28.73371
29.18748
28.74112
29.19648
28.74867
29.20154
28.75825
29.20975
28.76371
29.21579
28.76912
29.22192
28.77662
29.22734
28.7816
29.23282
28.78656
29.2402
28.79194
29.24623
28.79703
29.25129
28.80247
29.25862
28.81
29.26363
28.81676
29.26862
28.82282
29.27619
28.83039
29.2828
28.83701
29.2879
28.84245
29.2934
28.85077
29.30104
28.8598
29.30862
28.8659
29.31473
28.87267
29.32088
28.87812
29.32761
28.88493
29.33742
28.89233
29.34245
28.89733
29.34753
28.9056
29.35442
28.91222
29.36196
28.91876
29.36696
28.9248
29.3738
28.93151
29.38364
28.9369
29.39121
28.94288
29.39628
28.95111
29.40297
28.95636
29.40895
28.96971
29.41784
28.97573
29.4229
28.98394
29.4312
28.99067
29.43665
28.99611
29.44273
29.0027
29.44945
29.00807
29.45494
29.01403
29.46036
29.01924
29.46544
29.02567
29.4736
29.0377
29.47866
29.0436
29.48517
29.04881
29.49022
29.05533
29.49911
29.06203
29.50739
29.06743
29.51244
29.07489
29.51911
29.08086
29.52417
29.08758
29.52922
29.09291
29.53599
29.09964
29.54276
29.14113
29.54775
29.14601
29.55275
29.15093
29.55766
29.15688
29.5627
29.16289
29.5677
29.16879
29.57265
29.17366
29.57807
29.1786
29.583
29.18441
29.58802
29.19034
29.59344
29.19571
29.59843
29.20161
29.60347
29.20654
29.60895
29.21233
29.61572
29.21894
29.62073
29.2255
29.62685
29.23272
29.63422
29.23868
29.64328
29.24602
29.65148
29.25244
29.6565
29.25772
29.66146
29.26307
29.66695
29.26794
29.67373
29.27461
29.6792
29.28202
29.6845
29.29013
29.69065
29.29542
29.69818
29.30024
29.70367
29.30598
29.71123
29.31544
29.71638
29.32028
29.72916
29.325
29.73428
29.32995
29.74175
29.33726
29.7493
29.34457
29.75434
29.35043
29.76047
29.35549
29.76954
29.3606
29.77555
29.36714
29.78056
29.37224
29.78558
29.37781
29.79055
29.3826
29.79552
29.38749
29.80051
29.4056
29.80558
29.41037
29.8116
29.41519
29.82143
29.41991
29.82637
29.42482
29.83137
29.43218
29.83894
29.43881
29.84507
29.44689
29.85416
29.45175
29.86021
29.45761
29.86518
29.46429
29.87068
29.47017
29.87824
29.47748
29.88334
29.48234
29.89159
29.48725
29.89766
29.49682
29.90318
29.50562
29.9115
29.51043
29.91698
29.51523
29.92307
29.52006
29.92811
29.52491
29.93314
29.53227
29.93811
29.5372
29.9442
29.54377
29.95024
29.5689
29.9553
29.57549
29.96205
29.58203
29.96966
29.58725
29.97788
29.59307
29.98334
29.59793
29.98887
29.6053
29.99391
29.61411
29.9989
29.62467
30.00573
29.63936
30.01169
29.64408
30.01664
29.64932
30.02164
29.65586
30.02672
29.66169
30.03279
29.66755
30.03781
29.67276
30.04276
29.67751
30.04781
29.68231
30.05286
29.68699
30.0589
29.69174
30.06568
29.6966
30.07113
29.70133
30.07715
29.70654
30.08219
29.71135
30.08878
29.71614
30.09402
29.72094
30.09943
29.72572
30.10487
29.73064
30.11159
29.73862
30.1165
29.74343
30.12195
29.74867
30.1269
29.7545
30.13424
29.75971
30.13921
29.76454
30.14421
29.76939
30.15015
29.77664
30.15621
29.78191
30.16163
29.78996
30.16666
29.7947
30.17491
29.80062
30.17983
29.80782
30.18489
29.81368
30.19241
29.82176
30.19995
29.83058
30.20541
29.83546
30.21124
29.8403
30.21621
29.84828
30.22174
29.85308
30.22784
29.85829
30.23534
29.86319
30.24031
29.87053
30.24579
29.87578
30.25188
29.88164
30.25797
29.88752
30.26466
29.89568
30.26973
29.90095
30.2752
29.90827
30.28069
29.9141
30.28763
29.91887
30.29581
29.92376
30.30079
29.92961
30.30585
29.93589
30.31192
29.94066
30.31687
29.9454
30.32205
29.95018
30.33043
29.95597
30.34
29.96184
30.34545
29.96842
30.35054
29.97348
30.35814
29.97878
30.36322
29.98763
30.3708
29.99348
30.37761
29.99873
30.38262
30.00356
30.38777
30.00839
30.39461
30.01493
30.40144
30.02213
30.40692
30.02697
30.41376
30.03269
30.42047
30.0375
30.42734
30.04411
30.43482
30.04935
30.44368
30.05419
30.45176
30.06073
30.45785
30.06662
30.46333
30.07316
30.4709
30.08125
30.47698
30.08604
30.48383
30.091
30.49292
30.10169
30.49897
30.10812
30.50424
30.1155
30.5097
30.12203
30.51641
30.1269
30.52155
30.13427
30.52906
30.13913
30.53414
30.14641
30.54216
30.15285
30.54717
30.16021
30.55554
30.16973
30.5631
30.17451
30.56907
30.17948
30.57572
30.18757
30.5808
30.1933
30.58744
30.19857
30.59247
30.21045
30.59752
30.21706
30.60299
30.22375
30.60841
30.23336
30.61338
30.2382
30.61947
30.24396
30.62537
30.24979
30.63037
30.25455
30.63794
30.26042
30.644
30.26702
30.64948
30.27182
30.65616
30.27676
30.66121
30.28555
30.66726
30.29049
30.67405
30.29808
30.68007
30.30474
30.68549
30.3096
30.69092
30.31453
30.69585
30.31964
30.70127
30.33092
30.70728
30.33632
30.71612
30.34167
30.72121
30.34656
30.72726
30.35185
30.73402
30.35778
30.73903
30.36289
30.74444
30.369
30.74949
30.37579
30.755
30.3807
30.76099
30.38573
30.76707
30.39175
30.7739
30.39686
30.78067
30.40211
30.78681
30.40716
30.79665
30.4126
30.80214
30.41761
30.80952
30.42271
30.81461
30.42906
30.82289
30.43764
30.83046
30.44603
30.83594
30.45134
30.84279
30.45884
30.84958
30.46398
30.85465
30.47069
30.86151
30.47737
30.87057
30.48228
30.87609
30.48898
30.88503
30.49628
30.89017
30.50369
30.89844
30.50858
30.90454
30.51453
30.9112
30.52182
30.9188
30.52705
30.92564
30.53197
30.93067
30.53693
30.93575
30.54177
30.94307
30.54668
30.94908
30.5516
30.95418
30.55976
30.95923
30.5657
30.96469
30.57059
30.97017
30.57648
30.97687
30.58216
30.98194
30.58705
30.98885
30.59297
30.99568
30.59868
31.00181
30.604
31.01083
30.60991
31.01583
30.6148
31.02133
30.61971
31.02637
30.62569
31.03538
30.63388
31.04043
30.63921
31.04552
30.64453
31.05305
30.64984
31.06144
30.65522
31.07045
30.66344
31.07551
30.66936
31.081
30.67471
31.08791
30.68133
31.09382
30.6872
31.0988
30.69302
31.10426
30.69893
31.10928
30.70696
31.11603
30.71367
31.12217
30.71946
31.12724
30.72459
31.13336
30.7296
31.14092
30.73555
31.14604
30.74054
31.15441
30.75091
31.15936
30.75689
31.16439
30.76364
31.16944
30.76856
31.17553
30.77344
31.18239
30.77828
31.18917
30.78317
31.19601
30.78805
31.20206
30.79338
31.20966
30.79879
31.21718
30.8062
31.22333
30.81115
31.2309
30.816
31.23772
30.82096
31.24378
30.82769
31.24883
30.83361
31.25436
30.83898
31.25983
30.84495
31.26528
30.85028
31.27025
30.85518
31.27571
30.86273
31.28119
30.86945
31.28736
30.87515
31.29646
30.88011
31.30242
30.88674
31.30892
30.89349
31.31398
30.94908
31.31903
30.95396
31.32436
30.95885
31.32944
30.96468
31.33687
30.9706
31.34443
30.97557
31.34989
30.98581
31.35503
30.99066
31.3626
30.99561
31.36867
31.00051
31.37417
31.01011
31.3817
31.01548
31.38927
31.02366
31.39432
31.03191
31.39975
31.03857
31.40482
31.04343
31.41035
31.04932
31.42096
31.05673
31.4264
31.06157
31.43138
31.06648
31.43742
31.08591
31.4425
31.09175
31.44853
31.09669
31.45404
31.10264
31.45937
31.10799
31.46483
31.11295
31.46985
31.11883
31.47482
31.12368
31.4799
31.12863
31.48669
31.13405
31.4922
31.13945
31.49722
31.1454
31.50472
31.15078
31.50977
31.1567
31.51484
31.16271
31.52097
31.16766
31.52928
31.17266
31.53433
31.17937
31.53977
31.18435
31.54475
31.19031
31.5502
31.1953
31.5553
31.20131
31.56035
31.20628
31.56713
31.21166
31.57204
31.21763
31.57711
31.22254
31.58395
31.22927
31.59304
31.23467
31.59987
31.24344
31.60963
31.24943
31.61508
31.25533
31.62265
31.26135
31.62866
31.26888
31.63409
31.27568
31.64005
31.28467
31.64895
31.29059
31.65392
31.29668
31.65939
31.30263
31.66541
31.3087
31.67516
31.3177
31.68111
31.32374
31.68851
31.33045
31.69451
31.33534
31.6999
31.34031
31.70595
31.34529
31.71488
31.35068
31.71989
31.35555
31.72729
31.36054
31.73268
31.36602
31.73864
31.3714
31.74362
31.37634
31.74962
31.38307
31.75465
31.38798
31.76007
31.39397
31.76827
31.39998
31.77328
31.41032
31.77979
31.41528
31.7864
31.42074
31.7925
31.43127
31.79985
31.46066
31.80474
31.5103
31.80973
31.53302
31.81569
31.58045
31.82113
31.58614
31.82602
31.59147
31.83098
31.59806
31.83997
31.60393
31.84541
31.60923
31.85345
31.61413
31.85896
31.62012
31.86546
31.6281
31.87294
31.63485
31.8779
31.64134
31.88466
31.64669
31.8897
31.65557
31.89472
31.66045
31.90076
31.66539
31.90582
31.67072
31.91411
31.67664
31.91954
31.68249
31.92507
31.68897
31.93264
31.69383
31.94023
31.69862
31.94777
31.70348
31.95377
31.7086
31.9599
31.71386
31.96491
31.71914
31.96986
31.72429
31.97492
31.73088
31.98174
31.73677
31.98726
31.74205
31.99563
31.74692
32.00377
31.75219
32.01059
31.75721
32.01572
31.76528
32.02476
31.77015
32.02984
31.77507
32.03597
31.78097
32.04277
31.78605
32.04784
31.79141
32.05342
31.79806
32.06269
31.8054
32.07241
31.81032
32.07758
31.81774
32.0839
31.82296
32.09092
31.83237
32.09607
31.83831
32.10175
31.84363
32.10747
31.84933
32.11392
31.85528
32.12346
31.86183
32.13216
31.86679
32.14087
31.87171
32.14861
31.87703
32.15582
31.88731
32.16171
31.93911
32.16971
31.9913
32.17698
32.02115
32.18328
32.02799
32.18968
32.03695
32.19533
32.04196
32.20259
32.0495
32.20876
32.05546
32.21472
32.06232
32.22435
32.06913
32.23055
32.07518
32.23902
32.08113
32.24521
32.08608
32.25084
32.09114
32.25771
32.09799
32.26276
32.10345
32.26791
32.11015
32.2731
32.16598
32.27824
32.17256
32.28333
32.18265
32.28854
32.1876
32.2936
32.19269
32.29879
32.19775
32.30394
32.20281
32.3091
32.20779
32.31427
32.2129
32.3203
32.22047
32.32591
32.22553
32.33114
32.23059
32.33624
32.23608
32.34317
32.2411
32.34935
32.24618
32.35495
32.25303
32.36014
32.25822
32.36917
32.2638
32.37608
32.26966
32.38359
32.27469
32.39067
32.28057
32.39976
32.28563
32.40659
32.29078
32.41339
32.29769
32.41941
32.30367
32.4249
32.35403
32.43485
32.4038
32.45744
32.41528
32.47324
32.4221
32.48129
32.4282
32.4889
32.43367
32.49794
32.43872
32.50454
32.44414
32.5114
32.44958
32.51796
32.50711
32.5231
32.51199
32.52923
32.52274
32.53473
32.53745
32.53977
32.54726
32.54529
32.5522
32.55037
32.55707
32.55546
32.56209
32.56055
32.56696
32.56557
32.57188
32.57064
32.57684
32.57676
32.58182
32.58187
32.58673
32.58696
32.59163
32.59208
32.59671
32.59725
32.60268
32.60248
32.6077
32.6076
32.61275
32.6128
32.61779
32.61797
32.62277
32.62322
32.62787
32.6283
32.63547
32.63333
32.64055
32.63847
32.64558
32.64454
32.65057
32.64955
32.65549
32.65469
32.66049
32.66025
32.66555
32.66577
32.67052
32.67084
32.68597
32.67595
32.69099
32.68111
32.69601
32.68629
32.70096
32.69137
32.70597
32.69659
32.71104
32.70185
32.7162
32.70713
32.72124
32.71239
32.7264
32.71758
32.73161
32.72284
32.73674
32.72815
32.74196
32.73351
32.74712
32.73879
32.75229
32.74454
32.7575
32.74995
32.76276
32.75635
32.76787
32.76175
32.77308
32.76711
32.77824
32.77249
32.78336
32.77784
32.78851
32.78315
32.79371
32.78854
32.79885
32.79385
32.804
32.79917
32.80917
32.80451
32.81429
32.80988
32.81944
32.81525
32.82457
32.82071
32.82981
32.82622
32.83492
32.83169
32.84005
32.83718
32.8452
32.8427
32.85036
32.84824
32.85551
32.85386
32.86068
32.85956
32.86594
32.86522
32.87114
32.8709
32.87642
32.87649
32.88177
32.88213
32.88713
32.88783
32.89259
32.89347
32.89801
32.89907
32.90881
32.90474
32.91431
32.91033
32.91963
32.91604
32.92504
32.92178
32.93063
32.92744
32.93602
32.93316
32.94137
32.93902
32.94689
32.94482
32.95232
32.95067
32.95778
32.95671
32.96324
32.96261
32.96866
32.96847
32.97412
32.97437
32.9795
32.98002
32.98492
32.98571
32.99034
32.99135
32.99579
32.99693
33.00134
33.0025
33.00673
33.0081
33.01224
33.01372
33.01764
33.01925
33.02301
33.02492
33.02853
33.03052
33.03415
33.03616
33.03973
33.04183
33.04528
33.04743
33.0509
33.05302
33.05631
33.05865
33.06188
33.06417
33.06752
33.06973
33.07338
33.07518
33.07891
33.08075
33.08438
33.0863
33.09003
33.09191
33.09566
33.09749
33.10108
33.10302
33.10672
33.10875
33.11226
33.11425
33.11787
33.11993
33.12326
33.12558
33.12886
33.1312
33.13448
33.13667
33.13988
33.14266
33.14535
33.14843
33.15104
33.15416
33.15662
33.15984
33.16223
33.16559
33.16799
33.1712
33.17356
33.17686
33.17934
33.18251
33.18485
33.18816
33.19042
33.19367
33.19617
33.19945
33.20168
33.20504
33.20736
33.21081
33.21315
33.21641
33.21878
33.22227
33.22435
33.22799
33.23027
33.23362
33.23581
33.23939
33.24166
33.2451
33.24731
33.25086
33.25312
33.25661
33.25873
33.2624
33.26445
33.26796
33.27043
33.27392
33.27592
33.27946
33.28188
33.28511
33.28752
33.29084
33.29355
33.29673
33.29937
33.30233
33.30528
33.30798
33.31096
33.31349
33.31667
33.3192
33.32251
33.32478
33.32823
33.33034
33.33409
33.33601
33.34029
33.34146
33.34645
33.34706
33.35291
33.35267
33.35882
33.35834
33.36489
33.36395
33.37051
33.36963
33.37638
33.37531
33.38224
33.38119
33.38815
33.38683
33.39387
33.39268
33.3996
33.40965
33.40562
33.41515
33.41137
33.4207
33.41718
33.42614
33.42281
33.43704
33.42847
33.44247
33.43442
33.44788
33.44003
33.45323
33.44621
33.45862
33.45213
33.46417
33.45787
33.46966
33.46358
33.48071
33.46938
33.49197
33.47558
33.49773
33.48168
33.50325
33.4872
33.50902
33.49356
33.51471
33.49904
33.52042
33.50521
33.52614
33.51147
33.53743
33.517
33.5544
33.52316
33.56011
33.52908
33.56583
33.53474
33.57142
33.5401
33.57702
33.54562
33.58284
33.55116
33.59328
33.5566
33.59895
33.56203
33.60462
33.56736
33.61029
33.57285
33.61603
33.57819
33.62195
33.5838
33.62776
33.5901
33.63378
33.59608
33.63964
33.60248
33.6457
33.60891
33.65195
33.61536
33.65826
33.62183
33.6645
33.6283
33.67049
33.63484
33.67648
33.64132
33.68256
33.64779
33.68876
33.65427
33.69481
33.6604
33.7007
33.66694
33.70663
33.67275
33.71248
33.679
33.71816
33.6851
33.72413
33.6914
33.72993
33.69735
33.73582
33.70314
33.7416
33.70918
33.74745
33.7151
33.75309
33.72128
33.75902
33.72771
33.76479
33.73424
33.77055
33.74053
33.77633
33.74701
33.78201
33.75346
33.78768
33.75955
33.79345
33.76571
33.79914
33.77169
33.80479
33.77747
33.81044
33.78341
33.82745
33.78892
33.83297
33.7947
33.83883
33.80048
33.84444
33.80619
33.85005
33.81183
33.85566
33.81749
33.86146
33.82319
33.8668
33.82905
33.87192
33.83463
33.87694
33.83998
33.88202
33.84536
33.88696
33.85128
33.89173
33.8564
33.8966
33.8616
33.90155
33.86703
33.9065
33.87213
33.91134
33.87749
33.91617
33.88288
33.92116
33.88805
33.92589
33.8931
33.93132
33.8993
33.93658
33.90451
33.94157
33.91016
33.94691
33.91566
33.95229
33.92094
33.95773
33.92721
33.96323
33.93341
33.96862
33.93888
33.97411
33.94481
33.97965
33.95074
33.98502
33.95656
33.9906
33.96281
33.99611
33.96926
34.00162
33.97501
34.00724
33.98134
34.02946
33.9876
34.03513
33.99336
34.04054
33.99986
34.04601
34.00545
34.05166
34.01104
34.06264
34.01657
34.06802
34.02179
34.07347
34.02807
34.07922
34.03443
34.08471
34.04071
34.09016
34.04622
34.0955
34.05236
34.10082
34.05862
34.10614
34.06479
34.11158
34.07109
34.1171
34.07741
34.12232
34.0834
34.13337
34.08982
34.13874
34.09633
34.14416
34.10279
34.14961
34.10926
34.15509
34.11573
34.16047
34.12221
34.16586
34.12872
34.1712
34.13522
34.17662
34.1417
34.18211
34.14818
34.19828
34.15466
34.20362
34.16086
34.21438
34.1674
34.21973
34.17388
34.22522
34.18036
34.23617
34.18673
34.24163
34.19321
34.24714
34.19975
34.25261
34.2058
34.25836
34.21193
34.2637
34.21824
34.26929
34.22424
34.27486
34.23045
34.28044
34.23672
34.28588
34.2429
34.29153
34.24915
34.29699
34.25532
34.30279
34.26133
34.3083
34.26731
34.31419
34.27347
34.31977
34.27927
34.32579
34.28549
34.33152
34.29148
34.33724
34.29763
34.34302
34.30391
34.34888
34.31035
34.35468
34.31658
34.36036
34.32305
34.36628
34.32959
34.37193
34.33607
34.41326
34.34221
34.42516
34.34848
34.45523
34.35429
34.46711
34.36029
34.47302
34.36677
34.47917
34.37322
34.48499
34.37969
34.49092
34.38616
34.49695
34.39254
34.50275
34.39908
34.50874
34.40513
34.51462
34.41098
34.52064
34.41729
34.52659
34.42375
34.53255
34.43025
34.53846
34.43673
34.54443
34.4432
34.55043
34.44968
34.55634
34.45616
34.56187
34.4627
34.56789
34.46918
34.57351
34.47565
34.57914
34.48214
34.58491
34.48861
34.59044
34.49509
34.596
34.50163
34.6017
34.50811
34.60722
34.51458
34.61274
34.52106
34.61844
34.52753
34.62401
34.53407
34.62956
34.54055
34.63515
34.54704
34.6407
34.55351
34.6464
34.55999
34.652
34.56653
34.6577
34.57301
34.66339
34.57949
34.6691
34.58596
34.67485
34.59208
34.68072
34.59834
34.68638
34.60443
34.69217
34.61045
34.69804
34.61606
34.70383
34.62195
34.7095
34.62804
34.71561
34.63408
34.72139
34.63962
34.72723
34.64554
34.73321
34.65133
34.73901
34.65715
34.74477
34.66319
34.75079
34.66935
34.75673
34.67529
34.76234
34.68131
34.76826
34.68776
34.77395
34.69385
34.78003
34.70031
34.78593
34.7063
34.79774
34.71211
34.80354
34.71855
34.81564
34.725
34.82171
34.73129
34.8278
34.73776
34.83418
34.7439
34.84027
34.75037
34.84652
34.75685
34.85256
34.76323
34.8591
34.7697
34.86547
34.77577
34.87158
34.78196
34.87778
34.78819
34.88395
34.79438
34.89025
34.8005
34.89632
34.80697
34.90259
34.81314
34.90859
34.81903
34.91457
34.82508
34.92041
34.83081
34.92654
34.83722
34.93235
34.84366
34.93828
34.85012
34.94409
34.85658
34.94991
34.86312
34.95593
34.86959
34.96743
34.87607
34.97311
34.88255
34.98475
34.88903
34.99053
34.89557
34.99632
34.90205
35.00225
34.90852
35.00817
34.915
35.01392
34.92148
35.01989
34.92756
35.02581
34.93353
35.0317
34.93999
35.03758
34.94634
35.04335
34.95274
35.04926
34.95922
35.05518
34.96553
35.06109
34.97201
35.06681
34.97847
35.07293
34.98495
35.07878
34.99136
35.08454
34.99789
35.09038
35.00437
35.0961
35.01085
35.10196
35.01733
35.10771
35.0238
35.11342
35.03035
35.11943
35.03683
35.13101
35.0433
35.13682
35.04978
35.1426
35.05626
35.14855
35.0628
35.15438
35.06928
35.16628
35.07576
35.17258
35.08224
35.1785
35.08871
35.18459
35.09519
35.19061
35.10173
35.1965
35.10821
35.20251
35.11469
35.20839
35.12117
35.21428
35.12764
35.22624
35.13418
35.23212
35.14066
35.23798
35.14714
35.24393
35.15362
35.24987
35.16009
35.25565
35.16763
35.26149
35.17411
35.26743
35.18058
35.27901
35.18706
35.28493
35.19353
35.30264
35.20008
35.31432
35.20655
35.36151
35.21304
35.36718
35.21951
35.37306
35.22599
35.37883
35.23253
35.38467
35.23901
35.39052
35.24549
35.39615
35.25197
35.4019
35.25845
35.40759
35.26499
35.41344
35.27147
35.41903
35.27795
35.42484
35.28442
35.43047
35.2909
35.43621
35.29745
35.44181
35.30393
35.44754
35.3104
35.45314
35.31688
35.45876
35.32336
35.46433
35.3299
35.46995
35.33638
35.47554
35.34286
35.49782
35.34934
35.50877
35.35582
35.52522
35.36236
35.53618
35.36883
35.54171
35.37531
35.5582
35.38179
35.56358
35.38827
35.56895
35.39474
35.57424
35.40129
35.57966
35.40776
35.58497
35.41424
35.59045
35.42072
35.59573
35.4272
35.60107
35.43374
35.60649
35.44022
35.61181
35.4467
35.61721
35.45318
35.62261
35.45966
35.62784
35.4662
35.63319
35.47268
35.6386
35.47905
35.64385
35.48553
35.64919
35.49201
35.65461
35.49855
35.65991
35.50472
35.66518
35.5112
35.67059
35.51736
35.67595
35.52383
35.6813
35.53038
35.68669
35.53662
35.69221
35.543
35.69778
35.54922
35.70321
35.5557
35.70869
35.56183
35.71436
35.5678
35.71995
35.57398
35.72539
35.57984
35.73129
35.58628
35.73703
35.59274
35.74265
35.59858
35.74869
35.60468
35.75447
35.61077
35.76034
35.61723
35.76632
35.62297
35.77225
35.62922
35.77806
35.63527
35.78409
35.64173
35.78987
35.64769
35.79574
35.65396
35.80152
35.66042
35.80732
35.6669
35.81294
35.67334
35.81876
35.6796
35.82456
35.68591
35.83028
35.69239
35.83605
35.69892
35.84184
35.70521
35.84756
35.71125
35.85318
35.71735
35.85905
35.72382
35.86478
35.7298
35.87066
35.73591
35.87654
35.74195
35.88242
35.74816
35.8882
35.7539
35.89414
35.76011
35.8999
35.76599
35.90591
35.77209
35.91164
35.77854
35.91746
35.78424
35.92325
35.79068
35.92891
35.79719
35.93439
35.80365
35.93998
35.80952
35.94569
35.81596
35.95105
35.82181
35.95673
35.82826
35.96211
35.83444
35.96774
35.84048
35.97306
35.84695
35.97852
35.85328
35.98404
35.85962
35.98945
35.86588
35.99492
35.87235
36.00035
35.87856
36.00579
35.88504
36.01111
35.89103
36.01648
35.89756
36.02193
35.90375
36.02733
35.90957
36.03275
35.91566
36.038
35.92211
36.04332
35.92811
36.04852
35.93435
36.05373
35.94004
36.05902
35.94647
36.06424
35.95272
36.06953
35.95887
36.07489
35.96534
36.0804
35.97171
36.08573
35.97809
36.09126
35.98431
36.09663
35.99035
36.10199
35.99658
36.10747
36.00291
36.11289
36.00928
36.11835
36.01576
36.12667
36.02182
36.13206
36.02829
36.1376
36.03432
36.14336
36.04078
36.14882
36.04674
36.15443
36.0532
36.15984
36.05934
36.16528
36.06541
36.17103
36.07187
36.17675
36.07815
36.1823
36.08403
36.18807
36.09037
36.19374
36.0969
36.19944
36.10337
36.20486
36.10979
36.21032
36.1159
36.21593
36.12211
36.22165
36.12804
36.22714
36.13438
36.23266
36.14085
36.23822
36.14716
36.24366
36.15321
36.24929
36.159
36.25484
36.16545
36.26035
36.17138
36.26609
36.17752
36.2715
36.18373
36.27694
36.18971
36.28246
36.19623
36.28802
36.2027
36.29351
36.209
36.29905
36.21509
36.30437
36.22092
36.31004
36.22737
36.31554
36.23389
36.32125
36.24004
36.32679
36.246
36.33222
36.25201
36.33789
36.25843
36.34335
36.26496
36.34896
36.27104
36.35456
36.27748
36.36018
36.28371
36.36555
36.28986
36.37135
36.29639
36.37686
36.302
36.38236
36.30768
36.38787
36.31384
36.39348
36.3193
36.39891
36.32524
36.40451
36.33117
36.40987
36.33677
36.4152
36.34276
36.42091
36.34853
36.42635
36.35499
36.43177
36.36063
36.4371
36.36681
36.44254
36.37263
36.44797
36.37894
36.45327
36.38456
36.45867
36.39087
36.46402
36.3969
36.46935
36.40321
36.47475
36.4151
36.48006
36.42096
36.48536
36.42725
36.49077
36.43286
36.49604
36.43896
36.50137
36.44539
36.50666
36.45104
36.51195
36.45683
36.5174
36.46264
36.52264
36.46904
36.52811
36.47489
36.53331
36.48069
36.53872
36.48661
36.54393
36.49216
36.54935
36.49805
36.55462
36.50436
36.55985
36.51004
36.56515
36.51567
36.57046
36.52824
36.57565
36.53416
36.58086
36.54061
36.58624
36.5522
36.59155
36.55858
36.59672
36.56437
36.60194
36.57002
36.60735
36.57571
36.61256
36.5816
36.6178
36.59338
36.62321
36.59966
36.62837
36.60516
36.63402
36.61132
36.63929
36.61739
36.64474
36.62383
36.65034
36.63034
36.6558
36.63627
36.66131
36.64219
36.66667
36.64813
36.67217
36.65393
36.67768
36.66557
36.68317
36.67192
36.68866
36.67799
36.69395
36.68387
36.69957
36.68964
36.705
36.6954
36.71054
36.70104
36.71606
36.70662
36.72164
36.71298
36.72713
36.71874
36.73278
36.72473
36.73839
36.73042
36.74376
36.73626
36.74948
36.7426
36.75499
36.74837
36.76056
36.75422
36.76601
36.75996
36.77156
36.7655
36.77748
36.77187
36.783
36.77776
36.78859
36.7836
36.79424
36.78944
36.79987
36.79519
36.80531
36.80116
36.81064
36.80742
36.81629
36.81326
36.82222
36.81886
36.82769
36.82499
36.83332
36.83087
36.83895
36.83728
36.84444
36.84337
36.85015
36.84901
36.85597
36.85521
36.86133
36.86086
36.86731
36.86665
36.87314
36.87233
36.8789
36.87788
36.88453
36.88335
36.89047
36.889
36.89627
36.89477
36.90213
36.9003
36.90798
36.90667
36.91422
36.91225
36.92032
36.91793
36.92608
36.92373
36.93214
36.92945
36.93797
36.93518
36.94387
36.94114
36.9503
36.9468
36.95612
36.95322
36.96212
36.95882
36.96815
36.96488
36.97435
36.97123
36.98054
36.97692
36.98649
36.98281
36.99301
36.98856
36.99922
36.9948
