0.00868556
0.00830243
0.01505704
0.01430841
0.02141754
0.02050384
0.02783414
0.02664905
0.03419917
0.03276765
0.04054683
0.03895314
0.04691567
0.04518875
0.05327326
0.05142824
0.0596942
0.05763274
0.06604236
0.0640045
0.07239032
0.07020272
0.07874643
0.07637783
0.08509777
0.08254451
0.09150605
0.08874651
0.09785248
0.09498212
0.1042024
0.1012666
0.1105482
0.1074708
0.1169015
0.1136333
0.1233119
0.1197338
0.1296702
0.1259922
0.136029
0.132221
0.1423934
0.138437
0.1487533
0.1447122
0.1551575
0.1509537
0.1615509
0.1572773
0.167916
0.1635252
0.17427
0.1698434
0.1806212
0.1760323
0.1869777
0.1822596
0.1933985
0.1884346
0.1997593
0.1945992
0.2061363
0.2008284
0.2124958
0.2068992
0.2188503
0.2128469
0.2252771
0.218817
0.2316422
0.2247691
0.2380091
0.2306484
0.2443711
0.2365483
0.250725
0.2422968
0.2571435
0.2480942
0.2634978
0.2538984
0.2698646
0.2596067
0.2762393
0.2653315
0.2825992
0.2709961
0.2890409
0.2766087
0.295402
0.2822107
0.3017703
0.2878452
0.3081413
0.2935224
0.3145049
0.2992471
0.3208612
0.3047993
0.3271762
0.3103701
0.333374
0.3160012
0.3397218
0.3215991
0.345819
0.3271809
0.3519628
0.3329138
0.3639274
0.3384494
0.369696
0.3440951
0.3755152
0.3497073
0.3813797
0.3552843
0.3871692
0.3608802
0.3929585
0.3665178
0.3986918
0.3720739
0.4044493
0.3776197
0.4101035
0.383157
0.4158014
0.3886902
0.4214454
0.3942111
0.4271764
0.3998269
0.4327992
0.4053187
0.4384345
0.4108707
0.4440491
0.4163496
0.4496929
0.4218185
0.45542
0.4272829
0.4610431
0.4328495
0.4666969
0.4382703
0.4723532
0.4436786
0.4779448
0.4490536
0.4835719
0.4544078
0.4892219
0.4597054
0.4948031
0.4651429
0.5003967
0.4703969
0.5059604
0.4757095
0.5115229
0.4810332
0.5170708
0.4863341
0.5227188
0.4916446
0.5282584
0.4970469
0.5337831
0.5023758
0.5393125
0.5077549
0.5447996
0.513086
0.5503162
0.5184298
0.5558539
0.5237755
0.5613515
0.5291461
0.5668055
0.5345731
0.5722223
0.5399439
0.5776765
0.5452815
0.5831226
0.5506312
0.5885851
0.5559437
0.5939869
0.5613104
0.5993597
0.5667518
0.6047515
0.5720748
0.6101472
0.5774252
0.6155702
0.5827559
0.6209512
0.588087
0.6263905
0.5933806
0.6317551
0.5987411
0.6371176
0.6040702
0.6424589
0.6093578
0.6478006
0.6146244
0.6531757
0.6199326
0.6585756
0.6252637
0.6639279
0.630605
0.6692504
0.6358364
0.674594
0.6411195
0.679967
0.6463801
0.6853231
0.6515653
0.6907358
0.6568068
0.6960834
0.6620258
0.7014295
0.6673149
0.7067707
0.6725607
0.7121247
0.6777877
0.7174646
0.6830272
0.722856
0.6882772
0.7281808
0.6934935
0.7335372
0.698779
0.7388766
0.7039997
0.7442578
0.7091997
0.7496555
0.7144452
0.7550491
0.7196226
0.7604845
0.7248042
0.7658345
0.7300541
0.7712054
0.7352254
0.7765594
0.7403935
0.7819447
0.7455498
0.7873179
0.7507206
0.7927384
0.7558748
0.7980924
0.7610455
0.8034589
0.7662515
0.8087963
0.7714161
0.8141507
0.7765911
0.8194796
0.7817639
0.8249026
0.7869366
0.8302565
0.7921261
0.8356064
0.797376
0.840944
0.8026072
0.8462771
0.8077884
0.8516084
0.8129903
0.8569977
0.8181629
0.8622915
0.8233669
0.8675982
0.8285607
0.8728852
0.8338293
0.878152
0.8390318
0.8834186
0.8442272
0.8887455
0.8494421
0.8940225
0.8546436
0.8992597
0.8598416
0.9045367
0.8651163
0.9097617
0.8703309
0.9150156
0.8755369
0.9202218
0.8807285
0.9255362
0.8859493
0.9307426
0.891166
0.9359928
0.896368
0.9412382
0.901628
0.9465276
0.9068406
0.9517882
0.9120614
0.9571337
0.9172655
0.9623754
0.9224799
0.967696
0.9277027
0.9729482
0.9329901
0.9782252
0.9382032
0.9834835
0.94342
0.9887812
0.9486303
0.9940401
0.9538237
0.9992873
0.9590613
1.004543
0.9643466
1.009798
0.9695634
1.015031
0.9747695
1.02026
0.9799696
1.025539
0.9851714
1.030802
0.9902962
1.036083
0.9954568
1.041324
1.000654
1.046557
1.005782
1.051809
1.010907
1.057099
1.016021
1.062357
1.021071
1.067603
1.026175
1.072821
1.031318
1.078063
1.036395
1.083253
1.041443
1.088492
1.046487
1.093736
1.051514
1.098923
1.056578
1.1041
1.061618
1.10915
1.066717
1.114229
1.071774
1.119149
1.07688
1.124248
1.081947
1.129219
1.087043
1.134244
1.092116
1.139207
1.097282
1.144183
1.102378
1.149158
1.107488
1.154069
1.112615
1.159127
1.11773
1.164064
1.122844
1.169024
1.127975
1.173997
1.13314
1.178968
1.138246
1.18388
1.143325
1.189019
1.148414
1.194011
1.153481
1.198933
1.158533
1.203908
1.163672
1.208914
1.168741
1.213772
1.173753
1.218747
1.178829
1.223782
1.183853
1.228749
1.188885
1.233717
1.193892
1.238688
1.198971
1.243644
1.203981
1.248596
1.20901
1.25365
1.214026
1.258587
1.21903
1.263593
1.224047
1.27365
1.229084
1.316934
1.234155
1.358374
1.23919
1.398129
1.244213
1.403148
1.249267
1.408148
1.254311
1.413089
1.259361
1.418118
1.264482
1.423208
1.26955
1.428186
1.274617
1.433181
1.2797
1.438152
1.28478
1.443148
1.289867
1.448138
1.294942
1.453139
1.300048
1.458212
1.305146
1.463247
1.310215
1.468278
1.315304
1.473307
1.32041
1.478343
1.325546
1.483386
1.330735
1.48848
1.335871
1.493578
1.341016
1.49864
1.346187
1.503732
1.351391
1.508804
1.356564
1.5139
1.36177
1.519009
1.366949
1.524178
1.372141
1.529274
1.377309
1.534372
1.382507
1.539453
1.387747
1.544565
1.392928
1.549636
1.39818
1.554759
1.403373
1.559923
1.408583
1.565037
1.413817
1.570144
1.418992
1.575267
1.424169
1.580366
1.429379
1.585518
1.434498
1.590687
1.439712
1.595835
1.44489
1.600952
1.4501
1.606589
1.455288
1.611641
1.460492
1.616793
1.465752
1.622049
1.470967
1.627211
1.476169
1.632376
1.481388
1.637557
1.486585
1.642757
1.491812
1.647974
1.497092
1.653182
1.502308
1.658482
1.50752
1.663673
1.512747
1.66889
1.51798
1.67409
1.523195
1.679321
1.528428
1.684554
1.533718
1.68985
1.538945
1.695082
1.544199
1.700319
1.549413
1.705567
1.554663
1.710798
1.559903
1.716033
1.565198
1.721644
1.570428
1.726906
1.575667
1.73215
1.580921
1.737398
1.586154
1.742646
1.591402
1.7479
1.59671
1.753145
1.601954
1.758481
1.607248
1.763714
1.612495
1.768989
1.617743
1.774249
1.622978
1.779506
1.6282
1.784987
1.633507
1.790233
1.638735
1.795512
1.643984
1.800745
1.649207
1.805997
1.654478
1.811276
1.659718
1.816559
1.665067
1.821905
1.670328
1.827226
1.675615
1.832561
1.680884
1.837899
1.686159
1.843309
1.691451
1.848713
1.69679
1.85409
1.702079
1.8595
1.707375
1.864854
1.712633
1.870186
1.717939
1.875502
1.723237
1.88085
1.728552
1.886123
1.733904
1.89145
1.739192
1.896727
1.744466
1.902054
1.749714
1.907347
1.754954
1.912616
1.760151
1.917875
1.765422
1.923193
1.770608
1.928476
1.775766
1.933743
1.780933
1.939047
1.786147
1.944339
1.791331
1.949611
1.796545
1.954909
1.801785
1.960285
1.807012
1.965565
1.812276
1.970857
1.817526
1.976144
1.822734
1.981426
1.827899
1.986742
1.833107
1.991992
1.838257
1.997277
1.843409
2.002533
1.848519
2.007826
1.853617
2.013098
1.858759
2.018373
1.863988
2.023717
1.869094
2.029006
1.874204
2.034314
1.879321
2.039593
1.884435
2.044899
1.889542
2.050225
1.894675
2.055612
1.899783
2.060949
1.904921
2.06628
1.910054
2.071616
1.915199
2.076945
1.920358
2.082262
1.925497
2.087615
1.930705
2.093007
1.935863
2.098334
1.94102
2.103659
1.946185
2.108988
1.951335
2.11429
1.956524
2.119651
1.961703
2.125057
1.966953
2.130411
1.972151
2.135754
1.977299
2.141094
1.982493
2.146438
1.987667
2.151821
1.992815
2.157219
1.998074
2.162585
2.00327
2.167933
2.008461
2.17329
2.01369
2.178679
2.018909
2.184089
2.02414
2.189514
2.02938
2.194883
2.037497
2.200258
2.042716
2.205599
2.047987
2.210949
2.053285
2.216312
2.058564
2.221685
2.063891
2.22698
2.069182
2.232347
2.074534
2.237701
2.079874
2.243053
2.085178
2.248434
2.090482
2.253776
2.095797
2.259205
2.101186
2.264549
2.106509
2.269901
2.111821
2.27523
2.117146
2.280569
2.122463
2.285898
2.127773
2.29127
2.133158
2.296577
2.13849
2.301907
2.143808
2.307244
2.149127
2.3126
2.154462
2.317931
2.159771
2.323352
2.165158
2.328702
2.170497
2.334046
2.175825
2.339412
2.181168
2.344837
2.186491
2.350206
2.191816
2.355635
2.19723
2.360997
2.20257
2.366407
2.207907
2.371751
2.213278
2.377147
2.218626
2.382522
2.223976
2.387901
2.229353
2.393316
2.234745
2.398697
2.240105
2.404132
2.245467
2.409493
2.250846
2.414899
2.256238
2.420259
2.261619
2.425734
2.267042
2.431173
2.272398
2.436574
2.277748
2.441966
2.283121
2.44736
2.288473
2.452749
2.293794
2.45823
2.299192
2.463605
2.304533
2.469019
2.309865
2.474414
2.3152
2.479807
2.320564
2.485186
2.325921
2.490689
2.331337
2.496097
2.336689
2.50157
2.342047
2.507038
2.347391
2.512568
2.352758
2.518159
2.358145
2.523905
2.363624
2.529519
2.369057
2.535198
2.374514
2.540886
2.380012
2.546455
2.385509
2.552138
2.391022
2.557892
2.39658
2.563517
2.402113
2.569159
2.407659
2.574705
2.413174
2.58029
2.418749
2.585861
2.424347
2.591458
2.429955
2.596912
2.435505
2.602343
2.44108
2.607745
2.446615
2.61317
2.452225
2.618566
2.457844
2.624012
2.463454
2.629326
2.469023
2.634626
2.474537
2.639909
2.480047
2.645197
2.48556
2.65048
2.491106
2.655834
2.496701
2.661144
2.502264
2.666448
2.507789
2.671794
2.513289
2.677146
2.518805
2.682505
2.52433
2.687873
2.529832
2.69328
2.535422
2.698588
2.540953
2.703921
2.546483
2.70925
2.551999
2.714565
2.557515
2.719881
2.563034
2.725296
2.568626
2.730637
2.574194
2.735948
2.579749
2.741283
2.585293
2.746589
2.59077
2.75192
2.596296
2.757316
2.601892
2.762647
2.607425
2.767985
2.61295
2.773347
2.618495
2.778647
2.623999
2.783959
2.629502
2.78932
2.635018
2.794624
2.64047
2.799924
2.645918
2.805223
2.651435
2.810476
2.656914
2.815734
2.662412
2.821021
2.667922
2.826357
2.673318
2.831632
2.678734
2.836888
2.684139
2.842152
2.689547
2.847398
2.694959
2.852648
2.700422
2.857927
2.705917
2.863167
2.711353
2.868388
2.716749
2.873621
2.722178
2.878844
2.727629
2.88405
2.733096
2.889354
2.738555
2.8946
2.743953
2.899791
2.749426
2.905035
2.754863
2.910281
2.760317
2.915498
2.765806
2.920714
2.771246
2.926008
2.776721
2.931226
2.782204
2.936412
2.787677
2.941622
2.793108
2.946841
2.798604
2.95203
2.804054
2.957316
2.809515
2.962537
2.814985
2.967741
2.820416
2.972942
2.825918
2.978138
2.831493
2.983347
2.836928
2.988672
2.842413
2.993934
2.847875
2.99915
2.853323
3.004344
2.858796
3.009579
2.864366
3.014815
2.869859
3.020027
2.875315
3.025314
2.880792
3.030514
2.88625
3.035722
2.891733
3.040958
2.897273
3.04617
2.902754
3.051383
2.908192
3.056653
2.91371
3.061874
2.919187
3.067076
2.924729
3.072303
2.930287
3.077505
2.935741
3.082724
2.941252
3.087938
2.946749
3.093213
2.952239
3.098417
2.957712
3.103596
2.96317
3.108761
2.96873
3.113996
2.974181
3.119241
2.979633
3.124532
2.985135
3.129738
2.990622
3.134999
2.996099
3.140255
3.001724
3.145532
3.007262
3.150759
3.012845
3.156049
3.018435
3.161304
3.024033
3.166544
3.029619
3.171794
3.035283
3.177038
3.040881
3.182315
3.046506
3.187567
3.052121
3.19291
3.057702
3.198188
3.0633
3.2035
3.068892
3.20876
3.074525
3.214071
3.080179
3.219322
3.085787
3.224733
3.091302
3.229989
3.096962
3.235279
3.102543
3.240585
3.108162
3.245882
3.113703
3.251211
3.119283
3.25658
3.124901
3.261916
3.130553
3.267245
3.136213
3.272568
3.141844
3.277876
3.147444
3.283205
3.153065
3.288574
3.158723
3.293915
3.164446
3.299267
3.170054
3.304627
3.175711
3.309963
3.18138
3.315271
3.187
3.32064
3.192577
3.326092
3.198271
3.331471
3.203932
3.336804
3.209577
3.342129
3.215219
3.3475
3.220892
3.352858
3.226605
3.358312
3.232389
3.363639
3.238191
3.369097
3.244062
3.374583
3.249876
3.380102
3.255737
3.385658
3.261597
3.391216
3.267368
3.396807
3.273218
3.402375
3.278982
3.407942
3.284689
3.413528
3.290494
3.419021
3.296173
3.424579
3.301896
3.430142
3.307571
3.435711
3.313209
3.441617
3.318802
3.44716
3.324446
3.452646
3.330094
3.458219
3.335698
3.463686
3.341315
3.469286
3.346898
3.47484
3.352494
3.480371
3.357981
3.485821
3.363683
3.491331
3.369331
3.496743
3.374933
3.502181
3.380458
3.507587
3.386072
3.513033
3.391758
3.518419
3.397432
3.523893
3.403105
3.529285
3.408724
3.534703
3.414318
3.540101
3.419886
3.545493
3.425478
3.550891
3.431009
3.556318
3.436586
3.561774
3.442128
3.567195
3.447605
3.572565
3.453061
3.577971
3.458551
3.583299
3.464165
3.58875
3.469522
3.594102
3.474963
3.599483
3.48039
3.604856
3.485775
3.610208
3.491221
3.615556
3.496715
3.620868
3.502206
3.626274
3.507721
3.631614
3.513225
3.636909
3.518731
3.642204
3.524289
3.647545
3.529837
3.652901
3.535446
3.658297
3.540995
3.663682
3.546607
3.668986
3.552228
3.674315
3.557887
3.67959
3.563596
3.684963
3.569318
3.690392
3.575038
3.695873
3.580724
3.701225
3.586478
3.706592
3.592165
3.711973
3.597922
3.71744
3.603559
3.723033
3.609222
3.728483
3.614888
3.733915
3.620626
3.739356
3.626309
3.744821
3.632095
3.750371
3.637737
3.755971
3.643419
3.761485
3.649179
3.767085
3.654945
3.772671
3.660776
3.778273
3.666594
3.783883
3.67245
3.789533
3.678204
3.795129
3.683935
3.800775
3.689706
3.806535
3.695397
3.812237
3.70119
3.817864
3.70688
3.823542
3.712565
3.829209
3.718278
3.834865
3.724074
3.840611
3.729751
3.846332
3.735596
3.851901
3.74139
3.857592
3.747161
3.863221
3.752888
3.868832
3.75862
3.874498
3.764436
3.880161
3.770174
3.885842
3.775914
3.891592
3.781633
3.897375
3.787291
3.903077
3.793004
3.908737
3.798856
3.914423
3.804606
3.920126
3.810273
3.925789
3.81602
3.931589
3.8218
3.937276
3.82751
3.942958
3.833272
3.948706
3.83896
3.954401
3.844743
3.960224
3.850435
3.965997
3.856236
3.97175
3.86194
3.977458
3.867673
3.983237
3.873378
3.989015
3.879055
3.994788
3.884794
4.0005
3.890496
4.006299
3.896207
4.012059
3.90203
4.01779
3.907763
4.023565
3.913501
4.02935
3.919217
4.035046
3.924878
4.040817
3.930637
4.046511
3.936298
4.052255
3.942066
4.058068
3.947766
4.063801
3.953485
4.06942
3.959127
4.075093
3.964868
4.080737
3.970516
4.086329
3.976162
4.091941
3.981874
4.097532
3.987603
4.103026
3.993308
4.108532
3.999026
4.114051
4.004704
4.119618
4.010365
4.125157
4.016059
4.130668
4.021738
4.136216
4.027426
4.14174
4.033246
4.147236
4.038892
4.152718
4.044586
4.158217
4.050259
4.163557
4.055974
4.168973
4.061665
4.174419
4.067378
4.179869
4.07305
4.185392
4.078759
4.190957
4.084394
4.1965
4.09005
4.202026
4.095837
4.20751
4.101631
4.212995
4.107316
4.218489
4.113014
4.224107
4.118705
4.22967
4.124356
4.235262
4.130133
4.240788
4.135799
4.24632
4.141499
4.251933
4.147197
4.257647
4.15282
4.263241
4.158447
4.268855
4.164157
4.274432
4.169824
4.279965
4.175518
4.285545
4.181227
4.291134
4.186992
4.296686
4.192648
4.302265
4.19835
4.307853
4.203988
4.313375
4.209677
4.319044
4.215377
4.324677
4.221067
4.330272
4.226739
4.335935
4.232471
4.341583
4.238123
4.34721
4.243814
4.352801
4.249479
4.358521
4.25511
4.364171
4.260727
4.369833
4.26642
4.375429
4.272055
4.381116
4.277643
4.386764
4.283278
4.392483
4.288959
4.398087
4.294686
4.40371
4.300432
4.409399
4.306049
4.415041
4.311761
4.420734
4.317453
4.426442
4.323093
4.432126
4.328788
4.437778
4.334505
4.443425
4.340124
4.44908
4.345811
4.454679
4.351538
4.460365
4.35725
4.465946
4.362933
4.471578
4.368675
4.477254
4.374348
4.482879
4.380077
4.488586
4.385747
4.494221
4.391364
4.499908
4.397091
4.505589
4.402772
4.511235
4.408452
4.516924
4.414187
4.522607
4.419844
4.528253
4.425508
4.533809
4.431278
4.539472
4.436902
4.545193
4.442544
4.550786
4.448309
4.556553
4.454127
4.562284
4.459859
4.567961
4.465636
4.573626
4.471374
4.579305
4.477142
4.585005
4.482826
4.590746
4.488615
4.596428
4.494368
4.60204
4.500192
4.607666
4.505949
4.613302
4.511704
4.618979
4.51746
4.624671
4.523196
4.630316
4.528902
4.635941
4.534643
4.641608
4.540408
4.647302
4.546139
4.652989
4.551831
4.658754
4.557566
4.664435
4.563272
4.670146
4.569591
4.675848
4.575283
4.681554
4.581041
4.687231
4.586771
4.692995
4.592532
4.698628
4.598288
4.704274
4.603951
4.709876
4.609667
4.715469
4.61538
4.721151
4.621088
4.726878
4.626828
4.732494
4.632596
4.738151
4.638309
4.743786
4.643996
4.749446
4.649713
4.755138
4.655455
4.760836
4.661113
4.7665
4.666829
4.772173
4.67251
4.777802
4.678231
4.783493
4.68392
4.789227
4.689641
4.794804
4.695354
4.800449
4.701128
4.806137
4.706808
4.811735
4.712516
4.81743
4.718189
4.823159
4.723891
4.828781
4.729547
4.834431
4.735306
4.840099
4.740966
4.845735
4.746642
4.851432
4.752277
4.857191
4.757919
4.862797
4.763603
4.868457
4.769186
4.874134
4.774869
4.879808
4.780513
4.885483
4.786148
4.891175
4.791783
4.896819
4.797542
4.902388
4.803173
4.908021
4.808886
4.913652
4.814519
4.91931
4.82013
4.925004
4.825806
4.930629
4.837177
4.936285
4.842826
4.941913
4.848507
4.947506
4.854159
4.953141
4.859841
4.958836
4.865516
4.964487
4.871224
4.970116
4.876853
4.975722
4.882522
4.981288
4.888182
4.986843
4.893816
4.992486
4.899605
4.998136
4.905268
5.003732
4.910913
5.009346
4.916576
5.015038
4.922265
5.020648
4.927892
5.026332
4.933567
5.031957
4.93924
5.037505
4.944931
5.043136
4.950537
5.048773
4.956214
5.054415
4.961876
5.060073
4.967629
5.065659
4.973262
5.071294
4.978902
5.076818
4.984556
5.082397
4.990204
5.088006
4.995896
5.093674
5.001585
5.099205
5.007214
5.104801
5.012841
5.110412
5.018501
5.11601
5.024121
5.121603
5.02974
5.127297
5.035475
5.132924
5.041115
5.138638
5.046726
5.144287
5.052342
5.14994
5.057977
5.15568
5.06373
5.161299
5.069338
5.166978
5.074927
5.172605
5.080521
5.178277
5.08615
5.183879
5.091782
5.189631
5.097476
5.195246
5.103119
5.200883
5.108681
5.206533
5.114309
5.21211
5.11992
5.217754
5.125536
5.223446
5.131274
5.229046
5.136889
5.234638
5.142539
5.240262
5.14818
5.2459
5.153849
5.251519
5.165126
5.257244
5.170793
5.262826
5.176393
5.268441
5.182072
5.274026
5.187695
5.279674
5.193367
5.28524
5.199039
5.29089
5.204678
5.296494
5.210371
5.302113
5.216069
5.307698
5.22176
5.31335
5.227417
5.31898
5.233046
5.32459
5.238708
5.330228
5.244383
5.335917
5.249983
5.34154
5.255631
5.347117
5.261287
5.352798
5.266963
5.358492
5.272535
5.364104
5.278206
5.369715
5.283848
5.37525
5.289489
5.380822
5.295079
5.386376
5.300775
5.392103
5.30636
5.39772
5.312001
5.403314
5.317624
5.408895
5.323253
5.414535
5.328844
5.420128
5.334488
5.430696
5.340148
5.436234
5.345778
5.44181
5.351396
5.447515
5.357065
5.453115
5.36269
5.458811
5.368428
5.464457
5.374009
5.470078
5.379682
5.475719
5.385303
5.481371
5.390948
5.486994
5.396598
5.492688
5.40229
5.498306
5.407919
5.503889
5.413528
5.50955
5.419195
5.51517
5.424759
5.520845
5.43048
5.526556
5.436116
5.532258
5.441753
5.537891
5.447329
5.543561
5.458476
5.549222
5.464168
5.554929
5.469837
5.560625
5.47543
5.566239
5.481112
5.571922
5.486718
5.57756
5.492293
5.583255
5.497973
5.588992
5.503586
5.594696
5.509232
5.600369
5.514808
5.60603
5.520394
5.611707
5.526042
5.617342
5.531658
5.623087
5.53725
5.628794
5.542862
5.634502
5.548416
5.640183
5.553947
5.645898
5.559526
5.651542
5.565139
5.657288
5.570695
5.662925
5.57625
5.668625
5.581837
5.67433
5.587474
5.680062
5.593106
5.685695
5.59877
5.691493
5.604343
5.697166
5.609945
5.702901
5.61556
5.70857
5.621147
5.714289
5.626798
5.719951
5.632496
5.725708
5.638088
5.731428
5.643673
5.737107
5.64934
5.742793
5.654992
5.74848
5.660569
5.754167
5.666265
5.759912
5.671944
5.765584
5.677517
5.771214
5.683113
5.776869
5.688673
5.782537
5.694256
5.7882
5.699967
5.793941
5.705573
5.799615
5.711131
5.805306
5.716725
5.810956
5.722321
5.816573
5.727833
5.822312
5.733505
5.827948
5.739047
5.833635
5.744628
5.839366
5.750228
5.84508
5.755813
5.850728
5.761365
5.856449
5.767043
5.862101
5.772638
5.867786
5.778242
5.873422
5.783792
5.879101
5.789418
5.88479
5.795025
5.89053
5.80073
5.896142
5.806311
5.901832
5.811971
5.907438
5.817615
5.913176
5.823227
5.918842
5.828825
5.924572
5.834454
5.930312
5.840087
5.935983
5.845689
5.941666
5.851176
5.947391
5.856737
5.953164
5.862374
5.958964
5.868032
5.964702
5.873545
5.970325
5.879116
5.975977
5.884716
5.981625
5.890301
5.987339
5.895895
5.993133
5.901597
5.998856
5.907201
6.004527
5.912788
6.010252
5.918372
6.015905
5.923988
6.021586
5.929622
6.027309
5.935271
6.032982
5.940845
6.03864
5.946451
6.044261
5.952023
6.049923
5.957635
6.055618
5.963214
6.061255
5.968808
6.066926
5.974383
6.072542
5.979928
6.078215
5.985491
6.083865
5.991054
6.089565
5.996614
6.095152
6.002193
6.100788
6.007753
6.106408
6.013258
6.112051
6.018783
6.11763
6.024331
6.123268
6.029808
6.128866
6.035385
6.134564
6.04098
6.140231
6.046551
6.145849
6.052104
6.151516
6.057643
6.157218
6.06317
6.162878
6.06879
6.168459
6.074295
6.174101
6.079865
6.179793
6.085352
6.185426
6.090917
6.191084
6.096489
6.196715
6.102139
6.202339
6.1077
6.207929
6.113268
6.213569
6.118804
6.219158
6.124354
6.22485
6.130042
6.230515
6.135633
6.236154
6.141227
6.241854
6.146827
6.247458
6.152385
6.253162
6.157968
6.258862
6.163612
6.264492
6.169183
6.270139
6.174743
6.275791
6.180344
6.281472
6.185897
6.287076
6.191452
6.292775
6.197178
6.298426
6.202823
6.30413
6.208409
6.309751
6.213998
6.315374
6.219594
6.320959
6.225225
6.326636
6.230915
6.332278
6.236488
6.337909
6.242102
6.343563
6.247679
6.349242
6.253319
6.354957
6.258963
6.360644
6.264631
6.366282
6.270257
6.371954
6.275798
6.377614
6.281406
6.383275
6.28699
6.389091
6.292633
6.394754
6.298346
6.400531
6.304002
6.406227
6.309576
6.411882
6.315111
6.417603
6.320778
6.423357
6.326386
6.429058
6.332105
6.434704
6.33774
6.44037
6.343384
6.446027
6.348984
6.451666
6.354646
6.457395
6.360255
6.463124
6.365944
6.468791
6.371586
6.474503
6.377157
6.480161
6.382732
6.485886
6.388349
6.49164
6.393988
6.497371
6.399702
6.503065
6.405321
6.508704
6.410966
6.514407
6.416564
6.520082
6.422197
6.525898
6.42777
6.531625
6.43352
6.537304
6.439116
6.543033
6.444803
6.54871
6.450466
6.554439
6.456064
6.560191
6.461714
6.565891
6.467402
6.571666
6.473001
6.577441
6.478662
6.583168
6.484262
6.588974
6.48982
6.594659
6.495397
6.600403
6.501089
6.606128
6.506765
6.611866
6.512392
6.617538
6.518023
6.623276
6.523629
6.629069
6.529246
6.634815
6.534938
6.640479
6.540648
6.6462
6.546315
6.651917
6.551935
6.657693
6.557615
6.663346
6.563358
6.669025
6.568917
6.674698
6.574606
6.680316
6.580279
6.686019
6.585887
6.691761
6.591523
6.697445
6.597248
6.703081
6.60283
6.708724
6.608474
6.714391
6.614172
6.71999
6.619812
6.725739
6.625476
6.731415
6.631124
6.737165
6.63678
6.742866
6.642476
6.748578
6.64817
6.754239
6.653776
6.759982
6.659488
6.765697
6.665222
6.77139
6.670848
6.777091
6.676469
6.782803
6.682094
6.788605
6.687736
6.794281
6.693375
6.799923
6.699058
6.805598
6.70467
6.811275
6.710316
6.816891
6.716033
6.822614
6.721673
6.82827
6.727345
6.834035
6.732978
6.839715
6.738608
6.845383
6.744241
6.851106
6.749925
6.856893
6.75556
6.862565
6.761164
6.86816
6.766879
6.873783
6.77252
6.87937
6.778162
6.884998
6.783853
6.890738
6.789506
6.896344
6.795159
6.901959
6.800848
6.907553
6.806448
6.913067
6.812102
6.918609
6.817725
6.924242
6.823359
6.929783
6.828925
6.935354
6.834607
6.94085
6.84024
6.946432
6.845779
6.951956
6.851408
6.957531
6.857038
6.96309
6.86266
6.968696
6.868288
6.974271
6.873977
6.97986
6.879567
6.9854
6.885177
6.991071
6.89087
6.996656
6.896565
7.002166
6.902191
7.007715
6.907836
7.013276
6.913505
7.01883
6.91914
7.024418
6.924745
7.029949
6.930407
7.035501
6.936053
7.040997
6.941695
7.04649
6.947286
7.052011
6.952928
7.057642
6.958592
7.063198
6.964309
7.068725
6.970001
7.074234
6.975588
7.079776
6.981242
7.085344
6.98687
7.090923
6.992504
7.096548
6.998164
7.102142
7.003833
7.107777
7.009464
7.113371
7.015079
7.118917
7.020722
7.124515
7.026353
7.12999
7.03207
7.135537
7.037712
7.141082
7.043362
7.146638
7.048956
7.152149
7.054549
7.157814
7.060175
7.163342
7.065897
7.16892
7.071495
7.174557
7.077057
7.180074
7.082738
7.185616
7.088369
7.191205
7.094069
7.196355
7.103005
7.201965
7.108657
7.20744
7.114286
7.213001
7.119955
7.218638
7.125573
7.224282
7.131225
7.229817
7.136825
7.235388
7.142473
7.240927
7.148118
7.246496
7.153823
7.252021
7.159514
7.257677
7.165185
7.263257
7.170844
7.268842
7.176444
7.274384
7.182049
7.279976
7.187754
7.285516
7.193398
7.291139
7.19912
7.296731
7.204781
7.30228
7.210364
7.307799
7.216047
7.313338
7.221619
7.318874
7.22728
7.324499
7.232988
7.330088
7.238698
7.335655
7.244336
7.341197
7.249907
7.346724
7.255594
7.35227
7.2612
7.357901
7.266904
7.363405
7.272538
7.369007
7.278223
7.374538
7.283877
7.380056
7.289446
7.385527
7.295113
7.391107
7.300815
7.396561
7.306458
7.402036
7.31205
7.407506
7.317712
7.412964
7.323391
7.41847
7.32903
7.424018
7.334709
7.429597
7.340347
7.435147
7.34603
7.440709
7.351676
7.446182
7.357278
7.451709
7.362886
7.457403
7.368597
7.462905
7.37423
7.468499
7.37983
7.474005
7.385536
7.479555
7.39114
7.485107
7.396888
7.490703
7.40258
7.496303
7.408144
7.501822
7.413806
7.507357
7.419556
7.512882
7.425204
7.51854
7.43081
7.524134
7.43645
7.529713
7.442081
7.535305
7.447721
7.54095
7.453397
7.546564
7.459079
7.552168
7.46486
7.557772
7.470481
7.563306
7.47615
7.56882
7.481785
7.574322
7.487466
7.57987
7.493073
7.585433
7.498757
7.591029
7.504467
7.596616
7.510055
7.602084
7.515724
7.60762
7.521378
7.613218
7.52705
7.618786
7.532809
7.624376
7.538463
7.629932
7.544088
7.635438
7.549732
7.640988
7.555321
7.646543
7.561013
7.652038
7.566702
7.657661
7.572373
7.663224
7.577992
7.668773
7.583648
7.674345
7.589355
7.679889
7.59501
7.685393
7.60073
7.690987
7.606393
7.696556
7.612006
7.702064
7.617637
7.707587
7.623341
7.713168
7.628997
7.718666
7.634691
7.724272
7.640372
7.729803
7.646074
7.735351
7.651695
7.740903
7.657372
7.746459
7.663064
7.752016
7.668836
7.757601
7.674466
7.763137
7.680115
7.768626
7.685783
7.774159
7.691459
7.779741
7.697204
7.785265
7.7028
7.790836
7.708506
7.796357
7.714194
7.801886
7.719846
7.807396
7.7255
7.812857
7.731256
7.81837
7.736919
7.823956
7.742592
7.829491
7.748233
7.835008
7.753948
7.840589
7.759629
7.846037
7.76537
7.851564
7.770997
7.857183
7.776642
7.862691
7.782342
7.868185
7.788017
7.873673
7.793649
7.87918
7.799332
7.88478
7.804974
7.89042
7.810678
7.895918
7.816306
7.901426
7.822042
7.906949
7.82772
7.912488
7.833463
7.918005
7.83908
7.923582
7.84479
7.929107
7.850467
7.934674
7.856156
7.940174
7.861802
7.945663
7.867529
7.951215
7.873218
7.956805
7.878858
7.962327
7.88446
7.967833
7.890129
7.973366
7.895781
7.978837
7.901564
7.98435
7.907256
7.989906
7.912962
7.995404
7.918676
8.000906
7.924372
8.006343
7.930093
8.011924
7.935822
8.017435
7.941466
8.022997
7.947161
8.028472
7.95285
8.033957
7.958538
8.039482
7.964234
8.044915
7.96989
8.050462
7.975579
8.056005
7.981206
8.061507
7.986876
8.066995
7.992628
8.072491
7.998369
8.078019
8.004057
8.083482
8.009652
8.089076
8.015346
8.094546
8.021044
8.100039
8.026744
8.105052
8.032508
8.119925
8.038205
8.134255
8.043905
8.148081
8.049556
8.159795
8.055193
8.171661
8.060888
8.182738
8.066611
8.193766
8.071856
8.205448
8.081927
8.218588
8.087359
8.224401
8.09668
8.236821
8.102983
8.246108
8.108338
8.255631
8.113594
8.26502
8.118978
8.270824
8.124359
8.278739
8.130294
8.286787
8.135755
8.292006
8.141232
8.297241
8.146626
8.305247
8.152393
8.311634
8.158271
8.316514
8.163788
8.323236
8.169246
8.329026
8.174696
8.3357
8.180212
8.343204
8.185677
8.351413
8.191131
8.35649
8.197091
8.363838
8.202633
8.368844
8.208064
8.377035
8.213515
8.382913
8.219005
8.388831
8.22458
8.395412
8.230053
8.403462
8.235532
8.408799
8.241026
8.417524
8.246511
8.422387
8.251917
8.428193
8.257342
8.433041
8.262798
8.440383
8.268365
8.446368
8.273892
8.453147
8.279417
8.459961
8.284921
8.468248
8.290477
8.477272
8.295992
8.4855
8.301576
8.493032
8.307069
8.499542
8.312516
8.506106
8.318089
8.510999
8.32344
8.516342
8.328918
8.522259
8.334439
8.527134
8.339925
8.532001
8.345458
8.53729
8.350995
8.54219
8.356528
8.548152
8.361933
8.553062
8.367408
8.557964
8.372939
8.562831
8.378397
8.568811
8.384244
8.573688
8.389858
8.579071
8.39528
8.584003
8.400667
8.589035
8.40624
8.593902
8.411686
8.598876
8.422566
8.603881
8.471619
8.608885
8.514745
8.61388
8.520145
8.618805
8.525496
8.624268
8.541745
8.629284
8.568707
8.634259
8.574129
8.639297
8.579546
8.644251
8.584973
8.649286
8.590357
8.654786
8.595755
8.660923
8.601225
8.665932
8.60666
8.671442
8.612079
8.676463
8.617411
8.682533
8.622783
8.689381
8.628183
8.695573
8.633474
8.703954
8.638785
8.711378
8.644217
8.716933
8.649518
8.72463
8.654829
8.732872
8.66016
8.742542
8.670889
8.747672
8.676268
8.757574
8.681664
8.766449
8.686949
8.771399
8.692255
8.778956
8.69757
8.78727
8.702859
8.797847
8.708153
8.812654
8.726647
8.829733
8.734238
8.840854
8.755271
8.858739
8.770039
8.885993
8.807065
8.915345
8.844063
8.953072
8.887512
8.993998
8.967768
9.01767
8.984127
9.051922
9.029414
9.083444
9.062678
9.103015
9.09141
9.12375
9.113378
9.149363
9.134361
9.17427
9.144448
9.189261
9.155948
9.220433
9.215864
9.240344
9.223491
9.258481
9.239341
9.272606
9.248728
9.283606
9.270992
9.29516
9.304794
9.312068
9.311702
9.321618
9.322906
9.341322
9.339211
9.350986
9.344851
9.359401
9.351709
9.3694
9.356305
9.378876
9.36253
9.387369
9.370193
9.396206
9.38353
9.408881
9.395792
9.419366
9.403538
9.426373
9.408592
9.431875
9.415578
9.445012
9.426337
9.452826
9.43675
9.46196
9.442377
9.466859
9.452702
9.475786
9.464025
9.48589
9.483495
9.49518
9.490556
9.501739
9.498974
9.512624
9.503622
9.523513
9.511303
9.534136
9.550675
9.543898
9.56406
9.55597
9.569683
9.572877
9.57739
9.583833
9.584521
9.599689
9.608392
9.612563
9.617371
9.624543
9.626943
9.63837
9.639553
9.648323
9.651958
9.656184
9.660597
9.668815
9.665945
9.679117
9.680656
9.688754
9.693769
9.700481
9.704269
9.712229
9.721651
9.722152
9.727623
9.732312
9.732875
9.747952
9.78352
9.761624
9.809606
9.775384
9.815074
9.790224
9.819705
9.802359
9.825901
9.819125
9.854997
9.837498
9.893209
9.854506
9.903213
9.870197
9.911578
9.881412
9.916214
9.89596
9.930986
9.907049
9.977728
9.915101
9.990131
9.924374
10.00025
9.93654
10.00641
9.946913
10.0126
9.955642
10.01717
9.965819
10.02338
9.979642
10.02894
9.992344
10.06636
10.00414
10.07139
10.01455
10.07604
10.02955
10.08675
10.043
10.09183
10.05211
10.09884
10.06214
10.10988
10.07442
10.11539
10.08686
10.12008
10.10182
10.12922
10.10818
10.16108
10.12352
10.1873
10.13448
10.19426
10.1476
10.19978
10.16065
10.21803
10.17305
10.24241
10.18177
10.24854
10.1918
10.25389
10.2032
10.25856
10.21513
10.26552
10.22575
10.27245
10.23925
10.27957
10.24808
10.28599
10.25894
10.29526
10.2669
10.30365
10.27534
10.31066
10.2847
10.31628
10.29532
10.32394
10.30237
10.36701
10.31537
10.37165
10.3222
10.37783
10.32848
10.38245
10.33702
10.38748
10.34205
10.39234
10.3489
10.40184
10.35604
10.40639
10.36067
10.42703
10.36913
10.4334
10.37409
10.43845
10.37868
10.44428
10.38508
10.45117
10.39228
10.45662
10.39851
10.46121
10.40631
10.46581
10.41246
10.47085
10.42356
10.47699
10.43354
10.48201
10.43981
10.48663
10.4462
10.49164
10.45394
10.49619
10.46027
10.50126
10.47008
10.50581
10.4784
10.5112
10.48353
10.51581
10.4984
10.52042
10.5058
10.52493
10.51578
10.52947
10.52518
10.53454
10.5323
10.53909
10.54392
10.54409
10.55051
10.59193
10.55921
10.59813
10.56848
10.60976
10.57829
10.61748
10.58892
10.62943
10.59977
10.63916
10.61125
10.64838
10.62142
10.65798
10.63211
10.66286
10.64211
10.66841
10.65155
10.67385
10.66467
10.68892
10.6732
10.71316
10.68113
10.71941
10.69047
10.724
10.70136
10.73731
10.70925
10.74735
10.72087
10.75361
10.73553
10.75819
10.74485
10.7924
10.7535
10.79783
10.76506
10.80488
10.7751
10.81195
10.784
10.81882
10.79489
10.82373
10.80117
10.83082
10.81171
10.83782
10.8196
10.8433
10.82787
10.84878
10.83551
10.85692
10.8435
10.86201
10.84989
10.869
10.85779
10.87521
10.86358
10.8822
10.86953
10.89145
10.87897
10.8993
10.88981
10.90491
10.89913
10.91496
10.90842
10.92354
10.91343
10.93215
10.92039
10.93686
10.92671
10.94615
10.93703
10.95159
10.94266
10.95621
10.94972
10.96635
10.95609
10.97094
10.96915
10.97546
10.97627
10.98967
10.98425
10.99429
10.99788
11.02163
11.00483
11.03752
11.01781
11.05753
11.02799
11.06369
11.04247
11.07369
11.05477
11.07829
11.06138
11.0829
11.07827
11.08792
11.08766
11.09249
11.10679
11.11652
11.11989
11.13588
11.12995
11.15738
11.14114
11.16274
11.14878
11.17696
11.16519
11.1824
11.17634
11.19884
11.1889
11.20346
11.20062
11.25997
11.21402
11.27195
11.22906
11.2768
11.24271
11.28143
11.2516
11.28686
11.26184
11.29148
11.27419
11.29738
11.28123
11.30191
11.29495
11.30743
11.3051
11.31325
11.31442
11.31825
11.32241
11.34449
11.33335
11.36477
11.34359
11.4099
11.35179
11.41854
11.36045
11.42538
11.36822
11.43041
11.3775
11.43496
11.38421
11.4396
11.39898
11.4508
11.40652
11.45583
11.42359
11.46067
11.43344
11.47993
11.43975
11.48951
11.44915
11.51437
11.4582
11.52347
11.46708
11.52852
11.4764
11.53567
11.48636
11.5407
11.49841
11.54684
11.51204
11.55303
11.52018
11.55761
11.53039
11.56223
11.54172
11.56845
11.54997
11.5754
11.55869
11.58614
11.56958
11.59117
11.57975
11.5981
11.5908
11.60444
11.60245
11.60906
11.61263
11.61409
11.62335
11.66858
11.63767
11.72129
11.64948
11.73282
11.65857
11.73787
11.66861
11.7433
11.67833
11.74813
11.68775
11.75278
11.69875
11.75917
11.71102
11.77828
11.72498
11.83047
11.73699
11.83742
11.75236
11.84448
11.76633
11.85307
11.77844
11.85799
11.79197
11.86586
11.79828
11.87138
11.81662
11.87681
11.82304
11.89169
11.83357
11.89792
11.84874
11.91564
11.8586
11.9351
11.87026
11.98151
11.88118
11.98691
11.89084
11.99157
11.90103
11.99931
11.91107
12.00396
11.92044
12.02869
11.93513
12.03558
11.94439
12.04059
11.95608
12.04558
11.96196
12.05019
11.97135
12.05519
11.97846
12.06018
11.98387
12.06478
11.98862
12.07051
11.99358
12.07606
11.99815
12.08227
12.00695
12.09014
12.01148
12.09518
12.01858
12.1014
12.02395
12.10834
12.02964
12.11468
12.04047
12.12159
12.04763
12.12621
12.05702
12.13238
12.06238
12.1369
12.07173
12.14194
12.0817
12.14811
12.0929
12.17981
12.10365
12.19158
12.11565
12.20153
12.12711
12.20626
12.13787
12.21217
12.15422
12.21672
12.16488
12.2236
12.17179
12.23134
12.18533
12.23831
12.19372
12.25887
12.20628
12.31081
12.22022
12.32027
12.23493
12.328
12.24664
12.33306
12.25946
12.3377
12.26921
12.34396
12.28321
12.35716
12.29712
12.37445
12.30787
12.39094
12.32464
12.39716
12.33309
12.40266
12.34621
12.44907
12.35398
12.46165
12.36485
12.50397
12.37532
12.51997
12.38668
12.52877
12.39614
12.53433
12.41184
12.53906
12.42343
12.54532
12.43754
12.55182
12.44923
12.55646
12.45953
12.56132
12.47414
12.56853
12.48785
12.59123
12.50515
12.62056
12.51677
12.63111
12.53614
12.63804
12.54663
12.647
12.56204
12.65608
12.57299
12.67478
12.58927
12.68106
12.60765
12.68813
12.62062
12.69526
12.63521
12.70243
12.64484
12.71231
12.65709
12.71805
12.66881
12.72811
12.68274
12.73672
12.69414
12.74429
12.71101
12.75342
12.71885
12.75886
12.72402
12.80405
12.73811
12.82804
12.74656
12.83513
12.75526
12.86683
12.76451
12.87133
12.77216
12.87625
12.78316
12.88127
12.79721
12.89135
12.8084
12.89777
12.81925
12.90242
12.83109
12.91057
12.83897
12.91968
12.85078
12.92746
12.85726
12.93633
12.86801
12.9416
12.87732
12.9492
12.88495
12.95536
12.89003
12.96238
12.90135
12.96692
12.90685
12.97538
12.91345
12.98501
12.92077
13.02158
12.9286
13.02699
12.93359
13.03176
12.93891
13.0475
12.94826
13.05761
12.95375
13.06407
12.95898
13.07294
12.96525
13.07797
12.97153
13.08398
12.98075
13.11055
12.98969
13.1167
12.99668
13.12119
13.00362
13.13282
13.00997
13.13741
13.01784
13.14196
13.02407
13.14654
13.03051
13.15112
13.04136
13.15612
13.04635
13.16156
13.05273
13.16944
13.05971
13.17406
13.06534
13.18387
13.07248
13.18849
13.08025
13.19563
13.08707
13.20197
13.09174
13.20969
13.10113
13.2158
13.10958
13.22232
13.11974
13.22763
13.12896
13.2339
13.1369
13.24196
13.14845
13.24743
13.15315
13.25512
13.16429
13.26152
13.16951
13.2685
13.17797
13.27587
13.18351
13.28137
13.19144
13.29141
13.19979
13.29842
13.20892
13.30685
13.21749
13.31477
13.22664
13.32328
13.23682
13.33022
13.24824
13.33879
13.25538
13.34342
13.26535
13.35042
13.2712
13.35991
13.28014
13.36625
13.29036
13.37169
13.29804
13.37798
13.31068
13.38356
13.32233
13.3926
13.32962
13.39765
13.33764
13.40221
13.34391
13.40673
13.35155
13.41137
13.35824
13.41823
13.36306
13.42274
13.37002
13.43186
13.37501
13.43643
13.38041
13.44103
13.38501
13.44649
13.39137
13.45552
13.39619
13.46
13.40117
13.48709
13.40644
13.52781
13.41352
13.53239
13.41805
13.53684
13.42519
13.54134
13.43061
13.5459
13.43559
13.55047
13.44057
13.55505
13.44598
13.5597
13.45161
13.56458
13.45806
13.56939
13.46494
13.57384
13.47708
13.57833
13.48415
13.58989
13.48986
13.5991
13.49849
13.60854
13.5056
13.63206
13.5111
13.64202
13.51605
13.64661
13.52424
13.65567
13.53262
13.66552
13.53829
13.67003
13.54786
13.67451
13.55397
13.67949
13.56141
13.68403
13.57212
13.69099
13.58074
13.69598
13.58795
13.70048
13.60008
13.70596
13.60646
13.71217
13.61628
13.71701
13.62547
13.72202
13.63694
13.72659
13.64654
13.73116
13.65494
13.73576
13.66196
13.74034
13.66813
13.74493
13.67372
13.74948
13.68765
13.75401
13.70008
13.75863
13.71017
13.76725
13.72099
13.79529
13.73419
13.85963
13.74201
13.87121
13.75206
13.87574
13.75969
13.88594
13.76828
13.89093
13.77666
13.90494
13.78971
13.91779
13.79681
13.92239
13.81336
13.96007
13.82339
13.98776
13.83172
13.99236
13.83907
13.9977
13.84367
14.0022
13.85004
14.00719
13.85631
14.01218
13.86173
14.01675
13.86703
14.0217
13.87313
14.0263
13.87873
14.03117
13.88377
14.03566
13.89255
14.04015
13.90267
14.04466
13.90894
14.05006
13.91759
14.05457
13.92553
14.05914
13.93483
14.07799
13.94425
14.0876
13.95527
14.09678
13.96757
14.1018
13.97733
14.10875
13.98897
14.1134
14.00133
14.12128
14.00814
14.1263
14.02211
14.13599
14.03139
14.14147
14.03921
14.14655
14.05008
14.15504
14.06012
14.19619
14.07312
14.20612
14.08174
14.21572
14.09029
14.22487
14.1024
14.23935
14.11238
14.24398
14.11848
14.24931
14.12491
14.2673
14.13267
14.27182
14.14429
14.28098
14.15446
14.28665
14.16473
14.29435
14.17698
14.30215
14.18562
14.30718
14.19781
14.31224
14.20694
14.31913
14.21485
14.32552
14.22402
14.33187
14.23232
14.33647
14.24539
14.34111
14.25471
14.35657
14.26393
14.3944
14.27511
14.40447
14.28481
14.40915
14.29586
14.41608
14.31131
14.423
14.32426
14.43156
14.33017
14.43616
14.35226
14.44297
14.36917
14.45227
14.38302
14.46083
14.39683
14.47512
14.40857
14.48618
14.42151
14.52616
14.43465
14.55232
14.45165
14.56628
14.46542
14.57326
14.48113
14.57875
14.4997
14.58567
14.51822
14.59019
14.53603
14.59573
14.55171
14.60192
14.56757
14.60739
14.58188
14.612
14.59198
14.62372
14.60373
14.67002
14.61777
14.69553
14.63421
14.71983
14.64295
14.77044
14.65502
14.77901
14.67404
14.78593
14.6888
14.79229
14.70279
14.80235
14.71703
14.81095
14.73308
14.81615
14.74672
14.82124
14.75791
14.8399
14.77164
14.88566
14.78329
14.89027
14.79197
14.89729
14.80109
14.90233
14.80939
14.90929
14.81906
14.9155
14.82765
14.9201
14.83678
14.92514
14.84186
14.9311
14.85257
14.93615
14.85984
14.94306
14.86593
14.94927
14.87053
14.95926
14.87771
14.98266
14.88786
14.98961
14.89657
14.99431
14.90455
15.00366
14.91757
15.01222
14.93138
15.01931
14.94702
15.02788
14.95797
15.0418
14.97191
15.06202
14.98421
15.06826
14.99929
15.08216
15.01956
15.10576
15.03979
15.12201
15.05293
15.13547
15.0698
15.16304
15.08526
15.16762
15.09771
15.17695
15.1079
15.18161
15.11858
15.18933
15.12778
15.19418
15.13649
15.20479
15.14845
15.23054
15.15633
15.23911
15.16492
15.2454
15.17375
15.25389
15.18218
15.26019
15.19194
15.26878
15.20737
15.27731
15.21967
15.28283
15.23362
15.30137
15.24381
15.30911
15.25555
15.31677
15.26702
15.32847
15.27966
15.34572
15.2967
15.36399
15.31333
15.37783
15.32734
15.42725
15.34167
15.48081
15.35243
15.49174
15.36414
15.49631
15.37426
15.50098
15.38669
15.50674
15.39767
15.51321
15.41314
15.52044
15.42795
15.56583
15.44588
15.57055
15.45816
15.57585
15.47556
15.58171
15.49239
15.58968
15.51179
15.59527
15.53786
15.61548
15.55702
15.63178
15.58352
15.64873
15.5913
15.65386
15.60694
15.6708
15.62392
15.71411
15.63715
15.72821
15.65115
15.74038
15.66667
15.74756
15.68141
15.76002
15.69765
15.77583
15.71007
15.7987
15.73085
15.86095
15.74856
15.86727
15.76223
15.87485
15.77862
15.88111
15.79486
15.88621
15.80762
15.89317
15.8274
15.89831
15.84002
15.90873
15.86401
15.95248
15.87931
15.97978
15.88988
15.99395
15.9031
16.00307
15.91779
16.01309
15.92949
16.01761
15.93757
16.02671
15.9592
16.05391
15.97085
16.07693
15.98028
16.08932
15.99339
16.09398
16.00371
16.10027
16.02328
16.10729
16.03504
16.1164
16.05115
16.12346
16.06518
16.12958
16.08053
16.1532
16.09656
16.1915
16.11431
16.19706
16.13136
16.21336
16.1483
16.23537
16.16682
16.25273
16.18273
16.26802
16.19834
16.2776
16.22441
16.28718
16.23904
16.31165
16.2528
16.34708
16.26936
16.35334
16.28678
16.35887
16.30133
16.36835
16.31302
16.37543
16.32511
16.38765
16.33892
16.39841
16.34816
16.40355
16.36136
16.41211
16.37201
16.41834
16.38442
16.43123
16.39453
16.47791
16.40642
16.485
16.42024
16.4904
16.43324
16.53952
16.44395
16.57594
16.46161
16.58294
16.47041
16.58847
16.48503
16.59601
16.49387
16.60246
16.51376
16.61317
16.52317
16.62024
16.53167
16.62793
16.54916
16.63349
16.5638
16.6389
16.57772
16.64355
16.59217
16.6727
16.60436
16.6888
16.61942
16.69724
16.63641
16.71457
16.64874
16.72692
16.66725
16.7568
16.68065
16.77413
16.70639
16.81041
16.72423
16.83027
16.74661
16.83965
16.76741
16.84737
16.78394
16.86021
16.80882
16.88969
16.82481
16.91172
16.8412
16.95376
16.86024
16.95834
16.87863
16.96353
16.89422
16.97129
16.91857
16.97638
16.93486
16.98271
16.94929
16.9878
16.96476
16.99405
16.97633
17.00121
16.99085
17.04038
17.00557
17.08891
17.01879
17.10187
17.03517
17.11936
17.0514
17.13101
17.06675
17.1573
17.07931
17.1683
17.0963
17.17289
17.10784
17.18075
17.12847
17.19919
17.14148
17.21022
17.15895
17.21567
17.17579
17.22194
17.1849
17.22655
17.2042
17.28285
17.23385
17.30115
17.24779
17.30885
17.26405
17.33144
17.2776
17.38593
17.29757
17.44401
17.3146
17.45019
17.33295
17.45644
17.35072
17.46206
17.36732
17.46681
17.38211
17.4747
17.39874
17.48395
17.41125
17.49108
17.42752
17.5062
17.44298
17.56772
17.46344
17.57405
17.47783
17.57867
17.49158
17.58325
17.50475
17.5896
17.51566
17.59662
17.52658
17.60171
17.54107
17.60727
17.553
17.61353
17.56924
17.61863
17.58243
17.6249
17.59634
17.6328
17.61089
17.64041
17.62268
17.64549
17.63653
17.66831
17.64929
17.72059
17.66402
17.74401
17.67649
17.76412
17.69012
17.78124
17.70245
17.78591
17.71695
17.79141
17.72941
17.79772
17.74032
17.80236
17.75504
17.82185
17.7681
17.82827
17.78345
17.8515
17.79976
17.8609
17.81675
17.86862
17.83255
17.92195
17.84726
17.92818
17.86049
17.93463
17.87215
17.94171
17.88989
17.94877
17.90242
17.96107
17.91904
17.97582
17.9341
18.02214
17.94229
18.02836
17.96002
18.03591
17.97377
18.04108
17.98931
18.04805
18.00426
18.05432
18.0212
18.05897
18.03663
18.06365
18.04476
18.06829
18.05387
18.07386
18.06405
18.08085
18.07325
18.08547
18.0796
18.09054
18.08591
18.09677
18.10096
18.10134
18.11134
18.10669
18.12052
18.1113
18.1277
18.11673
18.14713
18.12372
18.16031
18.16571
18.16901
18.21727
18.17946
18.22289
18.19019
18.22851
18.19888
18.23405
18.20986
18.23968
18.22467
18.24747
18.23562
18.25307
18.24789
18.26018
18.26004
18.26903
18.27001
18.27633
18.27796
18.28349
18.29118
18.28826
18.30665
18.29974
18.32143
18.30534
18.34083
18.34965
18.35246
18.40709
18.37026
18.46061
18.38803
18.46701
18.40722
18.47164
18.41854
18.47659
18.43803
18.48166
18.44888
18.49204
18.4691
18.52868
18.48376
18.53339
18.49955
18.54906
18.51567
18.57277
18.53189
18.61235
18.55036
18.6649
18.56506
18.66956
18.58054
18.67977
18.5957
18.69285
18.61491
18.69761
18.62884
18.71381
18.64339
18.72156
18.65968
18.73559
18.67549
18.75487
18.68636
18.77906
18.70366
18.80984
18.71538
18.81439
18.72856
18.81901
18.74515
18.82357
18.75745
18.82988
18.7684
18.83477
18.7806
18.83976
18.78928
18.84436
18.8044
18.84895
18.81308
18.85359
18.82327
18.85906
18.82973
18.8637
18.84063
18.8683
18.84929
18.87328
18.86029
18.87785
18.87195
18.8824
18.8808
18.88689
18.89999
18.89186
18.91011
18.89642
18.92227
18.90109
18.93542
18.93758
18.94725
18.98687
18.96224
19.03066
18.97406
19.07474
18.99316
19.11779
19.00915
19.12697
19.02346
19.1317
19.04652
19.14093
19.06249
19.16655
19.08399
19.21084
19.09976
19.22109
19.11995
19.22583
19.14301
19.23068
19.15934
19.23852
19.17554
19.24322
19.19105
19.25024
19.20354
19.25501
19.21761
19.29887
19.2361
19.34464
19.24935
19.38443
19.2637
19.38908
19.27324
19.39376
19.28873
19.40007
19.29932
19.40513
19.31244
19.40974
19.32465
19.41528
19.33493
19.42082
19.35102
19.42551
19.36414
19.43026
19.37296
19.43541
19.39043
19.4424
19.40808
19.46042
19.41843
19.51382
19.43755
19.56281
19.45152
19.59669
19.46845
19.60177
19.48752
19.60667
19.50241
19.61128
19.52172
19.61591
19.53969
19.62054
19.55516
19.62519
19.56651
19.62976
19.57884
19.63429
19.58707
19.63893
19.59899
19.64354
19.612
19.65052
19.62221
19.6568
19.62985
19.66231
19.64072
19.66729
19.6475
19.67195
19.65377
19.67659
19.6618
19.6812
19.67423
19.68585
19.68426
19.72746
19.70043
19.78568
19.71819
19.82654
19.73576
19.85547
19.75117
19.86021
19.76297
19.8654
19.77696
19.8767
19.7922
19.88187
19.80326
19.88664
19.82096
19.9138
19.83354
19.93332
19.84879
19.96701
19.85891
19.97325
19.872
19.98748
19.88651
20.00584
19.90111
20.01945
19.91207
20.02407
19.92448
20.02857
19.93173
20.03308
19.94544
20.03759
19.9557
20.04224
19.96941
20.04683
19.97733
20.0607
19.99128
20.06999
20.00211
20.07457
20.01661
20.07923
20.02985
20.08389
20.04237
20.09421
20.05907
20.10062
20.07084
20.10574
20.08635
20.11043
20.10109
20.13093
20.11193
20.17416
20.12683
20.19312
20.14232
20.21579
20.15555
20.22996
20.16919
20.23464
20.18168
20.25355
20.19496
20.29832
20.20893
20.30776
20.22151
20.3125
20.24176
20.31728
20.2581
20.32204
20.27659
20.32681
20.29139
20.34147
20.30516
20.37128
20.32218
20.41593
20.33331
20.4259
20.35382
20.45054
20.36946
20.48816
20.39118
20.49297
20.41273
20.50479
20.4312
20.51402
20.45349
20.53872
20.4736
20.56708
20.49122
20.57183
20.49995
20.57702
20.5177
20.58218
20.53606
20.58694
20.54405
20.59643
20.56334
20.64063
20.57855
20.68339
20.59019
20.69776
20.60262
20.70718
20.6203
20.71194
20.62988
20.72615
20.64538
20.74701
20.66013
20.75185
20.6734
20.75766
20.68966
20.76406
20.7021
20.76929
20.72318
20.77401
20.73564
20.77879
20.7472
20.78444
20.76405
20.78915
20.77576
20.80083
20.78905
20.8174
20.80671
20.83231
20.81678
20.84179
20.83308
20.87996
20.84704
20.92242
20.85894
20.96477
20.87877
21.00753
20.88993
21.01234
20.90833
21.01708
20.91632
21.0219
20.93169
21.03685
20.94801
21.04651
20.96659
21.08058
20.98514
21.09171
21.00274
21.1114
21.01309
21.13234
21.03089
21.14648
21.0464
21.15119
21.06124
21.15591
21.07586
21.1606
21.09512
21.18489
21.10681
21.19519
21.11926
21.21988
21.13487
21.22937
21.1503
21.25299
21.16199
21.27653
21.17451
21.28122
21.1878
21.28634
21.20254
21.29111
21.2135
21.29626
21.22548
21.30552
21.23933
21.31959
21.25681
21.34321
21.26825
21.36242
21.27949
21.36729
21.29193
21.3721
21.3074
21.3881
21.32279
21.43431
21.33445
21.47004
21.34679
21.47489
21.35572
21.47975
21.36736
21.48483
21.3791
21.48959
21.39019
21.49468
21.40262
21.52333
21.41212
21.53292
21.42469
21.53772
21.43947
21.54248
21.45338
21.54718
21.46768
21.55197
21.4824
21.55668
21.49653
21.56629
21.51267
21.57101
21.52648
21.61422
21.53977
21.65305
21.55535
21.65827
21.56966
21.66302
21.58429
21.6683
21.60041
21.67311
21.61885
21.68741
21.62988
21.70165
21.64385
21.7169
21.6577
21.72645
21.67001
21.73134
21.68324
21.74097
21.69652
21.76981
21.70982
21.78435
21.72539
21.79011
21.74024
21.80939
21.75926
21.82397
21.77448
21.83358
21.78618
21.84803
21.79476
21.85759
21.80806
21.90029
21.82428
21.94364
21.84051
21.95807
21.85271
21.97296
21.86078
21.97775
21.8725
21.98742
21.88114
21.99723
21.89272
22.00698
21.90297
22.0118
21.91248
22.01669
21.92331
22.02159
21.93053
22.03157
21.94522
22.06542
21.95319
22.07021
21.96577
22.07503
21.9806
22.0799
21.99752
22.08473
22.00409
22.08958
22.01702
22.09431
22.02595
22.0992
22.0426
22.10402
22.05056
22.10873
22.05994
22.11351
22.07214
22.11818
22.07936
22.12297
22.09004
22.13273
22.09478
22.13742
22.10601
22.14216
22.11554
22.1468
22.12949
22.15144
22.13671
22.15613
22.14692
22.16083
22.15567
22.16554
22.16873
22.2078
22.17667
22.23147
22.18915
22.24554
22.19618
22.25508
22.20548
22.26473
22.2149
22.29406
22.22741
22.30813
22.23821
22.33223
22.24769
22.33698
22.25728
22.34182
22.27189
22.3466
22.28137
22.35181
22.29066
22.35663
22.29867
22.36145
22.31061
22.37103
22.32239
22.38061
22.33564
22.41842
22.34872
22.43749
22.3612
22.4614
22.3707
22.48519
22.38103
22.50908
22.39737
22.51388
22.41202
22.5187
22.42461
22.52351
22.43935
22.52829
22.4548
22.53782
22.47347
22.54745
22.48306
22.55226
22.49849
22.57615
22.50422
22.58591
22.51714
22.61044
22.52582
22.62022
22.53593
22.62504
22.54626
22.63976
22.56091
22.65449
22.56902
22.66438
22.58434
22.67894
22.59827
22.70401
22.6093
22.7138
22.62021
22.72356
22.6291
22.75283
22.64303
22.75769
22.65768
22.78225
22.66879
22.78716
22.68363
22.80679
22.69765
22.81649
22.71259
22.82136
22.73647
22.83629
22.755
22.87586
22.77376
22.89565
22.78411
22.90575
22.80036
22.91063
22.809
22.91558
22.8213
22.9206
22.83163
22.92539
22.84268
22.93028
22.85514
22.93526
22.86179
22.94013
22.88171
22.94505
22.88899
22.94992
22.89899
22.95475
22.90897
22.99961
22.9199
23.02864
22.92569
23.03845
22.9374
23.04437
22.94689
23.04915
22.95623
23.05395
22.96267
23.05876
22.96826
23.07331
22.9798
23.07817
22.98776
23.083
22.99714
23.08779
23.00727
23.09255
23.01741
23.09744
23.02833
23.10231
23.03305
23.10717
23.04235
23.11202
23.04778
23.11685
23.05323
23.12173
23.06111
23.12649
23.0713
23.13137
23.07775
23.13618
23.08426
23.14101
23.09443
23.14589
23.10164
23.18005
23.10745
23.18492
23.12425
23.22846
23.13517
23.27202
23.14688
23.28171
23.1549
23.28648
23.16353
23.29133
23.17455
23.29616
23.18172
23.30091
23.19103
23.30568
23.20055
23.31042
23.20922
23.31528
23.21482
23.3201
23.22415
23.3249
23.22884
23.32977
23.23758
23.33461
23.24553
23.33943
23.25185
23.34421
23.25765
23.34901
23.26407
23.35383
23.27421
23.35867
23.28208
23.36358
23.29
23.36838
23.298
23.37317
23.30438
23.41233
23.3137
23.422
23.32099
23.43174
23.33345
23.44666
23.34065
23.46114
23.35311
23.46601
23.36345
23.48116
23.37568
23.49061
23.38145
23.49536
23.38933
23.50003
23.39578
23.50948
23.4038
23.51417
23.41182
23.52374
23.41964
23.53314
23.42993
23.54308
23.43571
23.54779
23.44425
23.55258
23.44947
23.56289
23.45974
23.57712
23.46544
23.58663
23.47566
23.59137
23.48045
23.60073
23.48769
23.60551
23.49786
23.61029
23.5027
23.61504
23.513
23.62459
23.52185
23.63417
23.53071
23.64376
23.53953
23.65334
23.55187
23.66788
23.56153
23.6825
23.5725
23.69719
23.58662
23.7216
23.6
23.73139
23.60975
23.73631
23.6226
23.74123
23.63573
23.74602
23.65163
23.75087
23.66162
23.75573
23.67012
23.76064
23.6798
23.77544
23.68657
23.79018
23.6957
23.80964
23.70579
23.81454
23.71496
23.81944
23.72144
23.82916
23.7329
23.83405
23.74625
23.83893
23.75739
23.87805
23.7671
23.9171
23.77964
23.922
23.78617
23.92689
23.79796
23.93228
23.80735
23.942
23.81315
23.94683
23.81977
23.95173
23.82867
23.95658
23.83752
23.96152
23.84564
23.96731
23.85447
23.97213
23.86711
23.97701
23.8767
23.98182
23.8849
23.98668
23.8997
23.99159
23.90623
23.99647
23.9166
24.00129
23.92689
24.00623
23.94004
24.01597
23.94969
24.05983
23.9614
24.06476
23.97022
24.06964
23.97599
24.07455
23.98185
24.07947
23.98993
24.09412
23.9963
24.10403
24.00446
24.10893
24.01551
24.11921
24.02041
24.12408
24.03162
24.13388
24.04264
24.13875
24.04994
24.14848
24.05874
24.19216
24.06593
24.20684
24.07186
24.22137
24.08368
24.24091
24.09156
24.24576
24.1004
24.25061
24.10912
24.25546
24.11706
24.26032
24.12741
24.26526
24.13768
24.27009
24.14478
24.275
24.15117
24.27985
24.15906
24.28472
24.1648
24.28963
24.17342
24.29456
24.18116
24.29944
24.18761
24.30426
24.19396
24.3092
24.19968
24.31404
24.20676
24.31893
24.21188
24.3238
24.21904
24.32866
24.22415
24.33358
24.22921
24.33845
24.23386
24.34338
24.23848
24.3482
24.24487
24.35311
24.25117
24.35802
24.25584
24.36289
24.26056
24.36769
24.26569
24.37256
24.27134
24.3775
24.27935
24.38231
24.28453
24.397
24.29174
24.44108
24.30056
24.45569
24.30926
24.46561
24.31969
24.48524
24.3346
24.49014
24.34623
24.4951
24.3566
24.50004
24.36591
24.50492
24.37611
24.50981
24.382
24.51475
24.3916
24.51967
24.39957
24.52455
24.40542
24.52943
24.41571
24.53439
24.42536
24.53932
24.43937
24.57843
24.45177
24.58331
24.45703
24.58817
24.46793
24.59292
24.47595
24.59782
24.48399
24.60259
24.49202
24.6074
24.49718
24.61212
24.50571
24.61686
24.51139
24.62158
24.51634
24.62632
24.52289
24.63106
24.52917
24.63571
24.53712
24.64046
24.54225
24.64517
24.54718
24.64992
24.55285
24.6547
24.55847
24.65941
24.5632
24.6642
24.5683
24.66892
24.57344
24.67364
24.57922
24.67838
24.58645
24.68311
24.59602
24.68788
24.60255
24.69262
24.609
24.69751
24.61416
24.70224
24.619
24.70704
24.62855
24.71674
24.63435
24.73133
24.64075
24.7362
24.6455
24.7411
24.6559
24.75099
24.66546
24.75591
24.67422
24.77069
24.68303
24.80009
24.6903
24.80501
24.69608
24.80993
24.70245
24.81476
24.7076
24.81966
24.7127
24.82947
24.71753
24.83864
24.72696
24.88266
24.73494
24.90227
24.73967
24.90722
24.74479
24.91208
24.74944
24.91701
24.75524
24.92194
24.76166
24.92678
24.76751
24.93174
24.77698
24.93668
24.78172
24.94159
24.78747
24.94654
24.79561
24.95149
24.8005
24.95643
24.80858
24.96132
24.81347
24.96628
24.82009
24.97119
24.82502
24.97612
24.83162
24.98592
24.84037
24.9908
24.84917
24.99564
24.86172
25.00048
24.8674
25.00538
24.87616
25.01029
24.88579
25.01519
24.8947
25.02003
24.90293
25.02492
24.91326
25.02984
24.9205
25.03479
24.92635
25.03967
24.93579
25.04457
24.94173
25.04945
24.95418
25.05431
24.95952
25.05917
24.96678
25.06411
24.97158
25.06898
24.98113
25.07387
24.98686
25.07876
24.9936
25.08363
25.00541
25.08854
25.01209
25.09346
25.02184
25.09844
25.033
25.10826
25.04481
25.15238
25.05073
25.16712
25.05735
25.17207
25.06323
25.17699
25.07363
25.1819
25.08014
25.18681
25.09035
25.19169
25.09703
25.19661
25.10656
25.20151
25.11398
25.2064
25.12119
25.21132
25.13014
25.2162
25.13759
25.22108
25.14641
25.22597
25.15307
25.23099
25.16126
25.23594
25.16867
25.25555
25.17655
25.26043
25.18545
25.26538
25.1987
25.3095
25.20766
25.34388
25.21722
25.35863
25.22265
25.36365
25.23211
25.3735
25.23748
25.38824
25.24638
25.39318
25.25687
25.40794
25.26486
25.41283
25.27305
25.41771
25.27966
25.42258
25.28776
25.42749
25.29595
25.43238
25.3025
25.43734
25.31204
25.44225
25.32015
25.44714
25.33043
25.45208
25.33688
25.45701
25.34416
25.46195
25.35429
25.46678
25.35996
25.47165
25.36643
25.47655
25.37276
25.4815
25.37991
25.48645
25.38504
25.49138
25.39074
25.49627
25.39715
25.50124
25.40363
25.50618
25.40829
25.5111
25.41479
25.51602
25.4244
25.52098
25.4309
25.54073
25.43671
25.55545
25.44458
25.56539
25.45166
25.57514
25.4588
25.58003
25.4668
25.58488
25.47252
25.58974
25.47986
25.59462
25.48473
25.59945
25.4929
25.60433
25.50247
25.60916
25.50731
25.61404
25.51446
25.61895
25.51968
25.62382
25.52702
25.6286
25.53291
25.63337
25.54247
25.63821
25.54903
25.64306
25.55428
25.64785
25.56299
25.65273
25.56881
25.65762
25.57617
25.66247
25.58569
25.6674
25.59155
25.67228
25.598
25.67715
25.60587
25.68206
25.61067
25.68699
25.61803
25.70176
25.62458
25.70673
25.63108
25.72146
25.63843
25.72635
25.64559
25.74127
25.65089
25.74623
25.66115
25.75612
25.66854
25.76105
25.6759
25.77101
25.68113
25.77597
25.68597
25.78088
25.69313
25.78585
25.70035
25.79581
25.70605
25.80076
25.71197
25.80567
25.71865
25.81062
25.72509
25.81557
25.73045
25.82051
25.74014
25.82543
25.7475
25.83537
25.7535
25.84029
25.76254
25.84526
25.77217
25.85018
25.7802
25.85511
25.78617
25.85998
25.7929
25.86497
25.80262
25.86989
25.80855
25.87479
25.81586
25.89947
25.82337
25.92417
25.8283
25.93899
25.8358
25.9538
25.84302
25.95872
25.84877
25.9637
25.85456
25.96863
25.86002
25.9786
25.86676
25.98358
25.87273
25.99347
25.87771
26.0083
25.88523
26.01327
25.89422
26.01818
25.90008
26.02313
25.90734
26.02809
25.91217
26.03305
25.91705
26.03794
25.922
26.04286
25.9278
26.04779
25.93371
26.05268
25.93962
26.05757
25.94446
26.06248
25.94927
26.0673
25.95601
26.07217
25.96268
26.07703
25.9686
26.08189
25.97385
26.08674
25.97872
26.0916
25.98445
26.09646
25.98941
26.1014
25.99533
26.10631
26.00062
26.11118
26.00554
26.1161
26.01367
26.12097
26.02034
26.12585
26.02524
26.13079
26.03118
26.13567
26.04002
26.14056
26.04534
26.14549
26.05321
26.15039
26.05987
26.15534
26.06703
26.16029
26.07229
26.16526
26.07964
26.17017
26.08621
26.17513
26.09227
26.18005
26.10377
26.19484
26.10906
26.20475
26.11786
26.20967
26.12885
26.21948
26.13408
26.23914
26.13998
26.25896
26.14651
26.264
26.15182
26.27391
26.15781
26.27884
26.16456
26.28869
26.17351
26.29364
26.18012
26.29869
26.18591
26.30863
26.19267
26.31358
26.19936
26.32853
26.20424
26.33342
26.21241
26.34329
26.21726
26.34824
26.22329
26.35319
26.22923
26.35815
26.23458
26.36311
26.24129
26.3681
26.24874
26.37305
26.25607
26.378
26.26123
26.38295
26.26801
26.3879
26.27682
26.3929
26.28346
26.39792
26.29021
26.40293
26.29847
26.40792
26.30357
26.41293
26.31056
26.41787
26.31884
26.42281
26.32587
26.42774
26.33502
26.43274
26.34111
26.43769
26.34945
26.44263
26.35581
26.4625
26.36503
26.46751
26.37049
26.47739
26.37829
26.49223
26.386
26.49727
26.39167
26.50217
26.39792
26.51708
26.4065
26.52696
26.41323
26.53197
26.41881
26.5369
26.42789
26.54183
26.43339
26.5468
26.4389
26.55172
26.44478
26.55663
26.45048
26.56153
26.45543
26.5665
26.46037
26.57137
26.46534
26.57626
26.47206
26.58115
26.47744
26.58601
26.48232
26.5909
26.48728
26.59571
26.4922
26.60061
26.49708
26.60548
26.50209
26.61525
26.50956
26.62014
26.51541
26.62501
26.52041
26.62992
26.52722
26.63967
26.53525
26.64937
26.54069
26.65429
26.54968
26.66395
26.55563
26.66879
26.56061
26.67364
26.56599
26.67851
26.57124
26.6834
26.578
26.68827
26.58475
26.69312
26.59079
26.69807
26.59616
26.70301
26.60104
26.70797
26.60645
26.71282
26.6132
26.7227
26.61992
26.72764
26.62648
26.74721
26.63249
26.75697
26.63979
26.76185
26.64802
26.76661
26.65452
26.77141
26.65934
26.77622
26.66529
26.781
26.67065
26.7858
26.67731
26.79059
26.68214
26.79542
26.68704
26.80027
26.69238
26.80509
26.69728
26.80987
26.7021
26.81468
26.70694
26.81946
26.71205
26.82423
26.71698
26.82902
26.72198
26.83374
26.72793
26.83854
26.73285
26.84337
26.73776
26.84814
26.74262
26.85291
26.74858
26.85768
26.75343
26.86249
26.75831
26.86722
26.76326
26.87199
26.76997
26.8768
26.77534
26.88162
26.78204
26.88645
26.78695
26.89117
26.7918
26.89595
26.79712
26.90079
26.8021
26.90559
26.80783
26.9104
26.81321
26.91516
26.8184
26.91994
26.82334
26.92476
26.82825
26.92954
26.83367
26.93441
26.83867
26.94402
26.84371
26.94882
26.85044
26.95365
26.85556
26.95849
26.86239
26.97319
26.86986
26.98298
26.8782
26.99285
26.88433
26.99784
26.89418
27.00276
26.90091
27.00774
26.90688
27.01272
26.91444
27.01766
26.91986
27.02263
26.92491
27.02757
26.93247
27.0326
26.93795
27.03753
26.94299
27.04249
26.94843
27.04741
26.95344
27.05239
26.95839
27.05737
26.96339
27.06232
26.96883
27.06733
26.97429
27.07218
26.97968
27.08201
26.98474
27.0869
26.99024
27.09183
26.9963
27.09687
27.00133
27.10668
27.00636
27.11155
27.01298
27.11652
27.01847
27.13146
27.0236
27.13635
27.02912
27.1413
27.03735
27.14625
27.04343
27.15121
27.04951
27.15618
27.05461
27.1612
27.06201
27.16611
27.06748
27.17107
27.07259
27.17603
27.08085
27.18101
27.08627
27.18596
27.09134
27.1909
27.09643
27.19584
27.10322
27.20086
27.10825
27.20582
27.11319
27.21075
27.11815
27.21567
27.12363
27.22059
27.12859
27.22549
27.134
27.23043
27.13905
27.23532
27.14447
27.24024
27.14947
27.24555
27.15441
27.2504
27.15929
27.25525
27.16422
27.26009
27.16922
27.26499
27.1743
27.26986
27.18409
27.27467
27.19145
27.29869
27.1968
27.30346
27.20163
27.31297
27.20651
27.31776
27.21152
27.32732
27.21811
27.33213
27.22306
27.33688
27.22798
27.34168
27.23295
27.34647
27.23783
27.35123
27.24268
27.35598
27.24772
27.36078
27.25599
27.37008
27.26094
27.37486
27.26594
27.37956
27.27096
27.38432
27.27768
27.38912
27.28272
27.39387
27.28811
27.39877
27.29362
27.40359
27.29959
27.40844
27.30779
27.41327
27.31283
27.41812
27.32087
27.42297
27.32635
27.4278
27.33173
27.43272
27.33666
27.4376
27.34264
27.44244
27.34753
27.44728
27.35269
27.45201
27.35767
27.45681
27.36249
27.46158
27.36744
27.4663
27.37225
27.47103
27.37715
27.47579
27.382
27.49
27.38688
27.49474
27.39182
27.49941
27.3971
27.50411
27.40196
27.50882
27.40681
27.51358
27.41166
27.51833
27.4173
27.5231
27.42267
27.53263
27.428
27.53742
27.4333
27.54218
27.4381
27.54694
27.44299
27.55166
27.44881
27.55643
27.45364
27.56116
27.45856
27.56601
27.46352
27.57073
27.46838
27.57552
27.47375
27.58031
27.47867
27.58507
27.48368
27.58985
27.48906
27.59463
27.49398
27.59944
27.49891
27.60422
27.50394
27.60899
27.50887
27.61372
27.51391
27.61858
27.51886
27.62339
27.5239
27.62827
27.5289
27.63304
27.53394
27.63791
27.53894
27.64282
27.54393
27.64773
27.5489
27.65261
27.55474
27.6575
27.55977
27.66243
27.5651
27.66738
27.57114
27.67226
27.57619
27.67716
27.58162
27.68208
27.58669
27.68696
27.59202
27.69182
27.59746
27.69677
27.60241
27.70166
27.60783
27.70649
27.61276
27.71133
27.61777
27.73554
27.62289
27.74039
27.6283
27.7452
27.63333
27.75
27.63831
27.75479
27.64334
27.75961
27.6484
27.76451
27.6543
27.76935
27.66043
27.77416
27.66723
27.77902
27.67221
27.78394
27.67722
27.78885
27.6823
27.79375
27.68737
27.79872
27.69232
27.80367
27.69735
27.80858
27.70238
27.8135
27.70787
27.81843
27.7129
27.82333
27.71801
27.82829
27.72445
27.83318
27.73111
27.83805
27.73624
27.84298
27.74173
27.84792
27.74672
27.85284
27.7518
27.85777
27.75687
27.86268
27.76238
27.86765
27.76844
27.87255
27.77347
27.87746
27.77848
27.88237
27.78458
27.8872
27.79144
27.89211
27.79737
27.89712
27.80243
27.92153
27.80784
27.92643
27.81288
27.93133
27.81795
27.9362
27.82557
27.9411
27.83286
27.94598
27.83953
27.95085
27.84456
27.95573
27.85061
27.96061
27.85668
27.96558
27.86209
27.97049
27.86709
27.97545
27.87214
27.98037
27.87711
27.9853
27.8821
27.99027
27.88756
27.99522
27.89258
28.00023
27.89758
28.00521
27.90263
28.01014
27.90816
28.01509
27.9142
28.02003
27.9193
28.02496
27.92441
28.02995
27.92941
28.035
27.93443
28.04001
27.93953
28.045
27.94464
28.04996
27.94964
28.05491
27.95477
28.05988
27.95986
28.06493
27.96497
28.06992
27.97001
28.0749
27.97553
28.07985
27.98063
28.08482
27.98568
28.08981
27.99319
28.09476
27.99826
28.09977
28.00335
28.10474
28.00847
28.10972
28.01457
28.11475
28.01957
28.11971
28.02469
28.12469
28.02975
28.1297
28.03473
28.13463
28.03982
28.13955
28.04526
28.14452
28.05035
28.14948
28.05549
28.15448
28.0606
28.15945
28.0667
28.16448
28.07185
28.16943
28.07942
28.17443
28.08454
28.17942
28.09066
28.18436
28.09574
28.18932
28.10082
28.19432
28.10584
28.19937
28.11242
28.20432
28.11741
28.2093
28.12402
28.21423
28.12907
28.2192
28.13408
28.22416
28.13914
28.22909
28.14458
28.23404
28.14954
28.239
28.15459
28.24393
28.16071
28.27339
28.16572
28.27826
28.17401
28.28316
28.17898
28.28807
28.18401
28.29295
28.18913
28.29797
28.1942
28.3029
28.1993
28.30783
28.20479
28.31276
28.20992
28.31775
28.21742
28.32266
28.22302
28.32763
28.22852
28.33265
28.23365
28.33767
28.23914
28.34264
28.24426
28.34766
28.24929
28.35268
28.25439
28.35766
28.2596
28.36264
28.26946
28.36758
28.27456
28.37249
28.2796
28.37747
28.28512
28.38251
28.29029
28.38745
28.2958
28.39244
28.30084
28.39742
28.30594
28.40239
28.31105
28.40739
28.31609
28.41241
28.32122
28.41739
28.32624
28.42238
28.33128
28.42735
28.33634
28.43243
28.34147
28.43747
28.34662
28.44242
28.35218
28.4475
28.35735
28.45247
28.36246
28.45744
28.36759
28.46243
28.37314
28.46739
28.37819
28.47234
28.38337
28.47737
28.38851
28.48234
28.39362
28.48732
28.39875
28.49232
28.40383
28.49734
28.40895
28.50234
28.41399
28.50731
28.41912
28.51232
28.42435
28.51729
28.42938
28.52229
28.43445
28.52727
28.4395
28.53231
28.44468
28.53732
28.45158
28.54228
28.45672
28.54729
28.46176
28.55229
28.46687
28.5573
28.47198
28.56227
28.47752
28.56729
28.48264
28.57227
28.4878
28.5773
28.49277
28.58232
28.49782
28.58727
28.50285
28.59225
28.50797
28.59719
28.51305
28.60213
28.51814
28.60706
28.52328
28.61198
28.52839
28.61691
28.53344
28.62183
28.53844
28.62678
28.54354
28.63174
28.54902
28.63669
28.55404
28.64155
28.55916
28.64644
28.56419
28.6513
28.56918
28.65618
28.57426
28.66104
28.57932
28.66602
28.58438
28.67085
28.58952
28.67568
28.59456
28.68057
28.5997
28.68548
28.60521
28.69039
28.61027
28.69531
28.61562
28.70026
28.62078
28.70518
28.6259
28.71008
28.63095
28.71505
28.63601
28.71998
28.64108
28.72493
28.64618
28.73002
28.65284
28.73493
28.65807
28.73996
28.66324
28.74489
28.66843
28.74986
28.674
28.75481
28.67906
28.75976
28.68419
28.7648
28.6894
28.76976
28.69458
28.77478
28.69974
28.77973
28.70494
28.78468
28.71055
28.78969
28.71614
28.7947
28.72119
28.79976
28.72627
28.80473
28.73143
28.8097
28.73659
28.81473
28.74174
28.81971
28.74681
28.82468
28.75195
28.82963
28.75719
28.83467
28.76273
28.83964
28.7678
28.84462
28.77296
28.84958
28.77852
28.85456
28.78367
28.85952
28.78878
28.86452
28.79384
28.86945
28.79891
28.8744
28.804
28.87932
28.80908
28.88429
28.81411
28.88926
28.8191
28.89417
28.8242
28.89914
28.8293
28.90409
28.83433
28.90899
28.83941
28.91388
28.8445
28.9433
28.84957
28.94822
28.8546
28.95312
28.85969
28.95793
28.86469
28.96283
28.86985
28.96774
28.87495
28.97263
28.87999
28.9775
28.88509
28.98239
28.89022
28.98728
28.89534
28.99222
28.90048
28.99723
28.9056
29.00222
28.91321
29.00716
28.91838
29.01212
28.92458
29.01715
28.9297
29.02218
28.93526
29.02719
28.94082
29.03225
28.94588
29.03721
28.951
29.04221
28.9585
29.04717
28.96366
29.05218
28.96987
29.05717
28.97738
29.0622
28.98242
29.06717
28.98747
29.07214
28.99254
29.0771
28.99808
29.08207
29.00308
29.08697
29.00819
29.09195
29.01327
29.09696
29.01838
29.10195
29.02428
29.10689
29.02945
29.11182
29.03559
29.11678
29.04113
29.12176
29.04625
29.12671
29.05131
29.13173
29.0567
29.13669
29.06184
29.14166
29.06691
29.14664
29.07204
29.15165
29.0771
29.15665
29.08224
29.16158
29.08733
29.16665
29.09297
29.17167
29.09991
29.17668
29.10496
29.18165
29.11112
29.18668
29.11615
29.19164
29.12127
29.19672
29.12638
29.20172
29.13154
29.20671
29.13768
29.21171
29.14275
29.21669
29.14825
29.22166
29.1534
29.22662
29.15852
29.23163
29.16366
29.2366
29.16878
29.24151
29.17387
29.24646
29.18078
29.25137
29.18753
29.2563
29.19268
29.26118
29.19768
29.29994
29.20277
29.30473
29.20785
29.30964
29.21292
29.31447
29.21805
29.31936
29.22314
29.3242
29.22817
29.32903
29.23329
29.33394
29.23845
29.33879
29.244
29.34371
29.25014
29.34853
29.25529
29.35339
29.26038
29.35826
29.26554
29.36321
29.27069
29.36816
29.27586
29.37308
29.28098
29.37802
29.28617
29.38302
29.29129
29.38803
29.29645
29.39301
29.30151
29.39806
29.3067
29.40306
29.31227
29.40806
29.3174
29.41307
29.32253
29.41814
29.32761
29.42311
29.33316
29.42814
29.33828
29.43323
29.34337
29.43825
29.34853
29.44328
29.35368
29.44829
29.35929
29.45333
29.36435
29.45838
29.36944
29.46343
29.37457
29.4685
29.37965
29.47354
29.38476
29.47858
29.38987
29.48362
29.39497
29.48862
29.40013
29.49363
29.40567
29.49868
29.41069
29.50368
29.41583
29.50871
29.42088
29.51369
29.42586
29.51871
29.43099
29.52369
29.43649
29.52865
29.44159
29.53372
29.44666
29.53865
29.45263
29.5436
29.45783
29.54853
29.46541
29.55352
29.47046
29.5585
29.47555
29.56357
29.48057
29.56852
29.48593
29.5734
29.49106
29.57834
29.49607
29.58329
29.50123
29.58824
29.50632
29.59318
29.51147
29.59821
29.51655
29.60317
29.52423
29.60818
29.52927
29.6132
29.53434
29.61816
29.53941
29.62316
29.54451
29.62811
29.54967
29.63314
29.55591
29.63816
29.56109
29.64319
29.56774
29.64821
29.57295
29.65323
29.58042
29.65823
29.58552
29.66325
29.59313
29.66825
29.59829
29.67325
29.60342
29.67826
29.60855
29.68323
29.6137
29.68822
29.62045
29.69319
29.62555
29.69821
29.63064
29.72301
29.63574
29.72793
29.64413
29.7328
29.65029
29.7378
29.65588
29.74269
29.66103
29.74768
29.66711
29.7527
29.67221
29.7576
29.67727
29.76254
29.68265
29.76758
29.68777
29.77254
29.69398
29.77755
29.69936
29.78253
29.70448
29.78756
29.70959
29.79259
29.71462
29.79767
29.71966
29.8027
29.72481
29.80772
29.72994
29.81276
29.73508
29.81774
29.74063
29.82281
29.74572
29.82782
29.75084
29.83293
29.75596
29.83796
29.76212
29.84304
29.76816
29.84811
29.77325
29.85318
29.77838
29.85823
29.78349
29.86328
29.78861
29.86832
29.79474
29.87335
29.79983
29.87837
29.80494
29.88341
29.81005
29.88837
29.81608
29.89338
29.82113
29.90346
29.82617
29.90844
29.8336
29.91338
29.83866
29.91834
29.84413
29.92328
29.84959
29.92824
29.85461
29.93326
29.85966
29.9382
29.86464
29.94315
29.86969
29.94814
29.87475
29.95309
29.88084
29.95801
29.88588
29.96294
29.89096
29.96796
29.896
29.97295
29.90102
29.97792
29.90607
29.98295
29.91113
29.98788
29.91616
29.99289
29.92119
29.99796
29.9263
30.00295
29.93139
30.00792
29.93642
30.01295
29.9425
30.01801
29.94748
30.02295
29.95246
30.02799
29.95762
30.03296
29.96315
30.03796
29.96997
30.04303
29.9755
30.04815
29.98097
30.05314
29.98609
30.05828
29.99163
30.06346
29.99718
30.06854
30.00403
30.07361
30.00905
30.07869
30.01407
30.08378
30.0191
30.08887
30.02422
30.09387
30.02934
30.099
30.03444
30.10401
30.03945
30.10908
30.04445
30.11414
30.04958
30.11917
30.05513
30.12421
30.06032
30.12932
30.0694
30.13437
30.07453
30.13943
30.08064
30.14451
30.08567
30.14954
30.09078
30.15456
30.0959
30.15953
30.10142
30.16463
30.10752
30.16962
30.11264
30.18474
30.1187
30.22976
30.1256
30.23471
30.1311
30.23977
30.1362
30.24481
30.14119
30.24987
30.14622
30.25493
30.15169
30.25994
30.15687
30.26501
30.16198
30.27008
30.16751
30.27512
30.17437
30.28007
30.17947
30.28509
30.18447
30.29011
30.18962
30.29522
30.19867
30.30017
30.20465
30.30523
30.21017
30.31027
30.21569
30.31533
30.2212
30.3204
30.22679
30.32551
30.23293
30.33062
30.2398
30.33573
30.24662
30.34074
30.25169
30.34585
30.26007
30.35085
30.26617
30.35592
30.27126
30.36098
30.27637
30.36596
30.28145
30.37102
30.28649
30.37602
30.29211
30.38105
30.3005
30.38611
30.3056
30.39118
30.31065
30.39622
30.31568
30.40132
30.32081
30.40632
30.32591
30.41132
30.331
30.41632
30.33871
30.42129
30.3456
30.42627
30.35073
30.43132
30.35588
30.4363
30.36107
30.44614
30.36849
30.49034
30.37364
30.49524
30.3798
30.50016
30.38593
30.505
30.39109
30.50987
30.39727
30.51477
30.40487
30.51963
30.41002
30.52454
30.41558
30.52949
30.42249
30.53433
30.42763
30.53927
30.43267
30.54426
30.4378
30.5493
30.44296
30.55433
30.448
30.55933
30.4531
30.56442
30.45874
30.56938
30.46433
30.57442
30.46996
30.57949
30.47521
30.58458
30.48048
30.58964
30.48612
30.59472
30.4913
30.59973
30.49657
30.60472
30.5037
30.60984
30.50996
30.61482
30.51522
30.61992
30.52236
30.62502
30.52813
30.63016
30.53448
30.63515
30.54152
30.64019
30.54672
30.64522
30.55243
30.65033
30.55809
30.65533
30.56339
30.66041
30.56913
30.66555
30.5749
30.67059
30.58127
30.67561
30.58741
30.68065
30.59257
30.68564
30.59774
30.69066
30.60311
30.69572
30.60884
30.7007
30.61421
30.70577
30.62059
30.71082
30.62632
30.71591
30.63178
30.7361
30.63876
30.74111
30.64412
30.74616
30.6499
30.75119
30.65535
30.75623
30.66123
30.76131
30.66739
30.76641
30.67309
30.77146
30.67846
30.77657
30.68356
30.78156
30.68964
30.78671
30.6948
30.79179
30.70015
30.79688
30.70521
30.80193
30.71083
30.80699
30.71597
30.81204
30.72154
30.81704
30.72712
30.82211
30.73232
30.82722
30.73835
30.83237
30.7435
30.8375
30.74856
30.8425
30.75371
30.84758
30.75898
30.85262
30.76738
30.85768
30.7725
30.86272
30.77758
30.86786
30.78269
30.87296
30.78784
30.87808
30.79288
30.88311
30.79806
30.88814
30.80362
30.89325
30.80875
30.89838
30.81392
30.90336
30.82008
30.90845
30.82628
30.91344
30.83138
30.91857
30.83656
30.92358
30.84274
30.92864
30.848
30.93873
30.85649
30.94377
30.86205
30.94882
30.86724
30.9539
30.87343
30.95902
30.87899
30.96408
30.88416
30.96909
30.89182
30.97417
30.89687
30.97923
30.90197
30.98425
30.90714
30.98934
30.91252
30.99439
30.91806
30.99938
30.92329
31.00443
30.93022
31.00949
30.93636
31.01454
30.94145
31.0196
30.94653
31.02463
30.95166
31.02968
30.95722
31.03467
30.96232
31.03969
30.96742
31.04473
30.97294
31.04971
30.97847
31.05477
30.98396
31.05981
30.98904
31.06495
30.99461
31.07
31.00069
31.07496
31.00579
31.07997
31.01191
31.08501
31.01695
31.09504
31.02211
31.10013
31.02714
31.1052
31.03227
31.11024
31.03777
31.1153
31.04289
31.12033
31.04802
31.12536
31.0531
31.13054
31.0583
31.13559
31.06381
31.14063
31.06889
31.14572
31.07503
31.15081
31.08345
31.15589
31.08965
31.16607
31.09479
31.17108
31.09984
31.17618
31.10492
31.18119
31.11048
31.1862
31.11563
31.19126
31.12078
31.19628
31.12639
31.20137
31.13144
31.2065
31.13651
31.21152
31.14162
31.21659
31.1472
31.22169
31.15274
31.22677
31.15787
31.2319
31.16345
31.2369
31.16897
31.24203
31.17413
31.24714
31.17926
31.25218
31.1844
31.25723
31.1896
31.26231
31.19464
31.26739
31.19977
31.27247
31.20492
31.27751
31.20996
31.28257
31.2151
31.28767
31.22063
31.29274
31.22571
31.29783
31.23083
31.30286
31.23602
31.30796
31.24221
31.31302
31.24735
31.31809
31.25257
31.3231
31.26081
31.32821
31.26586
31.33328
31.27102
31.33829
31.27606
31.34339
31.28124
31.34842
31.28681
31.35353
31.29245
31.35863
31.29806
31.36372
31.30422
31.36879
31.30933
31.38393
31.31492
31.39922
31.32108
31.40938
31.32624
31.41447
31.33129
31.41953
31.33638
31.42457
31.34193
31.42969
31.34704
31.43472
31.35371
31.43971
31.36069
31.44473
31.3658
31.44978
31.37189
31.45489
31.37704
31.45999
31.38213
31.46511
31.38827
31.4701
31.39392
31.47523
31.40012
31.48021
31.40628
31.4853
31.41142
31.49035
31.41654
31.50049
31.42163
31.50555
31.42934
31.5106
31.43442
31.51566
31.44056
31.52073
31.44571
31.5258
31.45123
31.53092
31.45636
31.53602
31.46142
31.54099
31.46827
31.54608
31.47341
31.5511
31.47895
31.55616
31.48398
31.56127
31.4892
31.56633
31.49535
31.57132
31.50085
31.57636
31.50595
31.58138
31.51097
31.58686
31.51606
31.59195
31.52115
31.59713
31.52623
31.60221
31.53132
31.60729
31.53633
31.61239
31.54182
31.61749
31.54696
31.62257
31.55538
31.6276
31.56083
31.63267
31.56592
31.63774
31.57099
31.64277
31.57606
31.65288
31.58149
31.65785
31.58653
31.66288
31.59197
31.66781
31.59703
31.67284
31.6046
31.6779
31.61003
31.68286
31.61499
31.68787
31.62004
31.69292
31.6251
31.69805
31.63016
31.70305
31.63619
31.70851
31.64122
31.71351
31.64729
31.71856
31.6528
31.72363
31.66041
31.72867
31.6673
31.7338
31.67632
31.73888
31.68128
31.7439
31.68634
31.74901
31.69244
31.75408
31.69749
31.75918
31.70357
31.76423
31.71023
31.76933
31.71705
31.7744
31.72305
31.77946
31.72972
31.78458
31.73576
31.79012
31.74077
31.79564
31.7458
31.80179
31.75081
31.8079
31.75592
31.81291
31.76191
31.81798
31.76795
31.82313
31.77289
31.82842
31.77831
31.83352
31.7834
31.83858
31.79241
31.84367
31.79782
31.84868
31.80277
31.85376
31.80783
31.8588
31.8154
31.86438
31.82126
31.86939
31.82943
31.87448
31.83441
31.87998
31.84044
31.88511
31.84539
31.8901
31.85037
31.89517
31.85649
31.90025
31.86255
31.9053
31.86762
31.91034
31.87366
31.91537
31.87877
31.92054
31.88703
31.9256
31.892
31.93081
31.89702
31.93693
31.90199
31.94196
31.90709
31.9475
31.91385
31.95259
31.9189
31.95759
31.92651
31.9627
31.93156
31.96776
31.93914
31.9733
31.94503
31.97884
31.95052
31.98435
31.95569
31.98948
31.96076
31.99458
31.9659
31.9997
31.97407
32.00484
31.97916
32.00992
31.98417
32.01509
31.98925
32.02017
31.99443
32.02568
31.99955
32.03097
32.00647
32.04008
32.0156
32.04525
32.02171
32.05036
32.02684
32.05646
32.03196
32.06159
32.0375
32.06664
32.04588
32.0718
32.05345
32.07696
32.05846
32.08302
32.06353
32.08813
32.06858
32.09329
32.0737
32.0984
32.07869
32.10345
32.08374
32.10846
32.08994
32.11355
32.09494
32.11868
32.10002
32.12375
32.10555
32.12891
32.11068
32.13402
32.11584
32.13916
32.12097
32.14428
32.12612
32.14944
32.13121
32.15458
32.13676
32.15965
32.14186
32.16484
32.14744
32.16994
32.15308
32.17503
32.16083
32.18008
32.16699
32.1852
32.17214
32.19036
32.17733
32.19556
32.18246
32.20081
32.18752
32.20602
32.19258
32.2111
32.19774
32.21623
32.20387
32.22144
32.20897
32.22653
32.21409
32.23179
32.21924
32.23685
32.22439
32.24199
32.23
32.24714
32.23621
32.25227
32.24136
32.25748
32.24651
32.26259
32.25164
32.26778
32.25683
32.27299
32.262
32.27816
32.26719
32.28328
32.27275
32.28839
32.27795
32.29345
32.28354
32.29868
32.28917
32.30387
32.2944
32.30898
32.3028
32.31406
32.30799
32.31919
32.31495
32.32441
32.32012
32.33006
32.3253
32.33515
32.33041
32.34039
32.33554
32.34546
32.34118
32.35054
32.34679
32.35559
32.35197
32.36072
32.35719
32.36586
32.3634
32.3709
32.3685
32.37605
32.37368
32.38118
32.37886
32.38634
32.38405
32.39141
32.3893
32.39662
32.39447
32.40175
32.40002
32.40683
32.40517
32.41193
32.41033
32.41706
32.41547
32.42215
32.42098
32.42726
32.42614
32.43684
32.43111
32.44192
32.43618
32.44696
32.44117
32.452
32.4461
32.45739
32.45211
32.46276
32.45883
32.46777
32.46376
32.47274
32.46908
32.47762
32.47407
32.48252
32.48227
32.48789
32.48762
32.49286
32.49249
32.49786
32.49746
32.50281
32.50246
32.50776
32.50748
32.51278
32.51287
32.51778
32.5179
32.52274
32.52298
32.52772
32.52795
32.53266
32.53301
32.53765
32.53807
32.54268
32.54304
32.54766
32.5481
32.55265
32.55315
32.55764
32.55828
32.56265
32.56337
32.57275
32.56843
32.57778
32.57349
32.58282
32.57852
32.58788
32.58364
32.59294
32.58883
32.59807
32.59397
32.60315
32.59903
32.60822
32.60415
32.6133
32.60932
32.61839
32.61438
32.62349
32.61957
32.62859
32.62479
32.63381
32.62991
32.63896
32.63501
32.6441
32.64008
32.64922
32.64513
32.6544
32.65025
32.6595
32.65535
32.66479
32.66045
32.66996
32.6656
32.67511
32.67073
32.68029
32.67591
32.6855
32.68105
32.69072
32.68627
32.6959
32.69152
32.70116
32.69671
32.70632
32.70189
32.71151
32.70712
32.71671
32.71237
32.72194
32.71758
32.7272
32.72288
32.73245
32.72819
32.73765
32.73352
32.74283
32.73874
32.74805
32.7441
32.75329
32.74934
32.75847
32.75465
32.76381
32.76006
32.769
32.76542
32.7743
32.77076
32.77958
32.77615
32.78491
32.78147
32.79026
32.78684
32.79563
32.79229
32.80099
32.79768
32.80627
32.80305
32.81158
32.80844
32.81687
32.81387
32.82217
32.81929
32.82746
32.82476
32.83286
32.83018
32.8382
32.83555
32.84357
32.84093
32.84896
32.84619
32.85442
32.85162
32.85985
32.85716
32.86537
32.86271
32.8708
32.86833
32.87624
32.87397
32.88164
32.87957
32.88708
32.88521
32.89255
32.89093
32.89812
32.8965
32.9036
32.90209
32.9091
32.90778
32.91461
32.91343
32.92015
32.91905
32.92569
32.92468
32.93121
32.93036
32.93677
32.93589
32.9423
32.94148
32.94783
32.94711
32.9589
32.95273
32.96462
32.95847
32.97044
32.96399
32.97594
32.96967
32.98166
32.97546
32.98731
32.98118
32.99304
32.987
32.99876
32.99293
33.00442
32.99876
33.01007
33.00467
33.01569
33.01057
33.02139
33.01628
33.02703
33.02216
33.03278
33.02797
33.03848
33.03379
33.0442
33.0396
33.04993
33.04531
33.05568
33.05106
33.06139
33.05696
33.0671
33.0626
33.0728
33.06843
33.07841
33.07405
33.08409
33.07984
33.08976
33.08607
33.09546
33.092
33.10129
33.09777
33.10698
33.10349
33.11274
33.10925
33.11825
33.11502
33.12413
33.12099
33.12981
33.12695
33.13552
33.13279
33.1414
33.13865
33.14714
33.14482
33.15281
33.15099
33.15832
33.15724
33.17006
33.16327
33.1818
33.16914
33.18769
33.1751
33.19334
33.18104
33.19941
33.18689
33.20512
33.19302
33.21097
33.19875
33.21693
33.20467
33.22272
33.21073
33.22852
33.21645
33.23458
33.22273
33.24071
33.22853
33.24661
33.23497
33.2525
33.24099
33.2584
33.24709
33.26424
33.25312
33.26995
33.25948
33.30426
33.26541
33.31003
33.27145
33.31587
33.27738
33.3217
33.28349
33.32758
33.28953
33.33368
33.29542
33.33954
33.30114
33.34551
33.3072
33.3513
33.31284
33.35717
33.31887
33.36312
33.32473
33.36899
33.33068
33.37488
33.33663
33.38093
33.34284
33.38664
33.34892
33.39233
33.3549
33.39835
33.3609
33.40416
33.36704
33.41008
33.3733
33.41591
33.37966
33.42169
33.38599
33.42755
33.39198
33.43335
33.39817
33.43945
33.40419
33.44508
33.41015
33.45078
33.41596
33.45669
33.42239
33.4625
33.42844
33.46836
33.43469
33.4741
33.44102
33.47969
33.44732
33.48536
33.4537
33.491
33.4602
33.49683
33.46639
33.50263
33.4725
33.50828
33.47819
33.51383
33.48428
33.51954
33.49076
33.52497
33.49669
33.53062
33.50274
33.53642
33.50918
33.54198
33.51532
33.54755
33.52151
33.55316
33.52771
33.55867
33.53349
33.5642
33.53962
33.56975
33.54567
33.57523
33.55174
33.58064
33.55782
33.58634
33.56422
33.59188
33.57066
33.59824
33.57689
33.60445
33.58332
33.61068
33.5896
33.61665
33.59604
33.62283
33.60226
33.62926
33.60872
33.63578
33.61517
33.64225
33.62135
33.64873
33.62788
33.65495
33.63436
33.66135
33.64083
33.66734
33.64695
33.67381
33.65323
33.68028
33.65977
33.68616
33.66614
33.69218
33.67262
33.69831
33.67879
33.70434
33.68526
33.71063
33.69155
33.71653
33.69802
33.72237
33.7045
33.72828
33.71061
33.73416
33.71709
33.74001
33.72355
33.74583
33.73002
33.75179
33.73625
33.758
33.74243
33.76407
33.74891
33.77055
33.75526
33.77677
33.76148
33.78275
33.76791
33.7892
33.77439
33.79524
33.78077
33.80131
33.7869
33.80738
33.79343
33.81324
33.79991
33.81969
33.8061
33.82569
33.81258
33.83181
33.81873
33.83807
33.82465
33.84412
33.83056
33.84975
33.83637
33.85548
33.8423
33.86089
33.8485
33.89149
33.8539
33.89646
33.85968
33.90137
33.86515
33.9063
33.87111
33.91127
33.87727
33.91614
33.88277
33.92104
33.88919
33.92595
33.89532
33.93104
33.90171
33.93597
33.90786
33.94086
33.91343
33.94574
33.91899
33.95078
33.92428
33.95568
33.9296
33.96077
33.93476
33.96577
33.9399
33.97089
33.94506
33.97606
33.9503
33.98113
33.9554
33.98629
33.96065
33.99155
33.96602
33.99685
33.97138
34.00203
33.97672
34.00726
33.98246
34.01253
33.98788
34.01773
33.99343
34.02295
33.99899
34.02822
34.00509
34.03342
34.01077
34.03867
34.01647
34.04385
34.0223
34.04918
34.02794
34.0543
34.03339
34.0597
34.03941
34.06539
34.04483
34.0706
34.05079
34.07628
34.05711
34.08212
34.06342
34.08765
34.0698
34.0936
34.07595
34.09945
34.08239
34.10514
34.08891
34.1113
34.09538
34.12352
34.10185
34.13602
34.10833
34.14232
34.1148
34.14837
34.12127
34.15428
34.12693
34.16595
34.13288
34.17179
34.13847
34.17748
34.14475
34.18341
34.15022
34.18951
34.15668
34.19524
34.163
34.20116
34.16931
34.20703
34.17542
34.21278
34.18188
34.21857
34.18822
34.22482
34.19452
34.23051
34.20081
34.23663
34.20707
34.24252
34.21325
34.24833
34.21955
34.2542
34.22595
34.25982
34.23242
34.2659
34.23864
34.27161
34.24467
34.27727
34.25064
34.28292
34.25675
34.28868
34.26287
34.29471
34.26934
34.30035
34.27566
34.30659
34.28211
34.31224
34.28857
34.31823
34.29466
34.32413
34.30113
34.33013
34.30717
34.33638
34.31287
34.34222
34.31876
34.34838
34.32524
34.35442
34.33136
34.36089
34.33781
34.36741
34.34427
34.37391
34.35074
34.38019
34.3571
34.38659
34.36357
34.39282
34.37005
34.39927
34.37653
34.40549
34.38301
34.41169
34.38955
34.41802
34.39603
34.42442
34.4025
34.43099
34.40898
34.43681
34.41546
34.44327
34.422
34.44976
34.42847
34.45618
34.43494
34.46268
34.44131
34.46918
34.44778
34.47569
34.45388
34.48204
34.46027
34.48826
34.46664
34.49477
34.47311
34.50124
34.47933
34.50745
34.4857
34.5136
34.49207
34.5201
34.4981
34.52633
34.50445
34.53278
34.51075
34.53921
34.51715
34.54572
34.52317
34.55209
34.52912
34.55819
34.53541
34.56438
34.54141
34.57048
34.54754
34.57649
34.55356
34.58269
34.55949
34.58839
34.56548
34.59401
34.57153
34.59972
34.57723
34.60524
34.5831
34.61065
34.58888
34.61624
34.59462
34.62155
34.60051
34.62704
34.60627
34.63245
34.61194
34.6377
34.6175
34.64296
34.62333
34.64826
34.6291
34.65362
34.63478
34.65884
34.64034
34.66442
34.64626
34.6696
34.6518
34.67486
34.65737
34.68022
34.66293
34.68542
34.66847
34.69064
34.67381
34.69592
34.67937
34.70123
34.68472
34.70648
34.69009
34.71162
34.69545
34.71702
34.70085
34.72223
34.70632
34.72743
34.71177
34.73281
34.71728
34.7381
34.72268
34.74357
34.7282
34.74889
34.73394
34.75432
34.7396
34.7598
34.74513
34.76535
34.75073
34.77084
34.75673
34.77645
34.76228
34.78203
34.76807
34.79306
34.77367
34.79876
34.77939
34.80439
34.78504
34.83755
34.79076
34.84299
34.79646
34.84829
34.80182
34.85911
34.80732
34.86449
34.81278
34.87499
34.81856
34.88041
34.82411
34.88566
34.82947
34.89109
34.83496
34.89632
34.84046
34.90222
34.84581
34.90741
34.85134
34.91266
34.8568
34.91801
34.86314
34.92331
34.86862
34.92858
34.87448
34.93394
34.88079
34.93911
34.88654
34.94448
34.89236
34.94971
34.89843
34.95499
34.90414
34.96022
34.90999
34.97025
34.91566
34.97558
34.9216
34.98087
34.9275
34.98611
34.93344
34.99145
34.93923
34.99676
34.94527
35.0022
34.95113
35.0074
34.95702
35.01274
34.96286
35.018
34.96885
35.02335
34.97501
35.02854
34.98104
35.03386
34.98695
35.03906
34.99307
35.04427
34.99905
35.04943
35.00489
35.0548
35.01063
35.05995
35.01639
35.06557
35.02216
35.07079
35.0284
35.07605
35.03462
35.08357
35.04069
35.08898
35.04689
35.09438
35.0529
35.09974
35.05942
35.10497
35.06589
35.11026
35.07232
35.11565
35.07869
35.12095
35.08506
35.12621
35.09161
35.13174
35.09803
35.13704
35.10451
35.14244
35.11098
35.14774
35.11746
35.15316
35.12399
35.15853
35.13047
35.16379
35.13695
35.16918
35.14343
35.17442
35.1499
35.17964
35.15644
35.18493
35.16292
35.19013
35.1694
35.19567
35.17587
35.20094
35.18235
35.20614
35.18889
35.21136
35.19537
35.21657
35.20184
35.22181
35.20832
35.22704
35.21479
35.23235
35.22127
35.23763
35.22781
35.24289
35.23428
35.24806
35.24075
35.25329
35.24723
35.25886
35.25371
35.26424
35.26025
35.26943
35.26672
35.27462
35.2732
35.27982
35.27968
35.28496
35.28616
35.29019
35.29269
35.29537
35.29916
35.3007
35.30564
35.30588
35.31212
35.31116
35.3186
35.32158
35.32465
35.32685
35.3305
35.33204
35.33691
35.33725
35.34249
35.34257
35.34821
35.3636
35.354
35.36888
35.35995
35.3746
35.36551
35.39076
35.37152
35.39619
35.37747
35.40205
35.38331
35.40762
35.3893
35.41333
35.39547
35.41907
35.4014
35.42479
35.4072
35.43058
35.41275
35.43644
35.41864
35.44222
35.42436
35.44791
35.42987
35.45366
35.43563
35.4592
35.44133
35.46486
35.44679
35.47042
35.45234
35.4759
35.45819
35.48136
35.46389
35.48705
35.46959
35.49252
35.47504
35.4981
35.48081
35.50394
35.48652
35.50937
35.49232
35.51515
35.49802
35.52066
35.50368
35.52618
35.50992
35.53203
35.51574
35.53765
35.52148
35.5433
35.52726
35.54884
35.53318
35.55431
35.53883
35.55983
35.54479
35.5655
35.55014
35.57119
35.55601
35.57679
35.56165
35.58241
35.56739
35.58801
35.57316
35.59364
35.5791
35.59922
35.58461
35.60474
35.59078
35.61021
35.5967
35.61584
35.60245
35.62141
35.6082
35.62692
35.61403
35.63286
35.61962
35.63859
35.62524
35.64416
35.63098
35.6499
35.63694
35.65581
35.64228
35.66133
35.64859
35.66722
35.65436
35.67266
35.66004
35.67823
35.66601
35.68396
35.6715
35.68964
35.67728
35.69519
35.68287
35.70079
35.68851
35.70637
35.69476
35.71192
35.7005
35.71744
35.70629
35.72293
35.71193
35.72881
35.7177
35.73457
35.72364
35.74023
35.72944
35.7458
35.73547
35.75163
35.74122
35.75723
35.74698
35.76266
35.75269
35.76868
35.75916
35.77416
35.76456
35.77969
35.77075
35.78533
35.77662
35.7909
35.7827
35.79681
35.78814
35.80233
35.79427
35.80796
35.80014
35.81386
35.80616
35.81946
35.81172
35.82497
35.8176
35.83072
35.82356
35.83626
35.82944
35.84196
35.8349
35.84787
35.84061
35.85366
35.84666
35.8596
35.85217
35.86531
35.85793
35.87099
35.86359
35.87681
35.86932
35.88321
35.8751
35.8889
35.88062
35.89479
35.887
35.90071
35.89258
35.90654
35.89806
35.9122
35.90393
35.9183
35.90948
35.92393
35.91508
35.93041
35.92091
35.93599
35.92672
35.9422
35.93251
35.94821
35.93826
35.95404
35.94429
35.9602
35.95026
35.96664
35.95649
35.97258
35.96244
35.97843
35.96817
35.98441
35.97388
35.99064
35.97945
35.99716
35.98561
36.00324
35.99159
36.00971
35.99741
36.01585
36.00352
36.02247
36.00959
36.02855
36.01562
36.03457
36.02149
36.04071
36.02759
36.04717
36.03356
36.05353
36.04538
36.06001
36.05157
36.06586
36.05745
36.07231
36.06378
36.07863
36.07009
36.08475
36.07605
36.09119
36.08213
36.09721
36.0886
36.10356
36.09507
36.11003
36.10154
36.11651
36.10784
36.12281
36.11404
36.1293
36.12009
36.13579
36.12642
36.14228
36.13201
36.14876
36.13772
36.15514
36.14335
36.16162
36.14934
36.16817
36.15486
36.17465
36.16072
36.18113
36.16636
36.18723
36.17274
36.19335
36.17865
36.19989
36.18509
36.20636
36.19109
36.21284
36.19754
36.21926
36.20367
36.22575
36.20977
36.23229
36.21624
36.23841
36.22209
36.24489
36.22853
36.25112
36.23499
36.25746
36.24101
36.26401
36.24747
36.27049
36.25386
36.27692
36.26018
36.28306
36.26632
36.28954
36.2728
36.29602
36.27888
36.30219
36.28463
36.30866
36.2905
36.31449
36.29686
36.32094
36.30322
36.32741
36.30951
36.33394
36.32159
36.34042
36.32812
36.34628
36.33407
36.35272
36.34053
36.35908
36.34657
36.36562
36.35284
36.37209
36.35896
36.37833
36.37064
36.38481
36.37706
36.39089
36.38277
36.39699
36.3891
36.40345
36.39553
36.40964
36.40199
36.41583
36.40804
36.42232
36.414
36.42879
36.42046
36.43534
36.42677
36.44182
36.43833
36.44811
36.45042
36.45452
36.4622
36.461
36.46851
36.46743
36.47422
36.47361
36.48065
36.48009
36.48652
36.48658
36.49273
36.49248
36.4987
36.499
36.5049
36.5054
36.51119
36.51178
36.51719
36.51812
36.52336
36.52446
36.52934
36.531
36.53495
36.53722
36.54062
36.54343
36.547
36.54992
36.55307
36.5564
36.55931
36.56288
36.56519
36.56895
36.57124
36.57496
36.577
36.58135
36.58256
36.58739
36.58879
36.59383
36.59448
36.60017
36.60033
36.60648
36.61201
36.61227
36.62382
36.61865
36.62942
36.62511
36.6358
36.63106
36.64154
36.63722
36.6475
36.64338
36.65348
36.64961
36.65943
36.65564
36.66568
36.66151
36.67171
36.66802
36.67743
36.67389
36.68369
36.68035
36.68962
36.68642
36.69564
36.69206
36.70167
36.69807
36.70805
36.70382
36.714
36.70998
36.71975
36.71564
36.72594
36.72165
36.73212
36.72797
36.73814
36.73348
36.74424
36.73922
36.75028
36.74499
36.75634
36.75097
36.76221
36.75682
36.76824
36.76282
36.7744
36.76888
36.78017
36.77511
36.78596
36.78101
36.79184
36.78722
36.79815
36.79305
36.80374
36.79956
36.81015
36.80512
36.81575
36.81154
36.82167
36.81766
36.82732
36.82355
36.83298
36.82991
36.83935
36.83593
36.84503
36.84162
36.85086
36.84757
36.85641
36.85399
36.86216
36.85983
36.86786
36.86634
36.87424
36.87248
36.8797
36.87807
36.88551
36.88383
36.89197
36.89015
36.89786
36.89603
36.90355
36.90176
36.90997
36.90807
36.91545
36.91396
36.92162
36.92016
36.92717
36.9262
36.93294
36.93222
36.93885
36.93825
36.94431
36.9438
36.9507
36.94981
36.95617
36.95588
36.96177
36.96196
36.96778
36.96778
36.97418
36.97352
36.97985
36.97985
36.98627
36.98561
36.99251
36.9917
36.99857
36.99788
