0.00830243
0.01156357
0.01430841
0.01740953
0.02050384
0.02317007
0.02664905
0.02902821
0.03276765
0.03477806
0.03895314
0.04047386
0.04518875
0.04624873
0.05142824
0.05190929
0.05763274
0.05759265
0.0640045
0.06329152
0.07020272
0.06893752
0.07637783
0.07461657
0.08254451
0.08024563
0.08874651
0.08590826
0.09498212
0.0915602
0.1012666
0.09722255
0.1074708
0.1029204
0.1136333
0.1085126
0.1197338
0.1141376
0.1259922
0.119727
0.132221
0.1253811
0.138437
0.1309914
0.1447122
0.1366435
0.1509537
0.1422434
0.1572773
0.1478495
0.1635252
0.153412
0.1698434
0.1590963
0.1760323
0.1647172
0.1822596
0.1703589
0.1884346
0.1759945
0.1945992
0.1816005
0.2008284
0.1872193
0.2068992
0.1928942
0.2128469
0.198538
0.218817
0.204171
0.2247691
0.209786
0.2306484
0.2154817
0.2365483
0.2212046
0.2422968
0.2276049
0.2480942
0.2331836
0.2538984
0.2388108
0.2596067
0.244439
0.2653315
0.2500181
0.2709961
0.255618
0.2766087
0.2612702
0.2822107
0.266868
0.2878452
0.2723953
0.2935224
0.2779535
0.2992471
0.2834787
0.3047993
0.2889677
0.3103701
0.2945074
0.3160012
0.2999093
0.3215991
0.3052886
0.3271809
0.3106555
0.3329138
0.316005
0.3384494
0.3213091
0.3440951
0.3266736
0.3497073
0.3319529
0.3552843
0.3372442
0.3608802
0.3424796
0.3665178
0.347715
0.3720739
0.3529752
0.3776197
0.3582481
0.383157
0.3635166
0.3886902
0.3687708
0.3942111
0.3740101
0.3998269
0.37925
0.4053187
0.384477
0.4108707
0.3897165
0.4163496
0.3950058
0.4218185
0.4002369
0.4272829
0.4054827
0.4328495
0.4107181
0.4382703
0.41597
0.4436786
0.4212407
0.4490536
0.4265448
0.4544078
0.4317843
0.4597054
0.4370196
0.4651429
0.4422466
0.4703969
0.4474652
0.4757095
0.4526929
0.4810332
0.4579171
0.4863341
0.4632107
0.4916446
0.4684419
0.4970469
0.4736718
0.5023758
0.4789467
0.5077549
0.4842279
0.513086
0.4894405
0.5184298
0.494734
0.5237755
0.4999902
0.5291461
0.5052382
0.5345731
0.5104734
0.5399439
0.5156776
0.5452815
0.5208817
0.5506312
0.5261294
0.5559437
0.5313003
0.5613104
0.536471
0.5667518
0.5416312
0.5720748
0.5468041
0.5774252
0.5519914
0.5827559
0.5571603
0.588087
0.5622436
0.5933806
0.5673932
0.5987411
0.5725309
0.6040702
0.577695
0.6093578
0.5828261
0.6146244
0.5879491
0.6199326
0.5931239
0.6252637
0.5982217
0.630605
0.6033155
0.6358364
0.6084048
0.6411195
0.613488
0.6463801
0.6185503
0.6515653
0.623607
0.6568068
0.6287397
0.6620258
0.6338041
0.6673149
0.6388945
0.6725607
0.6439488
0.6777877
0.6489778
0.6830272
0.6540068
0.6882772
0.6590942
0.6934935
0.6641189
0.698779
0.6691314
0.7039997
0.674148
0.7091997
0.6791647
0.7144452
0.6842184
0.7196226
0.6892416
0.7248042
0.6942036
0.7300541
0.6991704
0.7352254
0.7041805
0.7403935
0.7091826
0.7455498
0.7141719
0.7507206
0.7191634
0.7558748
0.7241557
0.7610455
0.7342802
0.7662515
0.7392681
0.7714161
0.7442387
0.7765911
0.7492242
0.7817639
0.7542407
0.7869366
0.7592844
0.7921261
0.7642589
0.797376
0.7691817
0.8026072
0.7741651
0.8077884
0.7791191
0.8129903
0.7840751
0.8181629
0.7890251
0.8233669
0.7940438
0.8285607
0.7989942
0.8338293
0.8039588
0.8390318
0.8089356
0.8442272
0.8138818
0.8494421
0.8188438
0.8546436
0.8238627
0.8598416
0.8288313
0.8651163
0.8337854
0.8703309
0.8387766
0.8755369
0.843739
0.8807285
0.8487181
0.8859493
0.8536556
0.891166
0.8586574
0.896368
0.8635968
0.901628
0.868527
0.9068406
0.8734496
0.9120614
0.8783995
0.9172655
0.883372
0.9224799
0.8883097
0.9277027
0.8932969
0.9329901
0.8982323
0.9382032
0.9031613
0.94342
0.9080944
0.9486303
0.9130194
0.9538237
0.9179651
0.9590613
0.9229588
0.9643466
0.9278773
0.9695634
0.9328188
0.9747695
0.9377632
0.9799696
0.9427526
0.9851714
0.9477629
0.9902962
0.9527484
0.9954568
0.9576983
1.000654
0.9626983
1.005782
0.9676482
1.010907
0.9726042
1.016021
0.9775892
1.021071
0.9825436
1.026175
0.9874849
1.031318
0.9924974
1.036395
0.9974845
1.041443
1.002432
1.046487
1.007359
1.051514
1.012312
1.056578
1.017235
1.061618
1.022168
1.066717
1.027176
1.071774
1.032103
1.07688
1.037037
1.081947
1.041982
1.087043
1.046905
1.092116
1.051842
1.097282
1.056771
1.102378
1.061786
1.107488
1.066765
1.112615
1.071713
1.11773
1.076669
1.122844
1.081661
1.127975
1.086624
1.13314
1.091682
1.138246
1.096634
1.143325
1.101588
1.148414
1.106529
1.153481
1.111481
1.158533
1.116415
1.163672
1.12136
1.168741
1.126356
1.173753
1.131302
1.178829
1.136239
1.183853
1.141172
1.188885
1.146109
1.193892
1.15105
1.198971
1.155989
1.203981
1.160995
1.20901
1.165975
1.214026
1.170964
1.21903
1.175916
1.224047
1.180862
1.229084
1.18583
1.234155
1.190834
1.23919
1.195728
1.244213
1.200678
1.249267
1.205623
1.254311
1.210561
1.259361
1.215498
1.264482
1.220449
1.26955
1.225484
1.274617
1.230474
1.2797
1.235436
1.28478
1.240427
1.289867
1.245392
1.294942
1.250361
1.300048
1.255346
1.305146
1.260375
1.310215
1.265344
1.315304
1.270341
1.32041
1.275295
1.325546
1.280251
1.330735
1.285199
1.335871
1.290149
1.341016
1.295159
1.346187
1.300116
1.351391
1.305062
1.356564
1.31001
1.36177
1.314964
1.366949
1.319939
1.372141
1.325003
1.377309
1.329972
1.382507
1.334978
1.387747
1.33998
1.392928
1.344926
1.39818
1.349873
1.403373
1.354836
1.408583
1.359838
1.413817
1.364796
1.418992
1.369755
1.424169
1.374707
1.429379
1.379655
1.434498
1.384609
1.439712
1.389552
1.44489
1.394573
1.4501
1.399517
1.455288
1.404469
1.460492
1.409456
1.465752
1.41437
1.470967
1.419372
1.476169
1.42431
1.481388
1.429326
1.486585
1.43432
1.491812
1.439265
1.497092
1.44421
1.502308
1.449143
1.50752
1.454077
1.512747
1.459083
1.51798
1.464016
1.523195
1.468957
1.528428
1.473889
1.533718
1.478822
1.538945
1.483788
1.544199
1.488675
1.549413
1.493677
1.554663
1.498646
1.559903
1.503552
1.565198
1.508554
1.570428
1.513511
1.575667
1.518461
1.580921
1.523436
1.586154
1.528332
1.591402
1.533296
1.59671
1.538252
1.601954
1.543198
1.607248
1.548162
1.612495
1.553177
1.617743
1.558227
1.622978
1.563214
1.6282
1.568168
1.633507
1.573128
1.638735
1.578093
1.643984
1.583058
1.649207
1.588064
1.654478
1.593087
1.659718
1.598043
1.665067
1.602998
1.670328
1.607943
1.675615
1.612912
1.680884
1.617811
1.686159
1.622763
1.691451
1.627632
1.69679
1.632576
1.702079
1.637504
1.707375
1.642427
1.712633
1.647348
1.717939
1.652276
1.723237
1.657215
1.728552
1.662219
1.733904
1.667205
1.739192
1.672196
1.744466
1.67714
1.749714
1.682111
1.754954
1.687035
1.760151
1.692031
1.765422
1.696956
1.770608
1.7019
1.775766
1.706848
1.780933
1.711824
1.786147
1.716778
1.791331
1.721765
1.796545
1.726783
1.801785
1.731773
1.807012
1.73672
1.812276
1.741687
1.817526
1.746699
1.822734
1.751702
1.827899
1.756672
1.833107
1.761697
1.838257
1.766684
1.843409
1.771699
1.848519
1.776684
1.853617
1.781672
1.858759
1.78665
1.863988
1.791702
1.869094
1.796679
1.874204
1.801661
1.879321
1.806667
1.884435
1.811634
1.889542
1.82153
1.894675
1.83149
1.899783
1.836402
1.904921
1.841314
1.910054
1.84622
1.915199
1.85112
1.920358
1.856043
1.925497
1.860895
1.930705
1.865816
1.935863
1.870731
1.94102
1.87565
1.946185
1.880564
1.951335
1.885479
1.956524
1.890404
1.961703
1.895389
1.966953
1.90033
1.972151
1.905295
1.977299
1.910226
1.982493
1.915163
1.987667
1.920128
1.992815
1.925132
1.998074
1.930061
2.00327
1.934991
2.008461
1.939917
2.01369
1.944849
2.018909
1.949824
2.02414
1.954757
2.02938
1.959775
2.037497
1.964698
2.042716
1.969612
2.047987
1.974573
2.053285
1.979483
2.058564
1.984389
2.063891
1.989295
2.069182
1.994258
2.074534
1.999171
2.079874
2.004125
2.085178
2.009037
2.090482
2.013964
2.095797
2.018833
2.101186
2.023814
2.106509
2.028671
2.111821
2.033597
2.117146
2.038512
2.122463
2.043434
2.127773
2.048353
2.133158
2.053274
2.13849
2.058246
2.143808
2.063074
2.149127
2.068016
2.154462
2.072949
2.159771
2.077884
2.165158
2.082815
2.170497
2.08774
2.175825
2.092736
2.181168
2.097675
2.186491
2.10266
2.191816
2.107635
2.19723
2.112586
2.20257
2.117552
2.207907
2.122502
2.213278
2.127481
2.218626
2.132412
2.223976
2.137341
2.229353
2.142267
2.234745
2.1472
2.240105
2.152173
2.245467
2.157118
2.250846
2.161991
2.256238
2.166926
2.261619
2.171864
2.267042
2.176786
2.272398
2.181718
2.277748
2.186646
2.283121
2.191636
2.288473
2.196573
2.293794
2.201548
2.299192
2.206482
2.304533
2.211409
2.309865
2.216338
2.3152
2.221276
2.320564
2.226271
2.325921
2.231201
2.331337
2.236138
2.336689
2.241077
2.342047
2.246019
2.347391
2.250967
2.352758
2.255925
2.358145
2.260989
2.363624
2.265979
2.369057
2.270931
2.374514
2.27589
2.380012
2.280873
2.385509
2.285823
2.391022
2.290767
2.39658
2.295791
2.402113
2.300791
2.407659
2.30576
2.413174
2.31072
2.418749
2.315699
2.424347
2.320711
2.429955
2.325759
2.435505
2.330788
2.44108
2.335811
2.446615
2.340788
2.452225
2.345762
2.457844
2.35072
2.463454
2.355699
2.469023
2.360772
2.474537
2.36578
2.480047
2.370757
2.48556
2.375724
2.491106
2.380684
2.496701
2.385658
2.502264
2.390629
2.507789
2.395669
2.513289
2.400662
2.518805
2.405691
2.52433
2.410683
2.529832
2.41567
2.535422
2.420666
2.540953
2.425725
2.546483
2.430769
2.551999
2.435769
2.557515
2.440771
2.563034
2.445762
2.568626
2.450773
2.574194
2.455758
2.579749
2.460814
2.585293
2.465801
2.59077
2.470788
2.596296
2.475782
2.601892
2.480759
2.607425
2.485738
2.61295
2.490719
2.618495
2.495752
2.623999
2.500727
2.629502
2.505697
2.635018
2.510672
2.64047
2.515634
2.645918
2.520595
2.651435
2.525655
2.656914
2.530674
2.662412
2.535659
2.667922
2.540653
2.673318
2.54569
2.678734
2.550725
2.684139
2.555715
2.689547
2.560758
2.694959
2.565741
2.700422
2.57076
2.705917
2.575728
2.711353
2.580697
2.716749
2.585665
2.722178
2.590652
2.727629
2.595564
2.733096
2.600558
2.738555
2.605537
2.743953
2.610506
2.749426
2.615483
2.754863
2.620456
2.760317
2.625499
2.765806
2.630482
2.771246
2.635467
2.776721
2.640453
2.782204
2.645434
2.787677
2.650415
2.793108
2.655394
2.798604
2.660432
2.804054
2.665411
2.809515
2.670395
2.814985
2.675384
2.820416
2.680361
2.825918
2.685336
2.831493
2.690348
2.836928
2.695367
2.842413
2.70036
2.847875
2.705356
2.853323
2.710346
2.858796
2.715354
2.864366
2.720349
2.869859
2.72542
2.875315
2.730422
2.880792
2.735426
2.88625
2.740433
2.891733
2.745454
2.897273
2.750448
2.902754
2.755462
2.908192
2.760991
2.91371
2.765998
2.919187
2.771005
2.924729
2.776022
2.930287
2.781024
2.935741
2.786032
2.941252
2.791057
2.946749
2.796009
2.952239
2.801021
2.957712
2.806023
2.96317
2.811048
2.96873
2.8161
2.974181
2.821115
2.979633
2.826187
2.985135
2.831201
2.990622
2.836207
2.996099
2.841211
3.001724
2.846215
3.007262
2.85124
3.012845
2.8563
3.018435
2.861373
3.024033
2.866387
3.029619
2.8714
3.035283
2.876412
3.040881
2.881443
3.046506
2.886501
3.052121
2.891562
3.057702
2.896603
3.0633
2.901626
3.068892
2.906639
3.074525
2.911667
3.080179
2.91668
3.085787
2.921697
3.091302
2.926795
3.096962
2.93182
3.102543
2.936853
3.108162
2.941876
3.113703
2.946909
3.119283
2.951934
3.124901
2.956963
3.130553
2.962046
3.136213
2.967062
3.141844
2.972087
3.147444
2.977108
3.153065
2.982117
3.158723
2.987135
3.164446
2.992223
3.170054
2.997227
3.175711
3.002249
3.18138
3.00727
3.187
3.012279
3.192577
3.017283
3.198271
3.022296
3.203932
3.027371
3.209577
3.032381
3.215219
3.037379
3.220892
3.042377
3.226605
3.047381
3.232389
3.052392
3.238191
3.057388
3.244062
3.062461
3.249876
3.067453
3.255737
3.072451
3.261597
3.077442
3.267368
3.082453
3.273218
3.08745
3.278982
3.092515
3.284689
3.09754
3.290494
3.102557
3.296173
3.107582
3.301896
3.112622
3.307571
3.117669
3.313209
3.12273
3.318802
3.12785
3.324446
3.132934
3.330094
3.13798
3.335698
3.143033
3.341315
3.148085
3.346898
3.153133
3.352494
3.158228
3.357981
3.16332
3.363683
3.168406
3.369331
3.173493
3.374933
3.178653
3.380458
3.183795
3.386072
3.188909
3.391758
3.194134
3.397432
3.19927
3.403105
3.204383
3.408724
3.209514
3.414318
3.214691
3.419886
3.21983
3.425478
3.225032
3.431009
3.230189
3.436586
3.235378
3.442128
3.240563
3.447605
3.245765
3.453061
3.250957
3.458551
3.25618
3.464165
3.267667
3.469522
3.272851
3.474963
3.278042
3.48039
3.283244
3.485775
3.288471
3.491221
3.29381
3.496715
3.299075
3.502206
3.304323
3.507721
3.309544
3.513225
3.314777
3.518731
3.320023
3.524289
3.325327
3.529837
3.330572
3.535446
3.33582
3.540995
3.341089
3.546607
3.346364
3.552228
3.351632
3.557887
3.35687
3.563596
3.362189
3.569318
3.367438
3.575038
3.372703
3.580724
3.377976
3.586478
3.383232
3.592165
3.388459
3.597922
3.393771
3.603559
3.399023
3.609222
3.404261
3.614888
3.40954
3.620626
3.414725
3.626309
3.419967
3.632095
3.42526
3.637737
3.430483
3.643419
3.435702
3.649179
3.440912
3.654945
3.446106
3.660776
3.451324
3.666594
3.456537
3.67245
3.461812
3.678204
3.467049
3.683935
3.472274
3.689706
3.477509
3.695397
3.48273
3.70119
3.487959
3.70688
3.493257
3.712565
3.49847
3.718278
3.503724
3.724074
3.50889
3.729751
3.514142
3.735596
3.519338
3.74139
3.524522
3.747161
3.529751
3.752888
3.534913
3.75862
3.540067
3.764436
3.545205
3.770174
3.550369
3.775914
3.555553
3.781633
3.560763
3.787291
3.565936
3.793004
3.571021
3.798856
3.576158
3.804606
3.581271
3.810273
3.586402
3.81602
3.591619
3.8218
3.596779
3.82751
3.601916
3.833272
3.607028
3.83896
3.612158
3.844743
3.617266
3.850435
3.622389
3.856236
3.62757
3.86194
3.632687
3.867673
3.637842
3.873378
3.642957
3.879055
3.648072
3.884794
3.653186
3.890496
3.658365
3.896207
3.663481
3.90203
3.668597
3.907763
3.673707
3.913501
3.678836
3.919217
3.683961
3.924878
3.68908
3.930637
3.694269
3.936298
3.699382
3.942066
3.704484
3.947766
3.709609
3.953485
3.71475
3.959127
3.719867
3.964868
3.725048
3.970516
3.73017
3.976162
3.735333
3.981874
3.740449
3.987603
3.745572
3.993308
3.750679
3.999026
3.755791
4.004704
3.760972
4.010365
3.766084
4.016059
3.771184
4.021738
3.77628
4.027426
3.781394
4.033246
3.786484
4.038892
3.791652
4.044586
3.796769
4.050259
3.801926
4.055974
3.80703
4.061665
3.812147
4.067378
3.817299
4.07305
3.822395
4.078759
3.827567
4.084394
3.832659
4.09005
3.837778
4.095837
3.842834
4.101631
3.847959
4.107316
3.853071
4.113014
3.858252
4.118705
3.863394
4.124356
3.868498
4.130133
3.873608
4.135799
3.878695
4.141499
3.883806
4.147197
3.888914
4.15282
3.894089
4.158447
3.899195
4.164157
3.904297
4.169824
3.909409
4.175518
3.91452
4.181227
3.919693
4.186992
3.924838
4.192648
3.929964
4.19835
3.935076
4.203988
3.940218
4.209677
3.945337
4.215377
3.950443
4.221067
3.955547
4.226739
3.960705
4.232471
3.965813
4.238123
3.970928
4.243814
3.976026
4.249479
3.981136
4.25511
3.986228
4.260727
3.991336
4.26642
3.996485
4.272055
4.001587
4.277643
4.006681
4.283278
4.011779
4.288959
4.016883
4.294686
4.021991
4.300432
4.027145
4.306049
4.032249
4.311761
4.03736
4.317453
4.042478
4.323093
4.047582
4.328788
4.052695
4.334505
4.057793
4.340124
4.062975
4.345811
4.068099
4.351538
4.073189
4.35725
4.078312
4.362933
4.08342
4.368675
4.088532
4.374348
4.093713
4.380077
4.098851
4.385747
4.104013
4.391364
4.10918
4.397091
4.114299
4.402772
4.119413
4.408452
4.124519
4.414187
4.129696
4.419844
4.134804
4.425508
4.139902
4.431278
4.145035
4.436902
4.150177
4.442544
4.155289
4.448309
4.160454
4.454127
4.165587
4.459859
4.170703
4.465636
4.175789
4.471374
4.18087
4.477142
4.185958
4.482826
4.191062
4.488615
4.196098
4.494368
4.201216
4.500192
4.206322
4.505949
4.211426
4.511704
4.216562
4.51746
4.221666
4.523196
4.226851
4.528902
4.231959
4.534643
4.23708
4.540408
4.242218
4.546139
4.247346
4.551831
4.252492
4.557566
4.257605
4.563272
4.26279
4.569591
4.267902
4.575283
4.273013
4.581041
4.278136
4.586771
4.283233
4.592532
4.288369
4.598288
4.293598
4.603951
4.298727
4.609667
4.30386
4.61538
4.308993
4.621088
4.31411
4.626828
4.319248
4.632596
4.324373
4.638309
4.329573
4.643996
4.334718
4.649713
4.339856
4.655455
4.345028
4.661113
4.350181
4.666829
4.355331
4.67251
4.360514
4.678231
4.365654
4.68392
4.370786
4.689641
4.37592
4.695354
4.381062
4.701128
4.386201
4.706808
4.391327
4.712516
4.396542
4.718189
4.401686
4.723891
4.406827
4.729547
4.411956
4.735306
4.41711
4.740966
4.42225
4.746642
4.427469
4.752277
4.432612
4.757919
4.437766
4.763603
4.442902
4.769186
4.448051
4.774869
4.453193
4.780513
4.458418
4.786148
4.463545
4.791783
4.468711
4.797542
4.473906
4.803173
4.479054
4.808886
4.484248
4.814519
4.489387
4.82013
4.494595
4.825806
4.499739
4.831548
4.504891
4.837177
4.510037
4.842826
4.515172
4.848507
4.520316
4.854159
4.525526
4.859841
4.530657
4.865516
4.535805
4.871224
4.540936
4.876853
4.546092
4.882522
4.551249
4.888182
4.556442
4.893816
4.561658
4.899605
4.566808
4.905268
4.571967
4.910913
4.577118
4.916576
4.582264
4.922265
4.587416
4.927892
4.592646
4.933567
4.597787
4.93924
4.602931
4.944931
4.608066
4.950537
4.613214
4.956214
4.618364
4.961876
4.623534
4.967629
4.628745
4.973262
4.633885
4.978902
4.639024
4.984556
4.644176
4.990204
4.649355
4.995896
4.6545
5.001585
4.659699
5.007214
4.664857
5.012841
4.670005
5.018501
4.675149
5.024121
4.680315
5.02974
4.68543
5.035475
4.690569
5.041115
4.695784
5.046726
4.700921
5.052342
4.706052
5.057977
4.711182
5.06373
4.716323
5.069338
4.721444
5.074927
4.726645
5.080521
4.731766
5.08615
4.736902
5.091782
4.742014
5.097476
4.747114
5.103119
4.752226
5.108681
4.757339
5.114309
4.762514
5.11992
4.767618
5.125536
4.772776
5.131274
4.777895
5.136889
4.782989
5.142539
4.788089
5.14818
4.793253
5.153849
4.798385
5.15948
4.803555
5.165126
4.808695
5.170793
4.81382
5.176393
4.818955
5.182072
4.824088
5.187695
4.829303
5.193367
4.834461
5.199039
4.839601
5.204678
4.844755
5.210371
4.849894
5.216069
4.855044
5.22176
4.860262
5.227417
4.865406
5.233046
4.870569
5.238708
4.875733
5.244383
4.880949
5.249983
4.886121
5.255631
4.891285
5.261287
4.896495
5.266963
4.901662
5.272535
4.90682
5.278206
4.911993
5.283848
4.917139
5.289489
4.922307
5.295079
4.92753
5.300775
4.93271
5.30636
4.937879
5.312001
4.943053
5.317624
4.948222
5.323253
4.953391
5.328844
4.95863
5.334488
4.963784
5.340148
4.968941
5.345778
4.974101
5.351396
4.979261
5.357065
4.984432
5.36269
4.989578
5.368428
4.994811
5.374009
4.999967
5.379682
5.005136
5.385303
5.010304
5.390948
5.015475
5.396598
5.020648
5.40229
5.025883
5.407919
5.031054
5.413528
5.036229
5.419195
5.041399
5.424759
5.04657
5.43048
5.051733
5.436116
5.056901
5.441753
5.062133
5.447329
5.067307
5.452909
5.072499
5.458476
5.077701
5.464168
5.082861
5.469837
5.088019
5.47543
5.093248
5.481112
5.098409
5.486718
5.103581
5.492293
5.108752
5.497973
5.113914
5.503586
5.119086
5.509232
5.124232
5.514808
5.129467
5.520394
5.134642
5.526042
5.139851
5.531658
5.145013
5.53725
5.150179
5.542862
5.155338
5.548416
5.160575
5.553947
5.165773
5.559526
5.170939
5.565139
5.176102
5.570695
5.181256
5.57625
5.186414
5.581837
5.191629
5.587474
5.196785
5.593106
5.201945
5.59877
5.20713
5.604343
5.212299
5.609945
5.217447
5.61556
5.222587
5.621147
5.227818
5.626798
5.23296
5.632496
5.238103
5.638088
5.243269
5.643673
5.248411
5.64934
5.253551
5.654992
5.258767
5.660569
5.263908
5.666265
5.269061
5.671944
5.274238
5.677517
5.27934
5.683113
5.284522
5.688673
5.289655
5.694256
5.294884
5.699967
5.300048
5.705573
5.305204
5.711131
5.310365
5.716725
5.315534
5.722321
5.320688
5.727833
5.325919
5.733505
5.331067
5.739047
5.336215
5.744628
5.341371
5.750228
5.346512
5.755813
5.351658
5.761365
5.356798
5.767043
5.362011
5.772638
5.367157
5.778242
5.372305
5.783792
5.377455
5.789418
5.382601
5.795025
5.387769
5.80073
5.392965
5.806311
5.398144
5.811971
5.403292
5.817615
5.408438
5.823227
5.413607
5.828825
5.418784
5.834454
5.423942
5.840087
5.429177
5.845689
5.434354
5.851176
5.439518
5.856737
5.444684
5.862374
5.449838
5.868032
5.455009
5.873545
5.460227
5.879116
5.465396
5.884716
5.470565
5.890301
5.475718
5.895895
5.480896
5.901597
5.486064
5.907201
5.491237
5.912788
5.496479
5.918372
5.501647
5.923988
5.506833
5.929622
5.512008
5.935271
5.517179
5.940845
5.522359
5.946451
5.527601
5.952023
5.532783
5.957635
5.537973
5.963214
5.543213
5.968808
5.54839
5.974383
5.553567
5.979928
5.558805
5.985491
5.563988
5.991054
5.569133
5.996614
5.574319
6.002193
5.579475
6.007753
5.58464
6.013258
5.589794
6.018783
5.595062
6.024331
5.600194
6.029808
5.605376
6.035385
5.610554
6.04098
5.615724
6.046551
5.620899
6.052104
5.626145
6.057643
5.631306
6.06317
5.636491
6.06879
5.641656
6.074295
5.64686
6.079865
5.652008
6.085352
5.657172
6.090917
5.662401
6.096489
5.667552
6.102139
5.672693
6.1077
5.677841
6.113268
5.682972
6.118804
5.688118
6.124354
5.693317
6.130042
5.698465
6.135633
5.703634
6.141227
5.708771
6.146827
5.713944
6.152385
5.719079
6.157968
5.724233
6.163612
5.72945
6.169183
5.73461
6.174743
5.73976
6.180344
5.744902
6.185897
5.750066
6.191452
5.755268
6.197178
5.76048
6.202823
5.765654
6.208409
5.77082
6.213998
5.775978
6.219594
5.781128
6.225225
5.786288
6.230915
5.791445
6.236488
5.801043
6.242102
5.80621
6.247679
5.811356
6.253319
5.816501
6.258963
5.821634
6.264631
5.826853
6.270257
5.831986
6.275798
5.837153
6.281406
5.842305
6.28699
5.84745
6.292633
5.852601
6.298346
5.857765
6.304002
5.862942
6.309576
5.868106
6.315111
5.873258
6.320778
5.878433
6.326386
5.883598
6.332105
5.888785
6.33774
5.893987
6.343384
5.899135
6.348984
5.904305
6.354646
5.909526
6.360255
5.914695
6.365944
5.919847
6.371586
5.925072
6.377157
5.930234
6.382732
5.935381
6.388349
5.940518
6.393988
5.945684
6.399702
5.950849
6.405321
5.956043
6.410966
5.961207
6.416564
5.966383
6.422197
5.971568
6.42777
5.97672
6.43352
5.981893
6.439116
5.987053
6.444803
5.992273
6.450466
5.997427
6.456064
6.00259
6.461714
6.00774
6.467402
6.0129
6.473001
6.018069
6.478662
6.023237
6.484262
6.02845
6.48982
6.033616
6.495397
6.038773
6.501089
6.043943
6.506765
6.049091
6.512392
6.054251
6.518023
6.059466
6.523629
6.06462
6.529246
6.069772
6.534938
6.074932
6.540648
6.080076
6.546315
6.08523
6.551935
6.090384
6.557615
6.095623
6.563358
6.100826
6.568917
6.106009
6.574606
6.11117
6.580279
6.116341
6.585887
6.121501
6.591523
6.126738
6.597248
6.131903
6.60283
6.137088
6.608474
6.142251
6.614172
6.147415
6.619812
6.152598
6.625476
6.157792
6.631124
6.163036
6.63678
6.168227
6.642476
6.173402
6.64817
6.178577
6.653776
6.183754
6.659488
6.188941
6.665222
6.194185
6.670848
6.199347
6.676469
6.204552
6.682094
6.20972
6.687736
6.214901
6.693375
6.220078
6.699058
6.225343
6.70467
6.230526
6.710316
6.235711
6.716033
6.24088
6.721673
6.246084
6.727345
6.251269
6.732978
6.256467
6.738608
6.261621
6.744241
6.266852
6.749925
6.272054
6.75556
6.277234
6.761164
6.282442
6.766879
6.287654
6.77252
6.292927
6.778162
6.298134
6.783853
6.303326
6.789506
6.308515
6.795159
6.313704
6.800848
6.318911
6.806448
6.32409
6.812102
6.329346
6.817725
6.334539
6.823359
6.339746
6.828925
6.344966
6.834607
6.350185
6.84024
6.355371
6.845779
6.360641
6.851408
6.365854
6.857038
6.371075
6.86266
6.37628
6.868288
6.381505
6.873977
6.386703
6.879567
6.391988
6.885177
6.397193
6.89087
6.402384
6.896565
6.407572
6.902191
6.412769
6.907836
6.41798
6.913505
6.423173
6.91914
6.428452
6.924745
6.433638
6.930407
6.438855
6.936053
6.444046
6.941695
6.449262
6.947286
6.454452
6.952928
6.459704
6.958592
6.464891
6.964309
6.470083
6.970001
6.47527
6.975588
6.480478
6.981242
6.485676
6.98687
6.490872
6.992504
6.496134
6.998164
6.501351
7.003833
6.506561
7.009464
6.51178
7.015079
6.516986
7.020722
6.522215
7.026353
6.527491
7.03207
6.532703
7.037712
6.537922
7.043362
6.543145
7.048956
6.548361
7.054549
6.553574
7.060175
6.558853
7.065897
6.564074
7.071495
6.569276
7.077057
6.574499
7.082738
6.579705
7.088369
6.584932
7.094069
6.590163
7.103005
6.595442
7.108657
6.600671
7.114286
6.605898
7.119955
6.611127
7.125573
6.616363
7.131225
6.621596
7.136825
6.626908
7.142473
6.63215
7.148118
6.637377
7.153823
6.642627
7.159514
6.647856
7.165185
6.653091
7.170844
6.658381
7.176444
6.663626
7.182049
6.668866
7.187754
6.674101
7.193398
6.67933
7.19912
6.684572
7.204781
6.689816
7.210364
6.6951
7.216047
6.700359
7.221619
6.705594
7.22728
6.710863
7.232988
6.716142
7.238698
6.721404
7.244336
6.726707
7.249907
6.731955
7.255594
6.737189
7.2612
6.742435
7.266904
6.747673
7.272538
6.752912
7.278223
6.758193
7.283877
6.763468
7.289446
6.768689
7.295113
6.773929
7.300815
6.77917
7.306458
6.784389
7.31205
6.789639
7.317712
6.794796
7.323391
6.80002
7.32903
6.805232
7.334709
6.810451
7.340347
6.815678
7.34603
6.820907
7.351676
6.826191
7.357278
6.831422
7.362886
6.836626
7.368597
6.841866
7.37423
6.847103
7.37983
6.852324
7.385536
6.857561
7.39114
6.862828
7.396888
6.868088
7.40258
6.873307
7.408144
6.878534
7.413806
6.883759
7.419556
6.888986
7.425204
6.894267
7.43081
6.899521
7.43645
6.904746
7.442081
6.909969
7.447721
6.9152
7.453397
6.920442
7.459079
6.925726
7.46486
6.930966
7.470481
6.936206
7.47615
6.941439
7.481785
6.9467
7.487466
6.951958
7.493073
6.957216
7.498757
6.96252
7.504467
6.96776
7.510055
6.97302
7.515724
6.978265
7.521378
6.983532
7.52705
6.988778
7.532809
6.994086
7.538463
6.99934
7.544088
7.0046
7.549732
7.009867
7.555321
7.015115
7.561013
7.020381
7.566702
7.025713
7.572373
7.030964
7.577992
7.036248
7.583648
7.04151
7.589355
7.046792
7.59501
7.052066
7.60073
7.057343
7.606393
7.062681
7.612006
7.067951
7.617637
7.073225
7.623341
7.078503
7.628997
7.083805
7.634691
7.089151
7.640372
7.094388
7.646074
7.099665
7.651695
7.104939
7.657372
7.110224
7.663064
7.115515
7.668836
7.120792
7.674466
7.126132
7.680115
7.131407
7.685783
7.136669
7.691459
7.14193
7.697204
7.147204
7.7028
7.152471
7.708506
7.157743
7.714194
7.163098
7.719846
7.168383
7.7255
7.173666
7.731256
7.178944
7.736919
7.184239
7.742592
7.189531
7.748233
7.194895
7.753948
7.20017
7.759629
7.205451
7.76537
7.210745
7.770997
7.216043
7.776642
7.221388
7.782342
7.22677
7.788017
7.232097
7.793649
7.237397
7.799332
7.242676
7.804974
7.247955
7.810678
7.253228
7.816306
7.258582
7.822042
7.263865
7.82772
7.269148
7.833463
7.274431
7.83908
7.279721
7.84479
7.284998
7.850467
7.290287
7.856156
7.295635
7.861802
7.300943
7.867529
7.306242
7.873218
7.311536
7.878858
7.316838
7.88446
7.322125
7.890129
7.327456
7.895781
7.332746
7.901564
7.338025
7.907256
7.3433
7.912962
7.348594
7.918676
7.353852
7.924372
7.3592
7.930093
7.364477
7.935822
7.369737
7.941466
7.375008
7.947161
7.3803
7.95285
7.385589
7.958538
7.390855
7.964234
7.396208
7.96989
7.401481
7.975579
7.406757
7.981206
7.412026
7.986876
7.417311
7.992628
7.422599
7.998369
7.427942
8.004057
7.433228
8.009652
7.438534
8.015346
7.443894
8.021044
7.449188
8.026744
7.454496
8.032508
7.459896
8.038205
7.4652
8.043905
7.470483
8.049556
7.475783
8.055193
7.481069
8.060888
7.486338
8.066611
7.491698
8.071856
7.496975
8.081927
7.502315
8.087359
7.507608
8.09668
7.512889
8.102983
7.518187
8.108338
7.523464
8.113594
7.528829
8.118978
7.534099
8.124359
7.539399
8.130294
7.544676
8.135755
7.549972
8.141232
7.555261
8.146626
7.560599
8.152393
7.565905
8.158271
7.571228
8.163788
7.576509
8.169246
7.581794
8.174696
7.58708
8.180212
7.592415
8.185677
7.597704
8.191131
7.602991
8.197091
7.608303
8.202633
7.613621
8.208064
7.618937
8.213515
7.624215
8.219005
7.629562
8.22458
7.634852
8.230053
7.640158
8.235532
7.645425
8.241026
7.650716
8.246511
7.656002
8.251917
7.661372
8.257342
7.66667
8.262798
7.67198
8.268365
7.677282
8.273892
7.682561
8.279417
7.687864
8.284921
7.69322
8.290477
7.698497
8.295992
7.703782
8.301576
7.709076
8.307069
7.714359
8.312516
7.719651
8.318089
7.725
8.32344
7.730279
8.328918
7.735581
8.334439
7.740852
8.339925
7.746173
8.345458
7.751462
8.350995
7.756754
8.356528
7.762131
8.361933
7.767412
8.367408
7.772716
8.372939
7.77801
8.378397
7.783326
8.384244
7.788629
8.389858
7.793998
8.39528
7.799289
8.400667
7.804586
8.40624
7.809889
8.411686
7.815187
8.417105
7.820493
8.422566
7.827751
8.428067
7.833112
8.433558
7.838426
8.438985
7.843691
8.444433
7.848984
8.449883
7.854245
8.455283
7.859582
8.460774
7.864857
8.466297
7.870123
8.471619
7.875434
8.477027
7.880694
8.482439
7.885994
8.487826
7.891273
8.493264
7.896629
8.498641
7.90196
8.504028
7.907177
8.509414
7.912492
8.514745
7.917773
8.520145
7.923077
8.525496
7.928412
8.530991
7.933698
8.536362
7.938987
8.541745
7.944266
8.547147
7.949562
8.552541
7.95486
8.557932
7.960216
8.563272
7.965466
8.568707
7.970756
8.574129
7.976016
8.579546
7.981299
8.584973
7.98658
8.590357
7.991911
8.595755
7.997205
8.601225
8.002469
8.60666
8.00774
8.612079
8.013025
8.617411
8.018313
8.622783
8.023594
8.628183
8.028946
8.633474
8.03424
8.638785
8.039536
8.644217
8.044808
8.649518
8.05011
8.654829
8.055395
8.66016
8.060722
8.66552
8.06601
8.670889
8.071287
8.676268
8.076599
8.681664
8.081872
8.686949
8.087174
8.692255
8.092576
8.69757
8.097924
8.702859
8.103251
8.708153
8.108544
8.71344
8.113822
8.721056
8.119111
8.726647
8.124396
8.734238
8.129642
8.742448
8.134928
8.749865
8.140204
8.755271
8.145479
8.762001
8.272357
8.770039
8.362045
8.77958
8.436033
8.791424
8.497331
8.807065
8.568205
8.824632
8.639181
8.844063
8.727154
8.869576
8.757772
8.887512
8.949674
8.92145
8.979636
8.941332
9.001621
8.967768
9.048639
8.984127
9.071578
9.011476
9.095485
9.029414
9.122045
9.052047
9.139888
9.062678
9.157771
9.09141
9.180879
9.113378
9.198002
9.124187
9.219482
9.134361
9.237176
9.144448
9.254864
9.155948
9.280775
9.162967
9.296469
9.194812
9.31286
9.208479
9.325865
9.215864
9.335439
9.223491
9.346735
9.22817
9.354031
9.239341
9.366156
9.248728
9.375451
9.264159
9.386901
9.270992
9.395941
9.276054
9.403757
9.285179
9.412609
9.292831
9.424856
9.299775
9.433588
9.304794
9.446074
9.311702
9.461618
9.317847
9.476658
9.322906
9.490974
9.332037
9.509289
9.339211
9.518116
9.344851
9.52363
9.351709
9.530748
9.356305
9.53734
9.36253
9.543571
9.370193
9.554276
9.375615
9.563143
9.38353
9.570788
9.395792
9.582316
9.403538
9.594679
9.408592
9.600335
9.415578
9.605748
9.421732
9.611885
9.426337
9.619596
9.431738
9.628514
9.43675
9.636785
9.442377
9.643538
9.44774
9.652536
9.452702
9.658676
9.457287
9.66769
9.464025
9.674422
9.478851
9.682338
9.483495
9.690699
9.490556
9.698847
9.498974
9.708478
9.503622
9.720538
9.511303
9.73445
9.5578
9.744052
9.56406
9.753231
9.569683
9.765847
9.57739
9.777081
9.584521
9.792243
9.593687
9.803329
9.608392
9.815059
9.617371
9.826084
9.626943
9.832545
9.639553
9.844142
9.646051
9.852742
9.651958
9.867363
9.660597
9.87701
9.665945
9.893575
9.672522
9.901748
9.699489
9.915201
9.716138
9.927657
9.721651
9.936893
9.727623
9.94633
9.732875
9.959667
9.778991
9.973319
9.78352
9.982693
9.788145
9.998978
9.804582
10.01202
9.809606
10.02833
9.819705
10.03985
9.832192
10.05388
9.843901
10.06622
9.861835
10.07868
9.885514
10.0934
9.898137
10.10595
9.903213
10.12331
9.911578
10.14094
9.916214
10.15327
9.923158
10.17079
9.945966
10.18647
10.00025
10.2046
10.00641
10.22209
10.0126
10.23398
10.01717
10.24867
10.02338
10.25778
10.02894
10.26968
10.03362
10.28044
10.07139
10.297
10.07604
10.30738
10.08221
10.31931
10.08675
10.33193
10.09183
10.34397
10.09884
10.35385
10.10988
10.36727
10.11539
10.37893
10.12008
10.39354
10.12922
10.40057
10.13561
10.41733
10.17648
10.42998
10.21803
10.44243
10.2369
10.45465
10.24241
10.46313
10.24854
10.47396
10.25389
10.48429
10.25856
10.49845
10.26552
10.51137
10.27245
10.52759
10.27957
10.54284
10.28599
10.55535
10.29526
10.56702
10.30365
10.57743
10.31066
10.58807
10.31628
10.59704
10.32394
10.60811
10.32855
10.61674
10.33319
10.62657
10.37165
10.63458
10.39234
10.64396
10.40184
10.6534
10.40639
10.66688
10.42703
10.68005
10.44428
10.68834
10.45117
10.69517
10.45662
10.70704
10.46121
10.71811
10.46581
10.73147
10.47085
10.74109
10.47699
10.75143
10.48201
10.76386
10.48663
10.77701
10.49164
10.78909
10.49619
10.79863
10.50126
10.81269
10.52947
10.82602
10.57771
10.83842
10.59193
10.85196
10.6028
10.86139
10.61748
10.87803
10.62943
10.89194
10.63413
10.90755
10.63916
10.91799
10.65798
10.93938
10.67385
10.95514
10.68892
10.97116
10.71316
10.98432
10.71941
10.99727
10.724
11.0083
10.75361
11.02223
10.75819
11.03438
10.7924
11.04924
10.81195
11.0596
10.81882
11.07505
10.82373
11.08578
10.83082
11.09755
10.83782
11.1086
10.8433
11.12794
10.84878
11.14015
10.85692
11.15057
10.86201
11.15989
10.869
11.17097
10.87521
11.18034
10.8822
11.18922
10.89145
11.19922
10.8993
11.21436
10.90491
11.22427
10.91496
11.23758
10.93215
11.2461
10.96635
11.26135
10.98967
11.27255
10.99429
11.28794
11.02163
11.29865
11.05753
11.31561
11.06908
11.32949
11.08792
11.34146
11.09249
11.35656
11.1049
11.3704
11.11652
11.38523
11.13588
11.407
11.17696
11.42622
11.19884
11.44097
11.20346
11.46086
11.2263
11.48053
11.25997
11.49841
11.27195
11.51757
11.2768
11.53453
11.28686
11.55023
11.29148
11.56252
11.29738
11.57324
11.30191
11.59276
11.30743
11.60578
11.31825
11.61999
11.36477
11.63116
11.41854
11.64648
11.43041
11.6551
11.43496
11.66471
11.4396
11.68012
11.4508
11.6962
11.45583
11.70807
11.47547
11.72219
11.51437
11.73836
11.53567
11.74771
11.5407
11.75879
11.55303
11.77244
11.55761
11.78598
11.56223
11.80229
11.56845
11.81746
11.5754
11.83388
11.59117
11.84549
11.60444
11.86416
11.6517
11.87397
11.65626
11.88975
11.66858
11.89935
11.68513
11.91472
11.69543
11.9222
11.73282
11.93602
11.7433
11.94865
11.74813
11.95952
11.75278
11.96913
11.75917
11.97897
11.78784
11.99282
11.82503
12.00985
11.83047
12.01882
11.83742
12.0321
11.84448
12.04613
11.85799
12.06244
11.86586
12.07304
11.87681
12.09099
11.89792
12.11471
11.90723
12.13112
11.91564
12.14603
11.94126
12.16159
11.95934
12.17746
11.97149
12.19375
11.97687
12.20954
11.99931
12.21912
12.02869
12.22997
12.03558
12.23848
12.04059
12.25225
12.04558
12.25765
12.05019
12.26743
12.05519
12.27596
12.06018
12.28212
12.06478
12.28924
12.07051
12.29533
12.07606
12.29976
12.08227
12.30432
12.09014
12.31437
12.09518
12.31899
12.1014
12.32552
12.10834
12.33206
12.11468
12.33716
12.12159
12.34162
12.12621
12.34629
12.13238
12.35539
12.1369
12.36256
12.14194
12.36858
12.14811
12.37663
12.15403
12.38672
12.17518
12.40102
12.17981
12.41793
12.19158
12.42635
12.20153
12.4425
12.20626
12.44903
12.21217
12.46365
12.21672
12.47873
12.25887
12.48736
12.30165
12.50407
12.31081
12.51218
12.31535
12.52801
12.32027
12.537
12.328
12.55362
12.33306
12.56819
12.35716
12.58799
12.36268
12.60061
12.39094
12.61466
12.41014
12.63083
12.42072
12.64266
12.43948
12.65214
12.4554
12.67171
12.46165
12.68187
12.50397
12.69894
12.5126
12.71378
12.52877
12.72667
12.53433
12.7413
12.53906
12.75713
12.54532
12.78119
12.56853
12.79459
12.59123
12.81042
12.61386
12.82606
12.63804
12.83946
12.647
12.85758
12.65608
12.87205
12.6663
12.885
12.67478
12.89934
12.69526
12.91889
12.70243
12.93284
12.71231
12.95133
12.71805
12.96793
12.72811
12.9836
12.73672
13.0021
12.74429
13.01557
12.75342
13.03069
12.82041
13.05158
12.85556
13.06625
12.87133
13.08042
12.88127
13.09963
12.89135
13.11542
12.90242
13.1346
12.91057
13.14757
12.91968
13.15923
12.93633
13.173
12.9416
13.18605
12.9492
13.1963
12.97538
13.20891
13.02158
13.21852
13.05761
13.22847
13.07294
13.23861
13.07797
13.24895
13.08398
13.25853
13.11055
13.26561
13.1167
13.27158
13.12119
13.28313
13.12581
13.29787
13.13282
13.3047
13.13741
13.31687
13.14196
13.32323
13.14654
13.33423
13.15112
13.34402
13.15612
13.35187
13.16156
13.36421
13.16944
13.37346
13.17406
13.38217
13.18387
13.38818
13.18849
13.39414
13.19563
13.39915
13.20197
13.40738
13.20969
13.41376
13.2158
13.42126
13.22232
13.43429
13.22763
13.44139
13.2339
13.45244
13.24196
13.4633
13.24743
13.47292
13.25512
13.48309
13.26152
13.49572
13.2685
13.50539
13.27587
13.51478
13.28137
13.5226
13.29141
13.52949
13.29842
13.53927
13.30685
13.54648
13.31477
13.55204
13.32328
13.55983
13.33022
13.56691
13.33879
13.57777
13.34342
13.58586
13.35042
13.59389
13.35991
13.60609
13.36625
13.61521
13.37169
13.62252
13.37798
13.63175
13.38356
13.64053
13.3926
13.64801
13.39765
13.65944
13.40221
13.66954
13.40673
13.67974
13.41137
13.69075
13.41823
13.6978
13.42274
13.70566
13.42731
13.71273
13.43186
13.71724
13.43643
13.72452
13.44103
13.7308
13.44649
13.73555
13.45104
13.7425
13.45552
13.74716
13.46
13.752
13.46442
13.75676
13.46891
13.76537
13.47344
13.77064
13.48709
13.77513
13.50521
13.77997
13.53684
13.7878
13.5459
13.79275
13.55505
13.80259
13.5597
13.80767
13.56458
13.81615
13.57384
13.82519
13.58989
13.8348
13.62206
13.84426
13.65119
13.85176
13.65567
13.85957
13.66552
13.86792
13.67003
13.87674
13.67451
13.8838
13.67949
13.89325
13.68403
13.9012
13.69099
13.90777
13.69598
13.91399
13.70048
13.92297
13.70596
13.93386
13.71217
13.94055
13.71701
13.94903
13.72202
13.95977
13.72659
13.96865
13.73116
13.97509
13.73576
13.98819
13.74034
13.99942
13.74493
14.00982
13.74948
14.02374
13.75401
14.03221
13.75863
14.04154
13.76725
14.05104
13.77279
14.06416
13.77784
14.07348
13.839
14.08479
13.84678
14.09031
13.85963
14.09881
13.86427
14.11076
13.87121
14.11932
13.87574
14.12392
13.88037
14.13655
13.88594
14.14615
13.89093
14.15519
13.89545
14.16346
13.90007
14.17574
13.90494
14.18719
13.91281
14.19868
13.91779
14.20739
13.92239
14.21943
13.96465
14.22898
14.00719
14.23806
14.0217
14.24896
14.03117
14.25465
14.03566
14.26387
14.04466
14.2743
14.05914
14.28339
14.06379
14.29371
14.09678
14.30706
14.10875
14.31932
14.12128
14.3313
14.1263
14.34236
14.13599
14.35308
14.14147
14.36087
14.14655
14.37197
14.15504
14.38672
14.16904
14.39753
14.19619
14.40985
14.21572
14.42444
14.23935
14.44568
14.24931
14.4555
14.2673
14.46848
14.27182
14.4796
14.28098
14.4914
14.29435
14.50814
14.30215
14.51694
14.31224
14.52888
14.31913
14.54066
14.32552
14.55091
14.33187
14.56353
14.33647
14.57692
14.36651
14.59037
14.40915
14.60443
14.423
14.62212
14.43156
14.64088
14.43616
14.65968
14.44297
14.67737
14.45227
14.69872
14.46083
14.70928
14.47512
14.73095
14.52616
14.74823
14.54539
14.76422
14.55785
14.78503
14.56628
14.80436
14.57326
14.82114
14.57875
14.84409
14.58567
14.85659
14.59019
14.87473
14.59573
14.88718
14.60192
14.90104
14.60739
14.9139
14.612
14.92445
14.66054
14.93616
14.69092
14.9492
14.69553
14.96321
14.77044
14.97912
14.77901
14.99402
14.78593
15.01171
14.79229
15.02234
14.80235
15.04566
14.81095
15.06307
14.82124
15.07566
14.8399
15.09538
14.88566
15.10918
14.89027
15.11716
14.89729
15.12529
14.90233
15.13174
14.90929
15.13855
14.9155
15.14774
14.9201
15.15716
14.92514
15.16608
14.94306
15.17859
14.94927
15.19089
14.97759
15.19856
14.98266
15.20857
14.98961
15.21597
14.99431
15.22468
15.00366
15.23734
15.01222
15.25096
15.01931
15.26121
15.02788
15.2727
15.05438
15.28814
15.06202
15.29992
15.0775
15.31505
15.08216
15.32461
15.08925
15.33949
15.09782
15.36105
15.10576
15.37496
15.16304
15.39274
15.17695
15.41119
15.18161
15.42152
15.18933
15.43552
15.19418
15.44814
15.20479
15.45867
15.23911
15.47432
15.25389
15.48777
15.26019
15.49924
15.26878
15.51481
15.27731
15.52624
15.28283
15.54147
15.30137
15.55638
15.30911
15.56985
15.31677
15.58004
15.32847
15.59141
15.35542
15.60921
15.36857
15.61908
15.37319
15.6332
15.42725
15.63965
15.48543
15.65346
15.49174
15.66297
15.49631
15.67558
15.50098
15.68666
15.50674
15.70023
15.51321
15.7127
15.52044
15.7265
15.52796
15.73898
15.55397
15.75351
15.56583
15.76363
15.57055
15.7733
15.57585
15.78267
15.58171
15.79598
15.58968
15.81201
15.59527
15.82448
15.60481
15.83878
15.60971
15.85591
15.62573
15.87175
15.63941
15.89297
15.65386
15.90916
15.6708
15.92571
15.69273
15.94022
15.72821
15.96834
15.74756
15.98909
15.79009
16.00761
15.85544
16.03609
15.86727
16.04862
15.87485
16.06483
15.88111
16.08621
15.88621
16.10956
15.89317
16.13016
15.90873
16.14813
15.9251
16.16776
15.94784
16.18837
15.97029
16.20495
15.99395
16.22387
16.01309
16.23862
16.01761
16.26107
16.05391
16.27857
16.07693
16.29387
16.09398
16.30791
16.10027
16.32588
16.10729
16.33869
16.1164
16.35959
16.16488
16.37783
16.19706
16.39213
16.20168
16.40287
16.20863
16.41646
16.21336
16.42884
16.22334
16.44511
16.24497
16.46129
16.25273
16.47482
16.26337
16.49212
16.27269
16.51514
16.28718
16.53335
16.34708
16.54874
16.35334
16.56554
16.35887
16.58408
16.36835
16.59805
16.37543
16.60914
16.38765
16.62225
16.39841
16.63449
16.40355
16.64492
16.41211
16.65756
16.41834
16.67114
16.42604
16.68427
16.46301
16.69844
16.47322
16.70959
16.485
16.7253
16.51542
16.73938
16.5309
16.74968
16.53952
16.75825
16.55332
16.7685
16.56181
16.78143
16.57594
16.79563
16.58847
16.80962
16.61317
16.81954
16.62024
16.83186
16.62793
16.84155
16.63349
16.85543
16.6389
16.8681
16.64355
16.88146
16.66719
16.89347
16.6888
16.91015
16.69724
16.92267
16.70235
16.93925
16.71457
16.95539
16.72692
16.96771
16.7568
16.98694
16.76554
17.00162
16.77413
17.01834
16.83027
17.03606
16.83965
17.04958
16.84737
17.069
16.86021
17.08502
16.89888
17.10347
16.90401
17.1236
16.93123
17.15199
16.96353
17.17086
16.97129
17.19808
16.97638
17.22995
16.98271
17.24806
16.9878
17.27165
16.99405
17.28939
17.04038
17.30557
17.08891
17.32769
17.11428
17.34286
17.11936
17.36213
17.13101
17.37981
17.13718
17.39795
17.1477
17.41231
17.1573
17.42143
17.1683
17.43645
17.21022
17.45134
17.22655
17.46329
17.23654
17.47342
17.24361
17.48106
17.24979
17.49924
17.28805
17.51296
17.31747
17.53439
17.33144
17.54898
17.33997
17.56293
17.37898
17.5761
17.43554
17.59607
17.44401
17.60896
17.45019
17.61871
17.45644
17.63687
17.46206
17.65157
17.46681
17.66467
17.4747
17.67651
17.48395
17.6972
17.49108
17.70732
17.49751
17.72201
17.5062
17.73407
17.51329
17.74693
17.56146
17.7569
17.56772
17.76612
17.57405
17.77817
17.57867
17.79058
17.58325
17.79996
17.5896
17.81236
17.59662
17.8206
17.60171
17.83323
17.60727
17.84407
17.61353
17.85417
17.61863
17.86742
17.6249
17.88009
17.6328
17.89625
17.64041
17.90927
17.64549
17.92203
17.66831
17.94119
17.72059
17.94885
17.73754
17.96494
17.74401
17.97531
17.75401
17.98356
17.75939
17.9921
17.7704
18.00532
17.80236
18.01943
17.82185
18.03589
17.82827
18.05293
17.84377
18.06473
17.8515
18.07766
17.8609
18.0951
17.86862
18.10902
17.91113
18.12006
17.92195
18.1349
17.92818
18.14545
17.93463
18.16266
17.94171
18.17758
17.94877
18.19099
17.96107
18.20298
17.97582
18.2194
17.98277
18.23132
18.02214
18.24101
18.02836
18.25454
18.03591
18.26847
18.04108
18.28186
18.04805
18.29446
18.05432
18.30828
18.05897
18.31818
18.06365
18.33395
18.06829
18.34034
18.07386
18.34748
18.08085
18.35516
18.08547
18.37111
18.09054
18.37677
18.09677
18.38855
18.10134
18.40439
18.10669
18.41693
18.1113
18.43039
18.11673
18.44145
18.12372
18.44783
18.12909
18.45774
18.13368
18.46754
18.15519
18.47335
18.20663
18.48277
18.21176
18.49144
18.21727
18.49914
18.22289
18.5064
18.22851
18.51583
18.23405
18.52368
18.23968
18.53184
18.24747
18.54127
18.25307
18.55049
18.26018
18.56151
18.26903
18.5743
18.27633
18.58569
18.28349
18.6
18.28826
18.60998
18.29323
18.62089
18.29974
18.62907
18.30534
18.6393
18.34499
18.65239
18.39075
18.66622
18.44922
18.68155
18.45439
18.69488
18.46061
18.70651
18.46701
18.72609
18.47164
18.73888
18.47659
18.75653
18.48166
18.76552
18.48639
18.77622
18.49204
18.79044
18.52868
18.80026
18.53895
18.81946
18.54906
18.82894
18.56315
18.8451
18.58294
18.85843
18.5921
18.87655
18.60225
18.89802
18.6304
18.91499
18.67977
18.93777
18.69285
18.954
18.72156
18.97795
18.74021
18.9934
18.74725
19.01072
18.76887
19.03075
18.79001
19.04813
18.82357
19.06776
18.83477
19.08724
18.83976
19.10242
18.84436
19.11723
18.84895
19.14023
18.85359
19.15475
18.89642
19.18034
18.93758
19.19901
18.95642
19.21301
18.96482
19.22705
18.96942
19.24163
18.97641
19.25936
18.9818
19.26883
19.00532
19.28744
19.05017
19.30265
19.09378
19.31511
19.1224
19.33364
19.12697
19.34856
19.1317
19.36385
19.13634
19.3801
19.14093
19.39558
19.17146
19.40865
19.21599
19.42795
19.22109
19.44441
19.22583
19.46602
19.23068
19.48699
19.23852
19.51177
19.24322
19.53413
19.28016
19.55536
19.32277
19.57127
19.3747
19.59471
19.39376
19.61285
19.40007
19.63361
19.40513
19.64704
19.40974
19.65987
19.41528
19.67608
19.42082
19.69788
19.42551
19.70945
19.43541
19.73348
19.4424
19.75725
19.46042
19.77994
19.51382
19.80025
19.56281
19.81958
19.60177
19.84246
19.61591
19.85552
19.62054
19.87983
19.62519
19.89548
19.63429
19.91888
19.66231
19.93827
19.67659
19.96038
19.68585
19.97923
19.69982
19.99645
19.74284
20.0127
19.80236
20.0282
19.84611
20.04527
19.86021
20.06343
19.8654
20.08156
19.87018
20.09628
19.8767
20.10721
19.88664
20.11971
19.89295
20.13451
19.91876
20.15452
19.93332
20.17151
19.94364
20.18842
19.9491
20.19783
19.96701
20.20929
19.97325
20.22363
19.98748
20.23529
19.992
20.24999
19.99663
20.26298
20.00584
20.27336
20.01034
20.27965
20.02407
20.28975
20.02857
20.29896
20.03759
20.3068
20.04683
20.31506
20.0607
20.32227
20.06999
20.33253
20.07457
20.3442
20.07923
20.36116
20.08389
20.37147
20.09421
20.3875
20.11992
20.40378
20.13093
20.4229
20.17416
20.4316
20.21579
20.44891
20.22996
20.46519
20.23464
20.48424
20.25355
20.50348
20.29273
20.52584
20.30776
20.54307
20.3125
20.56546
20.31728
20.57722
20.32204
20.5964
20.32681
20.61325
20.37128
20.6264
20.40641
20.64124
20.41593
20.66085
20.44098
20.6825
20.47646
20.70264
20.48816
20.7274
20.49297
20.746
20.50009
20.7657
20.50479
20.78422
20.51402
20.80348
20.55309
20.82117
20.56708
20.83384
20.59643
20.85681
20.6064
20.87156
20.62534
20.88543
20.6549
20.89952
20.68339
20.91785
20.69776
20.93483
20.70718
20.95312
20.72615
20.96703
20.74701
20.98555
20.75185
21.00111
20.75766
21.01616
20.76406
21.03018
20.76929
21.04355
20.77401
21.05851
20.77879
21.07318
20.78444
21.08921
20.78915
21.1025
20.79386
21.11726
20.81027
21.13285
20.8174
21.1476
20.82201
21.16231
20.8653
21.17597
20.90837
21.19894
20.95053
21.21304
20.99321
21.23364
21.01234
21.25249
21.01708
21.26805
21.0219
21.28492
21.04166
21.30334
21.08058
21.31746
21.09171
21.33897
21.1114
21.3538
21.13703
21.37313
21.14648
21.39102
21.15119
21.41731
21.15591
21.43893
21.17506
21.46122
21.19519
21.47895
21.23878
21.49311
21.27653
21.5146
21.28122
21.53047
21.28634
21.54618
21.29111
21.56316
21.29626
21.57559
21.30087
21.59499
21.31959
21.609
21.34321
21.63273
21.36242
21.64575
21.3881
21.66435
21.43431
21.68428
21.45882
21.70581
21.47975
21.72203
21.52333
21.73836
21.53292
21.75633
21.53772
21.76984
21.54248
21.78967
21.54718
21.80428
21.55197
21.81823
21.55668
21.83011
21.56629
21.85062
21.60941
21.86476
21.65305
21.88547
21.65827
21.89796
21.66302
21.91938
21.6683
21.93142
21.67311
21.94761
21.67793
21.9601
21.70165
21.97168
21.70646
21.9842
21.7169
22.00044
21.72645
22.01282
21.73134
22.02936
21.74097
22.04626
21.76981
22.05579
21.79011
22.07139
21.80452
22.09054
21.80939
22.10316
21.81911
22.12074
21.86231
22.13761
21.9055
22.15211
21.94845
22.16918
21.97775
22.18674
21.98257
22.20294
21.98742
22.21496
21.99231
22.22889
21.99723
22.23622
22.02671
22.25471
22.03157
22.27094
22.03638
22.28465
22.07021
22.29486
22.07503
22.31032
22.0799
22.32352
22.08473
22.33531
22.08958
22.34969
22.09431
22.36349
22.0992
22.37965
22.10402
22.38973
22.12297
22.41013
22.13742
22.41938
22.1468
22.43629
22.15613
22.44425
22.16554
22.45503
22.17029
22.46944
22.18437
22.48087
22.19381
22.49186
22.2078
22.49967
22.22666
22.51126
22.23147
22.52298
22.25508
22.53774
22.28918
22.54951
22.30813
22.56509
22.33223
22.58057
22.34182
22.59295
22.35181
22.61386
22.35663
22.62557
22.36145
22.63588
22.37103
22.65198
22.37584
22.66617
22.41365
22.68434
22.42785
22.69706
22.4614
22.70868
22.50425
22.72554
22.50908
22.73737
22.51388
22.75568
22.5187
22.76675
22.52351
22.78115
22.53782
22.798
22.54745
22.81199
22.55226
22.82307
22.57615
22.84253
22.59568
22.85654
22.62504
22.86975
22.64467
22.88754
22.6692
22.9043
22.69373
22.92212
22.70401
22.93997
22.7138
22.95692
22.71865
22.97937
22.72356
22.99269
22.74303
23.00459
22.78716
23.02425
22.81649
23.05
22.82639
23.06709
22.84618
23.08644
22.88093
23.10581
22.89565
23.12602
22.90575
23.14742
22.92539
23.17027
22.93028
23.18818
22.94992
23.2135
22.98473
23.23048
23.02864
23.2452
23.07331
23.25998
23.11685
23.27324
23.13618
23.29258
23.14101
23.30333
23.14589
23.31879
23.15079
23.33048
23.15564
23.33824
23.16051
23.35053
23.1654
23.36154
23.17028
23.37468
23.17517
23.38415
23.18005
23.39577
23.18492
23.40278
23.19466
23.41128
23.19953
23.42074
23.21401
23.43173
23.21881
23.44205
23.24301
23.45908
23.28648
23.47142
23.29133
23.48097
23.29616
23.49633
23.30091
23.50803
23.30568
23.5227
23.31042
23.53498
23.31528
23.54739
23.3201
23.55531
23.3249
23.5626
23.32977
23.57728
23.33461
23.58665
23.33943
23.59995
23.34421
23.61293
23.34901
23.62163
23.39289
23.63339
23.43698
23.64658
23.45146
23.65532
23.46114
23.66562
23.47073
23.67728
23.48116
23.68607
23.48594
23.70008
23.49061
23.7148
23.50003
23.72588
23.51417
23.73915
23.52374
23.75386
23.54308
23.76566
23.56289
23.77809
23.57237
23.78668
23.57712
23.80297
23.58188
23.81624
23.58663
23.831
23.59137
23.84361
23.61029
23.86185
23.62935
23.87505
23.65334
23.8921
23.6825
23.90468
23.7216
23.92159
23.73139
23.94067
23.74123
23.95465
23.74602
23.96486
23.75087
23.97883
23.75573
23.98836
23.76064
24.00077
23.76562
24.01255
23.79018
24.02653
23.80472
24.03805
23.82916
24.04904
23.83893
24.06083
23.84381
24.07255
23.84868
24.08255
23.87805
24.09504
23.9171
24.10459
23.92689
24.11848
23.93228
24.1258
23.942
24.13738
23.94683
24.14825
23.95173
24.15766
23.95658
24.16874
23.96152
24.18192
23.96731
24.19297
23.97213
24.20463
23.97701
24.21665
23.98182
24.22906
23.98668
24.2422
23.99159
24.25624
23.99647
24.271
24.01597
24.28436
24.05983
24.30555
24.07455
24.31439
24.11921
24.33071
24.15333
24.34545
24.16306
24.35951
24.17279
24.36958
24.18241
24.38433
24.20684
24.39829
24.21648
24.40555
24.22137
24.41586
24.2312
24.43137
24.23605
24.44098
24.24091
24.44954
24.24576
24.45824
24.25061
24.46613
24.25546
24.47559
24.26032
24.48715
24.26526
24.49506
24.27009
24.50008
24.275
24.50645
24.27985
24.51151
24.28472
24.52013
24.28963
24.53099
24.29456
24.53597
24.29944
24.54503
24.30426
24.54951
24.3092
24.55411
24.31404
24.55963
24.31893
24.56522
24.3238
24.56976
24.32866
24.57705
24.33358
24.58162
24.33845
24.58616
24.34338
24.59075
24.3482
24.59522
24.35311
24.59984
24.35802
24.60695
24.36289
24.61197
24.36769
24.61758
24.37256
24.62408
24.397
24.63205
24.41161
24.63941
24.42143
24.64956
24.4263
24.65748
24.44596
24.66537
24.49014
24.67689
24.4951
24.68629
24.50004
24.70328
24.50981
24.71552
24.51475
24.7259
24.51967
24.74358
24.52455
24.75357
24.52943
24.76886
24.5736
24.78285
24.58817
24.80405
24.59292
24.81054
24.59782
24.8214
24.60259
24.83073
24.6074
24.84161
24.61212
24.84796
24.61686
24.85588
24.62158
24.86237
24.62632
24.87108
24.63106
24.88037
24.63571
24.88817
24.64046
24.89335
24.64517
24.90285
24.64992
24.90935
24.6547
24.91986
24.65941
24.93072
24.6642
24.93796
24.66892
24.94745
24.67364
24.95745
24.67838
24.9691
24.68311
24.97929
24.68788
24.9879
24.69751
25.00033
24.70224
25.01203
24.71674
25.01891
24.75591
25.03236
24.80009
25.04072
24.80993
25.05277
24.81476
25.06255
24.81966
25.07378
24.86799
25.0815
24.91208
25.0942
24.91701
25.10176
24.92194
25.11011
24.92678
25.12074
24.93174
25.13056
24.93668
25.14021
24.94159
25.15323
24.95149
25.16364
24.98592
25.17877
25.00048
25.18809
25.00538
25.20209
25.01029
25.21083
25.01519
25.22189
25.02003
25.23359
25.02492
25.24219
25.02984
25.253
25.03479
25.26408
25.03967
25.27661
25.04457
25.28814
25.04945
25.29922
25.05431
25.31092
25.05917
25.31893
25.06411
25.32763
25.06898
25.33644
25.07387
25.34816
25.07876
25.35973
25.11315
25.36819
25.15238
25.37478
25.17207
25.3919
25.17699
25.40657
25.19169
25.41545
25.19661
25.43243
25.20151
25.44118
25.2064
25.45058
25.21132
25.46387
25.2162
25.47565
25.22108
25.48813
25.22597
25.49833
25.23099
25.50933
25.24573
25.51958
25.26538
25.53065
25.28982
25.54391
25.33402
25.55564
25.3784
25.56761
25.42258
25.57865
25.42749
25.59193
25.43238
25.60293
25.43734
25.61454
25.44225
25.62707
25.44714
25.64164
25.45208
25.65697
25.45701
25.66793
25.46195
25.67763
25.46678
25.68854
25.47165
25.69622
25.47655
25.70329
25.4815
25.71046
25.48645
25.71765
25.49138
25.72616
25.49627
25.73181
25.50124
25.73741
25.50618
25.74833
25.5111
25.75589
25.51602
25.76133
25.54563
25.76867
25.56038
25.77439
25.56539
25.78448
25.57028
25.78993
25.57514
25.79789
25.58003
25.80675
25.58488
25.81139
25.58974
25.81798
25.59462
25.82269
25.59945
25.83442
25.60433
25.84453
25.60916
25.84954
25.61404
25.85423
25.61895
25.86069
25.62382
25.86857
25.6286
25.87424
25.63337
25.88209
25.63821
25.88654
25.64306
25.89105
25.64785
25.89616
25.65273
25.90409
25.65762
25.91347
25.66247
25.91981
25.6674
25.92437
25.67228
25.93165
25.67715
25.94243
25.68699
25.95184
25.70673
25.95963
25.71653
25.96667
25.72146
25.97132
25.72635
25.9785
25.73138
25.9862
25.73634
25.99422
25.74127
26.0028
25.74623
26.00996
25.7512
26.01506
25.76105
26.02232
25.77101
26.03238
25.77597
26.04259
25.78088
26.05058
25.81557
26.06246
25.85998
26.07697
25.87972
26.08576
25.88963
26.09671
25.89947
26.11124
25.9044
26.12013
25.90937
26.13475
25.91433
26.145
25.93899
26.1591
25.9786
26.16927
26.01818
26.18336
26.02313
26.19722
26.02809
26.2098
26.03305
26.22387
26.03794
26.23794
26.04286
26.24751
26.04779
26.25467
26.05268
26.2641
26.05757
26.26886
26.06248
26.27974
26.0673
26.28771
26.07217
26.29348
26.07703
26.29981
26.08189
26.30934
26.09646
26.31881
26.10631
26.33042
26.11118
26.33764
26.1161
26.34415
26.12097
26.35284
26.12585
26.3587
26.13079
26.36802
26.13567
26.3731
26.14056
26.37885
26.16029
26.38747
26.17513
26.3985
26.18005
26.40719
26.19484
26.41442
26.20967
26.42319
26.21948
26.43345
26.25896
26.44454
26.264
26.45779
26.27391
26.46663
26.27884
26.47829
26.28869
26.48707
26.29364
26.49585
26.29869
26.50909
26.30863
26.52013
26.31853
26.52973
26.32853
26.53992
26.34329
26.55021
26.35815
26.55979
26.36311
26.56707
26.3681
26.57513
26.37305
26.58604
26.38295
26.59479
26.39792
26.60658
26.40293
26.61611
26.40792
26.62474
26.41293
26.63503
26.42774
26.65184
26.43769
26.66368
26.46751
26.68057
26.49223
26.68865
26.52202
26.70351
26.52696
26.71456
26.53197
26.72253
26.5369
26.73363
26.54183
26.74393
26.55663
26.7572
26.57137
26.76539
26.58115
26.78012
26.5909
26.78953
26.59571
26.79821
26.60061
26.81068
26.60548
26.82237
26.61037
26.83408
26.61525
26.84276
26.62014
26.85082
26.62501
26.85948
26.62992
26.86884
26.63967
26.88068
26.64937
26.89309
26.66395
26.90558
26.70301
26.91443
26.74721
26.92618
26.75697
26.93925
26.76185
26.94936
26.76661
26.95886
26.77141
26.97199
26.77622
26.97932
26.781
26.98956
26.7858
26.99832
26.79059
27.00492
26.80027
27.0159
26.80987
27.0211
26.81468
27.02986
26.81946
27.03867
26.82902
27.04819
26.83374
27.05773
26.83854
27.06489
26.84814
27.07126
26.85291
27.08081
26.85768
27.08812
26.86249
27.09543
26.86722
27.10062
26.87199
27.10717
26.8768
27.11294
26.88162
27.11815
26.88645
27.1255
26.89117
27.13135
26.89595
27.14015
26.90079
27.14676
26.9104
27.15545
26.92954
27.16288
26.94402
27.17398
26.95365
27.18417
26.97319
27.19228
27.01766
27.20549
27.02263
27.21282
27.0326
27.21869
27.03753
27.22603
27.04249
27.23485
27.04741
27.24143
27.05239
27.24718
27.05737
27.25589
27.06232
27.26319
27.06733
27.26892
27.07218
27.27376
27.07708
27.28105
27.08201
27.28588
27.0869
27.29402
27.09183
27.30216
27.09687
27.31166
27.10174
27.32207
27.10668
27.33321
27.11155
27.34356
27.11652
27.35086
27.12639
27.35563
27.13635
27.36224
27.14625
27.36754
27.18596
27.37617
27.1909
27.38108
27.19584
27.39141
27.20086
27.39887
27.20582
27.40625
27.21567
27.41436
27.22549
27.42157
27.23043
27.4287
27.23532
27.43347
27.24024
27.44143
27.24555
27.44793
27.2504
27.45277
27.25525
27.46065
27.26009
27.46587
27.26499
27.47393
27.26986
27.48048
27.27467
27.48526
27.27949
27.49174
27.28428
27.49737
27.28906
27.50216
27.29382
27.50695
27.29869
27.5127
27.30346
27.51756
27.3082
27.52283
27.31297
27.52757
27.31776
27.53292
27.32255
27.53888
27.32732
27.54546
27.33213
27.55206
27.33688
27.55699
27.34168
27.56304
27.34647
27.56881
27.35123
27.57602
27.35598
27.581
27.36078
27.58697
27.37008
27.59205
27.37486
27.5978
27.37956
27.60274
27.42297
27.60877
27.4278
27.61571
27.43272
27.62307
27.4376
27.62824
27.44244
27.63589
27.44728
27.64145
27.45201
27.6482
27.45681
27.65335
27.46158
27.66242
27.4663
27.67122
27.47103
27.67785
27.47579
27.68637
27.48054
27.69209
27.48525
27.69794
27.49
27.70445
27.49474
27.71096
27.49941
27.71823
27.50411
27.72397
27.50882
27.7286
27.51358
27.73418
27.51833
27.74217
27.5231
27.74733
27.52785
27.75305
27.53263
27.75824
27.53742
27.763
27.54218
27.76775
27.54694
27.77248
27.55166
27.77759
27.55643
27.78226
27.56116
27.78744
27.56601
27.79374
27.57073
27.79854
27.57552
27.8058
27.58031
27.81228
27.58507
27.81695
27.58985
27.82214
27.59463
27.82874
27.59944
27.83603
27.60422
27.84085
27.60899
27.84739
27.61858
27.85226
27.66243
27.86036
27.66738
27.86514
27.67226
27.87003
27.67716
27.87955
27.68208
27.88668
27.68696
27.89453
27.69182
27.90019
27.69677
27.90494
27.70166
27.9115
27.70649
27.91674
27.71133
27.92406
27.71615
27.92993
27.72101
27.93472
27.72586
27.94051
27.73073
27.94528
27.73554
27.95256
27.74039
27.95744
27.7452
27.96622
27.75
27.97103
27.75479
27.97587
27.75961
27.98319
27.76451
27.98805
27.76935
27.99527
27.77416
28.00328
27.77902
28.01332
27.78394
28.01818
27.78885
28.02393
27.83318
28.02966
27.84298
28.03446
27.84792
28.0393
27.85284
28.04506
27.85777
28.05089
27.86268
28.05566
27.86765
28.06155
27.87255
28.06682
27.87746
28.07345
27.88237
28.08003
27.8872
28.08527
27.89211
28.09045
27.89712
28.09695
27.90207
28.10427
27.90694
28.11157
27.91182
28.11639
27.91674
28.12293
27.92153
28.12776
27.92643
28.13345
27.93133
28.13823
27.9362
28.14307
27.9411
28.15241
27.94598
28.15717
27.95085
28.16364
27.95573
28.16842
27.96061
28.17797
27.96558
28.18278
27.97049
28.18921
27.97545
28.19656
27.98037
28.20137
27.9853
28.20611
27.99027
28.21188
27.99522
28.21666
28.00023
28.22148
28.00521
28.22738
28.01014
28.23221
28.01509
28.23798
28.02496
28.24364
28.02995
28.24892
28.05491
28.2561
28.07985
28.26203
28.08981
28.26937
28.09476
28.27462
28.10474
28.28044
28.10972
28.2852
28.11475
28.29043
28.11971
28.29636
28.12469
28.30223
28.1297
28.3102
28.13463
28.31545
28.13955
28.32068
28.14452
28.32647
28.14948
28.33534
28.15448
28.34267
28.15945
28.34855
28.16448
28.3559
28.16943
28.36258
28.17443
28.37067
28.17942
28.37648
28.18436
28.38128
28.18932
28.38605
28.19432
28.39415
28.19937
28.39998
28.20432
28.40639
28.2093
28.41146
28.21423
28.41875
28.2192
28.42527
28.22416
28.43042
28.23404
28.43525
28.239
28.4448
28.24393
28.45061
28.2488
28.45641
28.25369
28.46375
28.26843
28.46961
28.27339
28.47617
28.27826
28.48137
28.28316
28.48698
28.28807
28.49287
28.29295
28.49928
28.29797
28.50409
28.3029
28.50931
28.30783
28.51413
28.31276
28.51991
28.31775
28.52521
28.32266
28.53041
28.33265
28.53514
28.33767
28.53998
28.34264
28.54733
28.34766
28.55321
28.35268
28.55967
28.35766
28.56454
28.36264
28.57116
28.36758
28.5768
28.37249
28.58168
28.37747
28.58829
28.38251
28.59413
28.38745
28.60003
28.39244
28.60739
28.39742
28.61267
28.40239
28.61838
28.40739
28.62324
28.41241
28.62853
28.41739
28.63377
28.42238
28.63862
28.42735
28.64348
28.43243
28.64874
28.43747
28.65405
28.44242
28.66143
28.4475
28.66669
28.45247
28.67157
28.45744
28.67685
28.47234
28.68276
28.50731
28.68867
28.51729
28.69449
28.52229
28.69978
28.52727
28.70508
28.53231
28.7116
28.53732
28.71894
28.54228
28.7286
28.54729
28.73392
28.55229
28.74207
28.5573
28.74872
28.56227
28.75532
28.56729
28.76018
28.57227
28.76543
28.5773
28.77069
28.58232
28.77596
28.58727
28.78175
28.59225
28.78969
28.59719
28.79636
28.60213
28.80159
28.60706
28.80647
28.61198
28.81377
28.61691
28.81859
28.62183
28.82525
28.62678
28.8311
28.63174
28.83593
28.63669
28.84178
28.64155
28.84661
28.64644
28.85181
28.6513
28.85657
28.65618
28.86246
28.66104
28.86768
28.66602
28.87252
28.67085
28.87909
28.67568
28.88393
28.68057
28.88916
28.68548
28.89404
28.69039
28.89967
28.69531
28.90492
28.70026
28.90973
28.70518
28.91449
28.71008
28.91976
28.71505
28.92634
28.71998
28.93442
28.72493
28.93922
28.73002
28.9473
28.73493
28.95258
28.74489
28.95899
28.78468
28.96426
28.78969
28.96953
28.7947
28.97538
28.79976
28.98024
28.80473
28.98689
28.8097
28.99577
28.81473
29.00062
28.81971
29.00721
28.82468
29.01457
28.82963
29.01983
28.83467
29.02583
28.83964
29.03462
28.84462
29.03944
28.84958
29.04814
28.85456
29.05289
28.85952
29.05766
28.86452
29.06253
28.86945
29.06834
28.8744
29.07418
28.87932
29.07941
28.88429
29.08422
28.88926
29.08903
28.89417
29.09387
28.89914
29.09869
28.90409
29.10395
28.90899
29.11133
28.91388
29.11777
28.91878
29.12252
28.92368
29.12774
28.92853
29.13253
28.93348
29.13775
28.93841
29.14301
28.9433
29.14881
28.94822
29.15367
28.95312
29.15957
28.95793
29.16601
28.96283
29.17077
28.96774
29.17561
28.97263
29.1809
28.9775
29.18739
28.98239
29.1927
28.98728
29.19751
28.99222
29.20489
28.99723
29.2102
29.00222
29.21682
29.00716
29.22424
29.01212
29.2317
29.01715
29.23825
29.02218
29.24692
29.04717
29.25488
29.09195
29.26303
29.10689
29.26966
29.11182
29.27479
29.11678
29.28219
29.12176
29.28864
29.12671
29.29524
29.13173
29.30321
29.13669
29.30896
29.14166
29.31558
29.14664
29.32046
29.15665
29.32642
29.16158
29.33537
29.16665
29.34643
29.17167
29.35233
29.17668
29.3583
29.18165
29.3655
29.18668
29.37278
29.19164
29.38311
29.19672
29.38791
29.20172
29.39375
29.20671
29.39965
29.21171
29.40693
29.21669
29.41217
29.22166
29.41708
29.22662
29.42602
29.23163
29.4319
29.2366
29.43716
29.24151
29.44239
29.24646
29.4472
29.25137
29.45458
29.2563
29.46045
29.26118
29.46519
29.26598
29.46992
29.27084
29.47478
29.2757
29.47987
29.28058
29.48575
29.28543
29.49171
29.29028
29.49956
29.29511
29.5048
29.29994
29.50954
29.30473
29.51433
29.31447
29.5192
29.3242
29.5251
29.32903
29.52992
29.33394
29.53467
29.33879
29.53943
29.34371
29.54469
29.34853
29.54954
29.35339
29.55433
29.35826
29.55921
29.36321
29.5641
29.37308
29.57127
29.37802
29.57718
29.38803
29.58523
29.39301
29.59003
29.39806
29.59743
29.41307
29.60331
29.43323
29.61054
29.44328
29.61717
29.44829
29.62243
29.45333
29.62771
29.45838
29.63255
29.46343
29.63739
29.4685
29.64265
29.47354
29.64791
29.47858
29.65444
29.48362
29.65979
29.48862
29.66713
29.49363
29.67237
29.49868
29.67721
29.50368
29.68305
29.50871
29.68826
29.51369
29.6931
29.51871
29.70118
29.52369
29.7065
29.52865
29.71756
29.53372
29.72281
29.53865
29.73018
29.5436
29.73605
29.54853
29.74334
29.55352
29.74809
29.5585
29.75385
29.56357
29.75914
29.56852
29.76489
29.5734
29.7697
29.57834
29.7745
29.58329
29.77952
29.58824
29.78475
29.59318
29.79054
29.59821
29.79531
29.60317
29.80059
29.60818
29.81011
29.6132
29.81491
29.61816
29.82012
29.62316
29.82502
29.62811
29.83232
29.63314
29.83717
29.65323
29.84587
29.66325
29.85059
29.66825
29.85716
29.67325
29.86246
29.67826
29.86963
29.68323
29.87766
29.68822
29.88242
29.69319
29.88714
29.69821
29.89301
29.70321
29.89821
29.7082
29.90405
29.71313
29.91058
29.71806
29.9153
29.72301
29.92187
29.72793
29.92754
29.7328
29.93236
29.7378
29.9389
29.74269
29.9437
29.74768
29.94947
29.7527
29.95419
29.7576
29.96005
29.76254
29.96525
29.77254
29.97048
29.77755
29.97784
29.78253
29.9866
29.78756
29.99142
29.79259
29.99716
29.79767
30.00192
29.8027
30.0067
29.80772
30.01151
29.81276
30.01807
29.82782
30.02329
29.83293
30.02919
29.83796
30.03648
29.84304
30.04116
29.84811
30.04587
29.85318
30.05103
29.85823
30.05577
29.86328
30.06059
29.86832
30.06641
29.87335
30.07217
29.87837
30.07736
29.88341
30.08211
29.88837
30.08676
29.89338
30.09152
29.90346
30.09626
29.90844
30.10277
29.91338
30.10756
29.91834
30.11335
29.92328
30.11814
29.92824
30.1239
29.93326
30.12881
29.9382
30.13813
29.94315
30.14296
29.94814
30.15182
29.95309
30.16207
29.95801
30.16723
29.96294
30.17241
29.96796
30.17889
29.97295
30.1836
29.97792
30.19078
29.98295
30.19553
29.98788
30.20033
29.99289
30.2069
29.99796
30.21263
30.00295
30.21786
30.00792
30.2252
30.01295
30.22992
30.01801
30.2351
30.02295
30.23989
30.02799
30.24466
30.03296
30.2494
30.03796
30.25522
30.04303
30.26103
30.05314
30.26628
30.06346
30.27286
30.07361
30.27937
30.08378
30.28418
30.08887
30.29003
30.09387
30.2973
30.099
30.3046
30.10401
30.30983
30.10908
30.31484
30.11414
30.31959
30.11917
30.32437
30.12421
30.3325
30.12932
30.33768
30.13437
30.34247
30.13943
30.34725
30.14451
30.35517
30.14954
30.36006
30.15456
30.36654
30.15953
30.37131
30.16463
30.38003
30.16962
30.38658
30.17468
30.39191
30.18971
30.39981
30.23471
30.40639
30.23977
30.41165
30.24481
30.41897
30.24987
30.42417
30.25493
30.42896
30.25994
30.43373
30.26501
30.43853
30.27008
30.44733
30.27512
30.45257
30.28007
30.45783
30.28509
30.46596
30.29011
30.47078
30.29522
30.47667
30.30017
30.48548
30.30523
30.49029
30.31027
30.4956
30.31533
30.50145
30.3204
30.50722
30.32551
30.51303
30.33062
30.5178
30.33573
30.52416
30.34074
30.52948
30.34585
30.53605
30.35085
30.54086
30.35592
30.5457
30.36098
30.55157
30.36596
30.55823
30.37102
30.56483
30.37602
30.56962
30.38105
30.57772
30.38611
30.58292
30.39118
30.58769
30.39622
30.59509
30.40132
30.60097
30.44614
30.60685
30.49034
30.6134
30.53433
30.61819
30.54426
30.6242
30.5493
30.63425
30.55433
30.63952
30.55933
30.64447
30.56442
30.64947
30.56938
30.65561
30.57442
30.66384
30.57949
30.6688
30.58458
30.67378
30.58964
30.679
30.59472
30.68397
30.59973
30.68938
30.60472
30.69489
30.60984
30.7009
30.61482
30.70602
30.61992
30.7137
30.62502
30.72136
30.63016
30.72722
30.63515
30.73229
30.64019
30.73771
30.64522
30.74294
30.65033
30.75207
30.65533
30.75889
30.66041
30.76385
30.66555
30.76881
30.67059
30.77443
30.67561
30.78129
30.68065
30.78712
30.68564
30.79688
30.69066
30.8018
30.69572
30.80722
30.7007
30.81401
30.70577
30.82515
30.71082
30.83042
30.71591
30.83697
30.72094
30.8418
30.72597
30.84663
30.73105
30.85254
30.7361
30.86049
30.74111
30.8653
30.74616
30.87118
30.75119
30.87704
30.75623
30.88363
30.76131
30.88846
30.76641
30.89435
30.77146
30.90022
30.77657
30.90767
30.78156
30.91511
30.78671
30.92393
30.79179
30.92962
30.79688
30.93524
30.80193
30.94043
30.80699
30.94526
30.81204
30.95005
30.81704
30.95483
30.82211
30.96137
30.82722
30.96614
30.83237
30.97275
30.8375
30.97857
30.8425
30.9834
30.84758
30.98817
30.85262
30.9935
30.85768
31.00166
30.86272
31.00947
30.86786
31.01474
30.87296
31.01997
30.87808
31.02477
30.88311
31.03148
30.88814
31.03814
30.89325
31.04552
30.89838
31.05084
30.90336
31.05897
30.90845
31.06376
30.91344
31.06903
30.91857
31.0743
30.92358
31.07939
30.92864
31.08424
30.9337
31.09011
30.93873
31.09501
30.94377
31.10152
30.94882
31.10631
30.9539
31.11162
30.95902
31.11903
30.96408
31.12649
30.96909
31.13448
30.97417
31.13939
30.97923
31.14755
30.98425
31.1549
30.98934
31.15975
30.99439
31.16547
30.99938
31.17188
31.00443
31.17673
31.00949
31.18179
31.01454
31.18655
31.0196
31.19234
31.02463
31.19721
31.02968
31.20373
31.03467
31.20898
31.03969
31.21475
31.04473
31.21948
31.04971
31.22454
31.05477
31.22943
31.05981
31.23904
31.06495
31.24486
31.07
31.24968
31.07496
31.25443
31.07997
31.25928
31.08501
31.26514
31.09002
31.27105
31.09504
31.27893
31.10013
31.28417
31.1052
31.28945
31.11024
31.29507
31.1153
31.30241
31.12033
31.30721
31.12536
31.31391
31.13054
31.32353
31.13559
31.32884
31.14063
31.33413
31.14572
31.34001
31.15081
31.3453
31.15589
31.35195
31.16607
31.35861
31.17618
31.36338
31.18119
31.36818
31.1862
31.37407
31.19126
31.37937
31.19628
31.38529
31.20137
31.39341
31.2065
31.40157
31.21152
31.40743
31.21659
31.41233
31.22169
31.41956
31.22677
31.42491
31.2319
31.43078
31.2369
31.43556
31.24203
31.44042
31.24714
31.44567
31.25218
31.4506
31.25723
31.45951
31.26231
31.46444
31.26739
31.47304
31.27247
31.47784
31.27751
31.48443
31.28257
31.48928
31.28767
31.49459
31.29274
31.4999
31.29783
31.50721
31.30286
31.51203
31.30796
31.51688
31.31302
31.52171
31.31809
31.52654
31.3231
31.53136
31.33328
31.53656
31.33829
31.54137
31.34339
31.54623
31.34842
31.5536
31.35353
31.55849
31.35863
31.5637
31.36879
31.56852
31.40938
31.57657
31.41447
31.58177
31.41953
31.58652
31.42457
31.59135
31.42969
31.59804
31.43472
31.60538
31.43971
31.61062
31.44473
31.61723
31.44978
31.62383
31.45489
31.63118
31.45999
31.63597
31.4701
31.64073
31.47523
31.64558
31.48021
31.65033
31.4853
31.65513
31.49035
31.66102
31.50049
31.66826
31.50555
31.67307
31.5106
31.67857
31.51566
31.6833
31.52073
31.68809
31.5258
31.69546
31.53092
31.7019
31.53602
31.70919
31.54099
31.71401
31.54608
31.71979
31.5511
31.7245
31.55616
31.73041
31.56127
31.7377
31.56633
31.74497
31.57132
31.75203
31.57636
31.75684
31.58138
31.76269
31.58686
31.76849
31.59195
31.77327
31.59713
31.778
31.60221
31.78281
31.60729
31.78799
31.61239
31.79276
31.61749
31.79795
31.62257
31.80314
31.6276
31.80897
31.63267
31.81532
31.63774
31.8205
31.64277
31.82535
31.64782
31.83041
31.69292
31.8377
31.70851
31.84288
31.71351
31.84808
31.71856
31.85283
31.72363
31.85756
31.72867
31.86283
31.7338
31.86763
31.73888
31.87496
31.7439
31.88076
31.74901
31.88556
31.75408
31.89079
31.75918
31.89744
31.76423
31.90266
31.76933
31.90739
31.7744
31.91315
31.77946
31.91903
31.78458
31.92638
31.79012
31.93125
31.79564
31.93851
31.80179
31.94324
31.8079
31.94806
31.81291
31.95374
31.81798
31.9594
31.82313
31.96417
31.82842
31.97005
31.83352
31.97667
31.83858
31.98245
31.84367
31.98983
31.84868
31.99711
31.85376
32.00303
31.8588
32.01189
31.86438
32.01696
31.86939
32.02185
31.87448
32.02847
31.87998
32.03434
31.88511
32.03919
31.8901
32.04404
31.89517
32.04881
31.90025
32.05357
31.9053
32.05846
31.91034
32.06579
31.91537
32.07058
31.92054
32.07546
31.9256
32.08025
31.93081
32.08513
31.93693
32.09194
31.94196
32.10237
31.9475
32.10978
31.95259
32.11647
31.95759
32.12239
31.9627
32.12838
31.96776
32.13503
31.9733
32.14037
31.97884
32.14774
31.98435
32.1527
31.98948
32.16019
31.99458
32.16675
31.9997
32.17208
32.00484
32.17739
32.00992
32.18274
32.01509
32.18806
32.02017
32.19398
32.02568
32.20045
32.03097
32.20527
32.04008
32.21045
32.04525
32.21537
32.05036
32.22209
32.05646
32.2288
32.06159
32.23373
32.06664
32.2389
32.0718
32.24479
32.07696
32.24976
32.08302
32.25509
32.08813
32.26008
32.09329
32.26679
32.10345
32.27331
32.14944
32.27862
32.15458
32.28346
32.16484
32.28837
32.16994
32.29336
32.17503
32.29869
32.18008
32.30355
32.1852
32.30892
32.19036
32.31427
32.19556
32.31918
32.20081
32.32745
32.20602
32.33318
32.2111
32.33854
32.21623
32.34351
32.22144
32.35101
32.22653
32.35849
32.23179
32.3634
32.23685
32.36832
32.24199
32.37415
32.24714
32.37904
32.25227
32.38393
32.25748
32.38876
32.26259
32.39474
32.26778
32.40066
32.27299
32.40596
32.27816
32.41087
32.28328
32.41615
32.28839
32.42103
32.29345
32.4259
32.29868
32.43074
32.30387
32.4356
32.30898
32.44042
32.31406
32.44709
32.34546
32.4544
32.36586
32.45922
32.3709
32.46789
32.40683
32.47266
32.452
32.47736
32.45739
32.48212
32.46276
32.48685
32.46777
32.49211
32.47274
32.49685
32.47762
32.50204
32.48252
32.50687
32.48789
32.51411
32.49286
32.52071
32.49786
32.52602
32.50776
32.53088
32.51278
32.53578
32.51778
32.54142
32.52274
32.54631
32.52772
32.55108
32.53266
32.55595
32.53765
32.56089
32.54268
32.56679
32.54766
32.57157
32.55265
32.5764
32.55764
32.58126
32.56265
32.58612
32.56773
32.591
32.57275
32.59621
32.57778
32.60115
32.58282
32.60708
32.58788
32.61243
32.59294
32.61777
32.59807
32.62272
32.60315
32.62762
32.60822
32.63259
32.6133
32.63755
32.61839
32.6424
32.62349
32.64735
32.62859
32.65699
32.63381
32.66177
32.63896
32.66667
32.6441
32.67146
32.64922
32.67632
32.6544
32.68119
32.6595
32.68608
32.66479
32.69098
32.66996
32.69595
32.67511
32.7009
32.68029
32.70576
32.6855
32.71075
32.69072
32.71577
32.6959
32.72083
32.70116
32.72583
32.70632
32.73086
32.71151
32.73584
32.71671
32.7408
32.72194
32.74579
32.7272
32.75082
32.73245
32.75589
32.73765
32.76091
32.74283
32.76588
32.74805
32.77094
32.75329
32.77601
32.75847
32.78099
32.76381
32.78611
32.769
32.79116
32.7743
32.7963
32.77958
32.80142
32.78491
32.80651
32.79026
32.81157
32.79563
32.81663
32.80099
32.82176
32.80627
32.82693
32.81158
32.83207
32.81687
32.83721
32.82217
32.84239
32.82746
32.84754
32.83286
32.85273
32.8382
32.85797
32.84357
32.86315
32.84896
32.86842
32.85442
32.87367
32.85985
32.87889
32.86537
32.88417
32.8708
32.88945
32.87624
32.89484
32.88164
32.90013
32.88708
32.90545
32.89255
32.91079
32.89812
32.91611
32.9036
32.92144
32.9091
32.92688
32.91461
32.93219
32.92015
32.93755
32.92569
32.9429
32.93121
32.9482
32.93677
32.95361
32.9423
32.95904
32.94783
32.96444
32.95332
32.96979
32.9589
32.97521
32.96462
32.9805
32.97044
32.98586
32.97594
32.99134
32.98166
32.99669
32.98731
33.00206
32.99304
33.00751
32.99876
33.01297
33.00442
33.01831
33.01007
33.02384
33.01569
33.02925
33.02139
33.03464
33.02703
33.04018
33.03278
33.04567
33.03848
33.05103
33.0442
33.05648
33.04993
33.06207
33.05568
33.06761
33.06139
33.07325
33.0671
33.07892
33.0728
33.0845
33.07841
33.09044
33.08409
33.0961
33.08976
33.10166
33.09546
33.10719
33.10129
33.11263
33.10698
33.11824
33.11274
33.12364
33.11825
33.12902
33.12413
33.1347
33.12981
33.14014
33.13552
33.1456
33.1414
33.15148
33.14714
33.15702
33.15281
33.16301
33.15832
33.16869
33.16442
33.17435
33.17006
33.18016
33.17606
33.18589
33.1818
33.19152
33.18769
33.1974
33.19334
33.20305
33.19941
33.20869
33.20512
33.21407
33.21097
33.21946
33.21693
33.22512
33.22272
33.23091
33.22852
33.23639
33.23458
33.24217
33.24071
33.24804
33.24661
33.25362
33.2525
33.25938
33.2584
33.26511
33.26424
33.27061
33.26995
33.27629
33.27561
33.28185
33.28117
33.28759
33.28679
33.29327
33.29257
33.29876
33.29845
33.30475
33.30426
33.31055
33.31003
33.31629
33.31587
33.32207
33.3217
33.32798
33.32758
33.33363
33.33368
33.33939
33.33954
33.34545
33.34551
33.35125
33.3513
33.35711
33.35717
33.36296
33.36312
33.36895
33.36899
33.37488
33.37488
33.38095
33.38093
33.38663
33.38664
33.39261
33.39233
33.39844
33.39835
33.40437
33.40416
33.41014
33.41008
33.4162
33.41591
33.42208
33.42169
33.42793
33.42755
33.43386
33.43335
33.43979
33.43945
33.44571
33.44508
33.45137
33.45078
33.45724
33.45669
33.46335
33.4625
33.46891
33.46836
33.47461
33.4741
33.48055
33.47969
33.48604
33.48536
33.49194
33.491
33.49777
33.49683
33.50312
33.50263
33.50853
33.50828
33.5141
33.51383
33.51975
33.51954
33.5256
33.52497
33.53125
33.53062
33.53714
33.53642
33.54302
33.54198
33.54916
33.54755
33.55476
33.55316
33.56065
33.55867
33.56607
33.5642
33.57145
33.56975
33.57681
33.57523
33.58224
33.58064
33.58758
33.58634
33.59296
33.59188
33.59834
33.59824
33.60382
33.60445
33.60913
33.61068
33.61454
33.61665
33.62012
33.62283
33.62582
33.62926
33.63174
33.63578
33.63784
33.64225
33.64396
33.64873
33.65025
33.65495
33.65661
33.66135
33.66828
33.66734
33.67453
33.67381
33.68067
33.68028
33.68671
33.69218
33.69264
33.69831
33.6982
33.70434
33.70371
33.71063
33.70984
33.71653
33.71542
33.72237
33.72116
33.72828
33.72677
33.73416
33.73259
33.74001
33.73874
33.74583
33.7445
33.75179
33.75071
33.758
33.75716
33.76407
33.76368
33.77055
33.77015
33.77677
33.77651
33.78275
33.78266
33.7892
33.78889
33.79524
33.79497
33.80131
33.8014
33.80738
33.80758
33.81324
33.81405
33.81969
33.82018
33.82569
33.8266
33.83181
33.83276
33.83807
33.83883
33.84412
33.84526
33.84975
33.85124
33.85548
33.85692
33.86089
33.8624
33.86633
33.8676
33.87151
33.87309
33.87653
33.87855
33.88155
33.88385
33.89149
33.88883
33.9063
33.8945
33.91127
33.89954
33.91614
33.90458
33.92104
33.91035
33.92595
33.9154
33.93104
33.9207
33.93597
33.92632
33.94086
33.93163
33.94574
33.93704
33.95568
33.94285
33.96077
33.94852
33.96577
33.95404
33.97089
33.95979
33.97606
33.96526
33.98113
33.97121
33.98629
33.97682
33.99155
33.9824
33.99685
33.98856
34.00203
33.99422
34.00726
34.00014
34.01253
34.00586
34.01773
34.01178
34.02295
34.01788
34.03342
34.02348
34.03867
34.02991
34.04385
34.03619
34.04918
34.04249
34.0543
34.04892
34.0597
34.05527
34.06539
34.06154
34.0706
34.06791
34.07628
34.07396
34.08212
34.08042
34.08765
34.08661
34.0936
34.09292
34.09945
34.0991
34.10514
34.1052
34.1113
34.11147
34.11716
34.11767
34.12352
34.12372
34.12989
34.12978
34.13602
34.13583
34.14232
34.14226
34.14837
34.14869
34.15428
34.1548
34.16001
34.16104
34.16595
34.16702
34.17179
34.17309
34.17748
34.17927
34.18341
34.1857
34.18951
34.1919
34.19524
34.19808
34.20116
34.20454
34.20703
34.21071
34.21278
34.21708
34.21857
34.22338
34.22482
34.22961
34.23051
34.23595
34.23663
34.24207
34.24252
34.24809
34.24833
34.25421
34.2542
34.26028
34.25982
34.26651
34.2659
34.27259
34.27161
34.27874
34.27727
34.28489
34.28292
34.29125
34.28868
34.29748
34.29471
34.30363
34.30035
34.30999
34.30659
34.31604
34.31224
34.32227
34.31823
34.32835
34.32413
34.33444
34.33013
34.34055
34.33638
34.34674
34.34222
34.35278
34.34838
34.35932
34.35442
34.36555
34.36089
34.37201
34.36741
34.37849
34.37391
34.38471
34.38019
34.39098
34.38659
34.39743
34.39282
34.40364
34.39927
34.40986
34.40549
34.41567
34.41169
34.42134
34.41802
34.42754
34.42442
34.43329
34.43099
34.4394
34.43681
34.44501
34.44327
34.45104
34.44976
34.45684
34.45618
34.46296
34.46268
34.46858
34.46918
34.47465
34.47569
34.4803
34.48204
34.48645
34.48826
34.49231
34.49477
34.49833
34.50124
34.50422
34.50745
34.51062
34.5136
34.51669
34.5201
34.52315
34.52633
34.52939
34.53278
34.53566
34.53921
34.54214
34.54572
34.5485
34.55209
34.55476
34.55819
34.56085
34.56438
34.56689
34.57048
34.57293
34.57649
34.5791
34.58269
34.58501
34.58839
34.5915
34.59401
34.59777
34.59972
34.60373
34.60524
34.6101
34.61065
34.61603
34.61624
34.6221
34.62155
34.6282
34.62704
34.63463
34.63245
34.64068
34.6377
34.64643
34.64296
34.65247
34.64826
34.6583
34.65362
34.66424
34.65884
34.67002
34.66442
34.67644
34.6696
34.68227
34.67486
34.68867
34.68022
34.69477
34.68542
34.70097
34.69064
34.70675
34.70123
34.71284
34.70648
34.71879
34.71162
34.72453
34.71702
34.73073
34.72223
34.73653
34.72743
34.74228
34.73281
34.74869
34.7381
34.75452
34.74357
34.76103
34.74889
34.76749
34.76535
34.77396
34.77084
34.78043
34.77645
34.78686
34.78203
34.79312
34.78751
34.7996
34.79306
34.80608
34.79876
34.81256
34.80439
34.81905
34.82667
34.8256
34.84299
34.83189
34.84829
34.8383
34.85383
34.8446
34.85911
34.85104
34.86449
34.85752
34.87499
34.8636
34.88041
34.86989
34.88566
34.87637
34.89109
34.88264
34.89632
34.88873
34.90222
34.89509
34.90741
34.90089
34.91266
34.90707
34.91801
34.91333
34.92331
34.91936
34.92858
34.92572
34.93394
34.93187
34.93911
34.93827
34.94448
34.9447
34.94971
34.95068
34.96022
34.95706
34.97025
34.96322
34.98611
34.96967
34.99145
34.97575
34.99676
34.98203
35.0022
34.98826
35.0074
34.99481
35.01274
35.00098
35.018
35.00726
35.02335
35.01331
35.02854
35.01947
35.03386
35.02592
35.03906
35.03194
35.04427
35.0378
35.04943
35.04376
35.0548
35.04973
35.05995
35.05572
35.06557
35.06155
35.07079
35.06785
35.07605
35.07408
35.08357
35.08032
35.08898
35.08676
35.09438
35.09309
35.10497
35.09927
35.11026
35.10543
35.11565
35.11191
35.12095
35.11837
35.12621
35.12454
35.13174
35.13076
35.13704
35.13689
35.14244
35.1429
35.14774
35.14937
35.15316
35.15541
35.15853
35.1616
35.16379
35.1678
35.16918
35.17408
35.17442
35.18037
35.17964
35.18639
35.18493
35.19281
35.19013
35.19895
35.19567
35.20491
35.20094
35.21081
35.20614
35.21672
35.21136
35.22247
35.21657
35.22815
35.22181
35.23403
35.22704
35.23996
35.23235
35.2455
35.23763
35.25117
35.24289
35.25722
35.24806
35.26337
35.25329
35.26947
35.25886
35.2753
35.26424
35.28175
35.26943
35.28797
35.27462
35.29449
35.27982
35.30063
35.28496
35.30693
35.29019
35.3134
35.29537
35.31975
35.3007
35.32612
35.30588
35.33249
35.31116
35.33897
35.31646
35.34525
35.32158
35.35166
35.32685
35.35781
35.33204
35.36382
35.33725
35.37
35.34257
35.3763
35.36888
35.38249
35.3746
35.3887
35.38523
35.39494
35.39076
35.4011
35.39619
35.40703
35.40205
35.41305
35.40762
35.41905
35.41333
35.42506
35.41907
35.43105
35.42479
35.43702
35.43058
35.44298
35.43644
35.44866
35.44222
35.45463
35.44791
35.46067
35.45366
35.46646
35.4592
35.47242
35.46486
35.47829
35.47042
35.48422
35.4759
35.4901
35.48136
35.49612
35.48705
35.502
35.49252
35.50772
35.4981
35.51331
35.50394
35.51914
35.50937
35.52475
35.51515
35.53049
35.52066
35.53603
35.52618
35.54165
35.53203
35.54718
35.53765
35.5528
35.5433
35.55864
35.54884
35.56411
35.55431
35.56989
35.55983
35.57571
35.5655
35.58152
35.57119
35.58723
35.57679
35.59318
35.58241
35.59951
35.58801
35.6055
35.60474
35.61153
35.61021
35.618
35.61584
35.62447
35.62141
35.63101
35.62692
35.63749
35.63286
35.64397
35.63859
35.65046
35.64416
35.65694
35.6499
35.66349
35.65581
35.66997
35.66133
35.67646
35.66722
35.68254
35.67266
35.68874
35.67823
35.69498
35.68396
35.70102
35.68964
35.70715
35.69519
35.71312
35.70079
35.71915
35.70637
35.72543
35.71192
35.73149
35.71744
35.73735
35.72293
35.74334
35.72881
35.74929
35.73457
35.75508
35.74023
35.76091
35.7458
35.76679
35.75163
35.77248
35.76266
35.77832
35.76868
35.78406
35.77416
35.78982
35.77969
35.79572
35.78533
35.80124
35.7909
35.80686
35.79681
35.81266
35.80233
35.81814
35.80796
35.82405
35.81386
35.82954
35.81946
35.83509
35.82497
35.84049
35.83072
35.84636
35.83626
35.85193
35.84196
35.85744
35.84787
35.8629
35.85366
35.86833
35.8596
35.87375
35.86531
35.87938
35.87099
35.88473
35.87681
35.89006
35.88321
35.89554
35.8889
35.90085
35.89479
35.9063
35.90071
35.91176
35.90654
35.91718
35.9122
35.92276
35.9183
35.92827
35.92393
35.93373
35.93041
35.93908
35.93599
35.94536
35.9422
35.95085
35.94821
35.9565
35.95404
35.96253
35.9602
35.96843
35.96664
35.97393
35.97258
35.97959
35.97843
35.98542
35.98441
35.99102
35.99064
35.99681
35.99716
36.00281
36.00324
36.00845
36.00971
36.01427
36.01585
36.02018
36.02247
36.02586
36.02855
36.03179
36.03457
36.03756
36.04071
36.04371
36.04717
36.04964
36.05353
36.05595
36.06001
36.06236
36.06586
36.0682
36.07231
36.07403
36.07863
36.08014
36.08475
36.08584
36.09119
36.09222
36.09721
36.09806
36.10356
36.10424
36.11003
36.11033
36.12281
36.11668
36.1293
36.12301
36.13579
36.12956
36.14228
36.1359
36.14876
36.14204
36.15514
36.14853
36.16162
36.15501
36.16817
36.16156
36.17465
36.16777
36.18723
36.17425
36.19335
36.1805
36.19989
36.18678
36.20636
36.193
36.21284
36.19928
36.21926
36.20576
36.22575
36.21217
36.23229
36.21865
36.23841
36.22486
36.24489
36.23108
36.25112
36.23727
36.25746
36.24375
36.26401
36.25024
36.27049
36.25652
36.27692
36.26256
36.28306
36.26902
36.28954
36.27539
36.29602
36.28132
36.30219
36.28717
36.30866
36.29367
36.31449
36.30013
36.32094
36.3066
36.32741
36.31307
36.33394
36.31955
36.34042
36.32601
36.34628
36.33249
36.35272
36.3389
36.35908
36.34534
36.36562
36.35182
36.37209
36.35836
36.37833
36.36473
36.38481
36.37122
36.39089
36.37772
36.39699
36.38424
36.40345
36.39073
36.40964
36.39727
36.41583
36.40376
36.42232
36.40976
36.42879
36.4161
36.43534
36.42257
36.44182
36.42888
36.44811
36.43536
36.45452
36.44147
36.461
36.44796
36.46743
36.45435
36.47361
36.46074
36.48009
36.46722
36.48658
36.47364
36.49248
36.47989
36.499
36.48637
36.5054
36.49292
36.51178
36.49939
36.51812
36.50587
36.52446
36.51222
36.531
36.51871
36.53722
36.52525
36.54343
36.53173
36.54992
36.53822
36.5564
36.54455
36.56288
36.55103
36.56895
36.55723
36.57496
36.56377
36.58135
36.56999
36.58739
36.57646
36.59383
36.58294
36.60017
36.58868
36.60648
36.59505
36.61227
36.60107
36.61865
36.60754
36.62511
36.61398
36.63106
36.62046
36.63722
36.6263
36.64338
36.63275
36.64961
36.63921
36.65564
36.64552
36.66151
36.65194
36.66802
36.658
36.67389
36.66388
36.68035
36.66988
36.68642
36.67596
36.69206
36.68187
36.69807
36.68772
36.70382
36.69364
36.70998
36.6999
36.71564
36.70635
36.72165
36.71244
36.72797
36.71875
36.73348
36.72465
36.73922
36.73117
36.74499
36.73764
36.75097
36.74329
36.75682
36.74973
36.76282
36.75618
36.76888
36.76241
36.77511
36.76846
36.78101
36.77463
36.78722
36.78102
36.79305
36.7875
36.79956
36.79349
36.80512
36.79964
36.81154
36.80543
36.81766
36.81187
36.82355
36.81791
36.82991
36.82361
36.83593
36.82954
36.84162
36.83545
36.84757
36.84119
36.85399
36.84701
36.85983
36.85342
36.86634
36.85925
36.87248
36.86541
36.87807
36.87187
36.88383
36.87832
36.89015
36.88447
36.89603
36.89089
36.90176
36.89715
36.90807
36.90318
36.91396
36.90946
36.92016
36.91594
36.9262
36.92226
36.93222
36.92846
36.93825
36.93494
36.9438
36.94132
36.94981
36.94762
36.95588
36.95374
36.96196
36.96029
36.96778
36.96677
36.97352
36.97325
36.97985
36.97963
36.98561
36.98557
36.9917
36.9918
36.99788
36.99779
