0.008109633
0.00868556
0.01414926
0.01505704
0.02021348
0.02141754
0.02626156
0.02783414
0.03245857
0.03419917
0.03851688
0.04054683
0.04457719
0.04691567
0.050709
0.05327326
0.05676497
0.0596942
0.06298989
0.06604236
0.06901912
0.07239032
0.07507244
0.07874643
0.08118287
0.08509777
0.08736629
0.09150605
0.09339554
0.09785248
0.09956426
0.1042024
0.105754
0.1105482
0.1118312
0.1169015
0.1178741
0.1233119
0.1239678
0.1296702
0.1302198
0.136029
0.1362721
0.1423934
0.1424097
0.1487533
0.1484887
0.1551575
0.1547004
0.1615509
0.1606756
0.167916
0.1669298
0.17427
0.1730004
0.1806212
0.1791548
0.1869777
0.1852319
0.1933985
0.1912902
0.1997593
0.1975227
0.2061363
0.2035958
0.2124958
0.2097645
0.2188503
0.2158875
0.2252771
0.2220521
0.2316422
0.228296
0.2380091
0.2344689
0.2443711
0.2406307
0.250725
0.2467431
0.2571435
0.2528515
0.2634978
0.2589204
0.2698646
0.2650369
0.2762393
0.2711557
0.2825992
0.2772118
0.2890409
0.2833402
0.295402
0.289528
0.3017703
0.2957905
0.3081413
0.3018551
0.3145049
0.3079739
0.3208612
0.3141927
0.3271762
0.3204088
0.333374
0.3265857
0.3397218
0.3327731
0.345819
0.3389693
0.3519628
0.3450797
0.3639274
0.3511941
0.369696
0.3573704
0.3755152
0.3635705
0.3813797
0.3697603
0.3871692
0.3760042
0.3929585
0.3821147
0.3986918
0.3883105
0.4044493
0.3945104
0.4101035
0.4006658
0.4158014
0.406793
0.4214454
0.4130116
0.4271764
0.4191555
0.4327992
0.4253931
0.4384345
0.4315599
0.4440491
0.4376631
0.4496929
0.4439051
0.45542
0.4500402
0.4610431
0.4560946
0.4666969
0.4623176
0.4723532
0.4683344
0.4779448
0.4744465
0.4835719
0.4804541
0.4892219
0.4864775
0.4948031
0.4924146
0.5003967
0.4983896
0.5059604
0.5041856
0.5115229
0.5099334
0.5170708
0.5157459
0.5227188
0.521421
0.5282584
0.5328623
0.5337831
0.5386039
0.5393125
0.5443054
0.5447996
0.5500073
0.5503162
0.5556304
0.5558539
0.5613448
0.5613515
0.5670718
0.5668055
0.5727968
0.5722223
0.5785405
0.5776765
0.5842431
0.5831226
0.5899239
0.5885851
0.5956554
0.5939869
0.6013511
0.5993597
0.6069952
0.6047515
0.6126428
0.6101472
0.6183072
0.6155702
0.6239298
0.6209512
0.6295937
0.6263905
0.6351957
0.6317551
0.6407998
0.6371176
0.6464143
0.6424589
0.6520435
0.6478006
0.6576436
0.6531757
0.6633392
0.6585756
0.6689495
0.6639279
0.6745912
0.6692504
0.6801645
0.674594
0.6857455
0.679967
0.691354
0.6853231
0.6969808
0.6907358
0.7025578
0.6960834
0.7081016
0.7014295
0.7136327
0.7067707
0.7191306
0.7121247
0.7245805
0.7174646
0.7301595
0.722856
0.7356242
0.7281808
0.7410805
0.7335372
0.7465155
0.7388766
0.7520009
0.7442578
0.75745
0.7496555
0.7629312
0.7550491
0.7683688
0.7604845
0.7737833
0.7658345
0.7791623
0.7712054
0.7845352
0.7765594
0.7899041
0.7819447
0.7952434
0.7873179
0.8006245
0.7927384
0.8059787
0.7980924
0.811314
0.8034589
0.8166306
0.8087963
0.8219391
0.8141507
0.8272287
0.8194796
0.8325893
0.8249026
0.8378448
0.8302565
0.8431158
0.8356064
0.8483844
0.840944
0.8536299
0.8462771
0.8588611
0.8516084
0.8641485
0.8569977
0.8693964
0.8622915
0.8745907
0.8675982
0.8797804
0.8728852
0.88497
0.878152
0.8901615
0.8834186
0.8953614
0.8887455
0.9005467
0.8940225
0.9057091
0.8992597
0.9108527
0.9045367
0.9160132
0.9097617
0.9211465
0.9150156
0.9262671
0.9202218
0.9314607
0.9255362
0.9365773
0.9307426
0.9417377
0.9359928
0.9468334
0.9412382
0.9519289
0.9465276
0.9570122
0.9517882
0.962187
0.9571337
0.9672787
0.9623754
0.9723722
0.967696
0.9774431
0.9729482
0.9825345
0.9782252
0.9876392
0.9834835
0.9927282
0.9887812
0.9978428
0.9940401
1.002949
0.9992873
1.008033
1.004543
1.013112
1.009798
1.018243
1.015031
1.023328
1.02026
1.028393
1.025539
1.03353
1.030802
1.038628
1.036083
1.043699
1.041324
1.048776
1.046557
1.053867
1.051809
1.058969
1.057099
1.064088
1.062357
1.069138
1.067603
1.074206
1.072821
1.079279
1.078063
1.084354
1.083253
1.089421
1.088492
1.094506
1.093736
1.099579
1.098923
1.104706
1.1041
1.109758
1.10915
1.11481
1.114229
1.119879
1.119149
1.124956
1.124248
1.130079
1.129219
1.135141
1.134244
1.140162
1.139207
1.145237
1.144183
1.150303
1.149158
1.15541
1.154069
1.160466
1.159127
1.165605
1.164064
1.170674
1.169024
1.175759
1.173997
1.18083
1.178968
1.185894
1.18388
1.190965
1.189019
1.19614
1.194011
1.201223
1.198933
1.206283
1.203908
1.211356
1.208914
1.21641
1.213772
1.221458
1.218747
1.226505
1.223782
1.231488
1.228749
1.236531
1.233717
1.241567
1.238688
1.246585
1.243644
1.251621
1.248596
1.256623
1.25365
1.261633
1.258587
1.266754
1.263593
1.271805
1.268635
1.276828
1.27365
1.281849
1.279539
1.286893
1.284883
1.291957
1.290014
1.297126
1.29546
1.302263
1.300499
1.307307
1.306395
1.312386
1.31187
1.317442
1.316934
1.322518
1.322082
1.327599
1.327538
1.33272
1.332578
1.337803
1.338436
1.342867
1.343453
1.347924
1.348458
1.353005
1.353401
1.358059
1.358374
1.363207
1.363359
1.368263
1.368382
1.373331
1.37333
1.378375
1.378374
1.383406
1.383315
1.38845
1.38834
1.393464
1.3932
1.398562
1.398129
1.403587
1.403148
1.408616
1.408148
1.413655
1.413089
1.41872
1.418118
1.423771
1.423208
1.428912
1.428186
1.433956
1.433181
1.438981
1.438152
1.444024
1.443148
1.449055
1.448138
1.454097
1.453139
1.459145
1.458212
1.464284
1.463247
1.469349
1.468278
1.474388
1.473307
1.479461
1.478343
1.484548
1.483386
1.489602
1.48848
1.494661
1.493578
1.4998
1.49864
1.504873
1.503732
1.509946
1.508804
1.514991
1.5139
1.520021
1.519009
1.52505
1.524178
1.530136
1.529274
1.535159
1.534372
1.540173
1.539453
1.545183
1.544565
1.55021
1.549636
1.555242
1.554759
1.560289
1.559923
1.565412
1.565037
1.570455
1.570144
1.575512
1.575267
1.580553
1.580366
1.585616
1.585518
1.59069
1.590687
1.595832
1.595835
1.600903
1.600952
1.605982
1.606589
1.611042
1.611641
1.616113
1.616793
1.621185
1.622049
1.626243
1.627211
1.63138
1.632376
1.636455
1.637557
1.64149
1.642757
1.64654
1.647974
1.651565
1.653182
1.656629
1.658482
1.661684
1.663673
1.666654
1.66889
1.671714
1.67409
1.67676
1.679321
1.681871
1.684554
1.686912
1.68985
1.691991
1.695082
1.697097
1.700319
1.702166
1.705567
1.707247
1.710798
1.712322
1.716033
1.717379
1.721644
1.722454
1.726906
1.727554
1.73215
1.732556
1.737398
1.737616
1.742646
1.742695
1.7479
1.74777
1.753145
1.752843
1.758481
1.757966
1.763714
1.763105
1.768989
1.768178
1.774249
1.773242
1.779506
1.778338
1.784987
1.783398
1.790233
1.788461
1.795512
1.793517
1.800745
1.798646
1.805997
1.803706
1.811276
1.808787
1.816559
1.813829
1.821905
1.818891
1.827226
1.823948
1.832561
1.829083
1.837899
1.834183
1.843309
1.839248
1.848713
1.844308
1.85409
1.849373
1.8595
1.85445
1.864854
1.859533
1.870186
1.864689
1.875502
1.869766
1.88085
1.874843
1.886123
1.879945
1.89145
1.885028
1.896727
1.890136
1.902054
1.895207
1.907347
1.900388
1.912616
1.905476
1.917875
1.910561
1.923193
1.915623
1.928476
1.920731
1.933743
1.925827
1.939047
1.930992
1.944339
1.936059
1.949611
1.941174
1.954909
1.946294
1.960285
1.951403
1.965565
1.956538
1.970857
1.961646
1.976144
1.966881
1.981426
1.972013
1.986742
1.977171
1.991992
1.982344
1.997277
1.987509
2.002533
1.992664
2.007826
1.9979
2.013098
2.003035
2.018373
2.008166
2.023717
2.013307
2.029006
2.018405
2.034314
2.023495
2.039593
2.028572
2.044899
2.033697
2.050225
2.038772
2.055612
2.04383
2.060949
2.048877
2.06628
2.053948
2.071616
2.059061
2.076945
2.064215
2.082262
2.06928
2.087615
2.074367
2.093007
2.079461
2.098334
2.084586
2.103659
2.08968
2.108988
2.094788
2.11429
2.099948
2.119651
2.105031
2.125057
2.110113
2.130411
2.115204
2.135754
2.120266
2.141094
2.125341
2.146438
2.130483
2.151821
2.135564
2.157219
2.140662
2.162585
2.145764
2.167933
2.150866
2.17329
2.155966
2.178679
2.161085
2.184089
2.166251
2.189514
2.171353
2.194883
2.176449
2.200258
2.181555
2.205599
2.186639
2.210949
2.191747
2.216312
2.196901
2.221685
2.202009
2.22698
2.207114
2.232347
2.212211
2.237701
2.217334
2.243053
2.222505
2.248434
2.227619
2.253776
2.233617
2.259205
2.238738
2.264549
2.243871
2.269901
2.249004
2.27523
2.254161
2.280569
2.259298
2.285898
2.264504
2.29127
2.269662
2.296577
2.274815
2.301907
2.28002
2.307244
2.285162
2.3126
2.290335
2.317931
2.295551
2.323352
2.300714
2.328702
2.305859
2.334046
2.311028
2.339412
2.316201
2.344837
2.321378
2.350206
2.326528
2.355635
2.331757
2.360997
2.336905
2.366407
2.342061
2.371751
2.347215
2.377147
2.35239
2.382522
2.357558
2.387901
2.362786
2.393316
2.367938
2.398697
2.373094
2.404132
2.378263
2.409493
2.383409
2.414899
2.388565
2.420259
2.393707
2.425734
2.398909
2.431173
2.404037
2.436574
2.409188
2.441966
2.414325
2.44736
2.419462
2.452749
2.424608
2.45823
2.429798
2.463605
2.434956
2.469019
2.440166
2.474414
2.445349
2.479807
2.450512
2.485186
2.455688
2.490689
2.460895
2.496097
2.466134
2.50157
2.471324
2.507038
2.476505
2.512568
2.48169
2.518159
2.486874
2.523905
2.492042
2.529519
2.497254
2.535198
2.502404
2.540886
2.507548
2.546455
2.512702
2.552138
2.517863
2.557892
2.52305
2.563517
2.528192
2.569159
2.533461
2.574705
2.538667
2.58029
2.543871
2.585861
2.5491
2.591458
2.554331
2.596912
2.559573
2.602343
2.564885
2.607745
2.570156
2.61317
2.575456
2.618566
2.580752
2.624012
2.586052
2.629326
2.591377
2.634626
2.596749
2.639909
2.602058
2.645197
2.607381
2.65048
2.612668
2.655834
2.617972
2.661144
2.62326
2.666448
2.62851
2.671794
2.639151
2.677146
2.649765
2.682505
2.655045
2.687873
2.660303
2.69328
2.665527
2.698588
2.67079
2.703921
2.676063
2.70925
2.681327
2.714565
2.686606
2.719881
2.691875
2.725296
2.697206
2.730637
2.702483
2.735948
2.707763
2.741283
2.713056
2.746589
2.718333
2.75192
2.723608
2.757316
2.728956
2.762647
2.734222
2.767985
2.739493
2.773347
2.744758
2.778647
2.749999
2.783959
2.755285
2.78932
2.760543
2.794624
2.765857
2.799924
2.771107
2.805223
2.776347
2.810476
2.781593
2.815734
2.786844
2.821021
2.792104
2.826357
2.797423
2.831632
2.802696
2.836888
2.80795
2.842152
2.813238
2.847398
2.81849
2.852648
2.823727
2.857927
2.829037
2.863167
2.834279
2.868388
2.839527
2.873621
2.844793
2.878844
2.850024
2.88405
2.855306
2.889354
2.860562
2.8946
2.865914
2.899791
2.871189
2.905035
2.876468
2.910281
2.881751
2.915498
2.887007
2.920714
2.892261
2.926008
2.897597
2.931226
2.902832
2.936412
2.908119
2.941622
2.913453
2.946841
2.918725
2.95203
2.92399
2.957316
2.929336
2.962537
2.934636
2.967741
2.939977
2.972942
2.945256
2.978138
2.950542
2.983347
2.955837
2.988672
2.961121
2.993934
2.966479
2.99915
2.971765
3.004344
2.977068
3.009579
2.982343
3.014815
2.987647
3.020027
2.992995
3.025314
2.998341
3.030514
3.003629
3.035722
3.00893
3.040958
3.014201
3.04617
3.019524
3.051383
3.02482
3.056653
3.030228
3.061874
3.035568
3.067076
3.040882
3.072303
3.046176
3.077505
3.051503
3.082724
3.056794
3.087938
3.062226
3.093213
3.067538
3.098417
3.072842
3.103596
3.078175
3.108761
3.083519
3.113996
3.088854
3.119241
3.099481
3.124532
3.104837
3.129738
3.110169
3.134999
3.115493
3.140255
3.120812
3.145532
3.126154
3.150759
3.142214
3.156049
3.147568
3.161304
3.152914
3.166544
3.15827
3.171794
3.163687
3.177038
3.169047
3.182315
3.174405
3.187567
3.179715
3.19291
3.185051
3.198188
3.190378
3.2035
3.19579
3.20876
3.201113
3.214071
3.206459
3.219322
3.211832
3.224733
3.217176
3.229989
3.222477
3.235279
3.227834
3.240585
3.233242
3.245882
3.238588
3.251211
3.243946
3.25658
3.249304
3.261916
3.254644
3.267245
3.259956
3.272568
3.265381
3.277876
3.27071
3.283205
3.276056
3.288574
3.281399
3.293915
3.286768
3.299267
3.292162
3.304627
3.297608
3.309963
3.302966
3.315271
3.308326
3.32064
3.313704
3.326092
3.319072
3.331471
3.324462
3.336804
3.329922
3.342129
3.335318
3.3475
3.340753
3.352858
3.346143
3.358312
3.351576
3.363639
3.357023
3.369097
3.362592
3.374583
3.36813
3.380102
3.373751
3.385658
3.37943
3.391216
3.385124
3.396807
3.390813
3.402375
3.396555
3.407942
3.402263
3.413528
3.408036
3.419021
3.413687
3.424579
3.419321
3.430142
3.424977
3.435711
3.430714
3.441617
3.436416
3.44716
3.442108
3.452646
3.447799
3.458219
3.453549
3.463686
3.459297
3.469286
3.465114
3.47484
3.470839
3.480371
3.476581
3.485821
3.482303
3.491331
3.488049
3.496743
3.493771
3.502181
3.499538
3.507587
3.505236
3.513033
3.510905
3.518419
3.516617
3.523893
3.522265
3.529285
3.52798
3.534703
3.533632
3.540101
3.539348
3.545493
3.545069
3.550891
3.550788
3.556318
3.55645
3.561774
3.56223
3.567195
3.567913
3.572565
3.573614
3.577971
3.579341
3.583299
3.584987
3.58875
3.590654
3.594102
3.596372
3.599483
3.601999
3.604856
3.607641
3.610208
3.613301
3.615556
3.61891
3.620868
3.624555
3.626274
3.630224
3.631614
3.635855
3.636909
3.641495
3.642204
3.647089
3.647545
3.652732
3.652901
3.658395
3.658297
3.664142
3.663682
3.669779
3.668986
3.675417
3.674315
3.681085
3.67959
3.686779
3.684963
3.692427
3.690392
3.698096
3.695873
3.703704
3.701225
3.709298
3.706592
3.714912
3.711973
3.720546
3.71744
3.726142
3.723033
3.731685
3.728483
3.737289
3.733915
3.742846
3.739356
3.748394
3.744821
3.753942
3.750371
3.759504
3.755971
3.765116
3.761485
3.77066
3.767085
3.776164
3.772671
3.781728
3.778273
3.787263
3.783883
3.792805
3.789533
3.798275
3.795129
3.803815
3.800775
3.80933
3.806535
3.814846
3.812237
3.820388
3.817864
3.825904
3.823542
3.831502
3.829209
3.837021
3.834865
3.842521
3.840611
3.848056
3.846332
3.853595
3.851901
3.859127
3.857592
3.864742
3.863221
3.87029
3.868832
3.875814
3.874498
3.881346
3.880161
3.886858
3.885842
3.89236
3.891592
3.89796
3.897375
3.903491
3.903077
3.909016
3.908737
3.914535
3.914423
3.920076
3.920126
3.925607
3.925789
3.931231
3.931589
3.936771
3.937276
3.94235
3.942958
3.947913
3.948706
3.953446
3.954401
3.959009
3.960224
3.964623
3.965997
3.970171
3.97175
3.975671
3.977458
3.981179
3.983237
3.986683
3.989015
3.992227
3.994788
3.997821
4.0005
4.003387
4.006299
4.00896
4.012059
4.014492
4.01779
4.020071
4.023565
4.025633
4.02935
4.031262
4.035046
4.03681
4.040817
4.042381
4.046511
4.047954
4.052255
4.053514
4.058068
4.059073
4.063801
4.064699
4.06942
4.070261
4.075093
4.075844
4.080737
4.081426
4.086329
4.087013
4.091941
4.092596
4.097532
4.098209
4.103026
4.103817
4.108532
4.109411
4.114051
4.114994
4.119618
4.12058
4.125157
4.126152
4.130668
4.13175
4.136216
4.137365
4.14174
4.142942
4.147236
4.148533
4.152718
4.154125
4.158217
4.159715
4.163557
4.1654
4.168973
4.170982
4.174419
4.176597
4.179869
4.182199
4.185392
4.187772
4.190957
4.193407
4.1965
4.199068
4.202026
4.204684
4.20751
4.210274
4.212995
4.215907
4.218489
4.221507
4.224107
4.227114
4.22967
4.232759
4.235262
4.238322
4.240788
4.243884
4.24632
4.249474
4.251933
4.255072
4.257647
4.260672
4.263241
4.26635
4.268855
4.271946
4.274432
4.277523
4.279965
4.283142
4.285545
4.288737
4.291134
4.294362
4.296686
4.300037
4.302265
4.305635
4.307853
4.311266
4.313375
4.316941
4.319044
4.322549
4.324677
4.328137
4.330272
4.333799
4.335935
4.339418
4.341583
4.345047
4.34721
4.350674
4.352801
4.356318
4.358521
4.361945
4.364171
4.367622
4.369833
4.37322
4.375429
4.378837
4.381116
4.384396
4.386764
4.389988
4.392483
4.395655
4.398087
4.401252
4.40371
4.406852
4.409399
4.412455
4.415041
4.418069
4.420734
4.423679
4.426442
4.429344
4.432126
4.434929
4.437778
4.440571
4.443425
4.446204
4.44908
4.451835
4.454679
4.457477
4.460365
4.463169
4.465946
4.468806
4.471578
4.474435
4.477254
4.480072
4.482879
4.485732
4.488586
4.491393
4.494221
4.497111
4.499908
4.502742
4.505589
4.508409
4.511235
4.514063
4.516924
4.519674
4.522607
4.525311
4.528253
4.531019
4.533809
4.536613
4.539472
4.542236
4.545193
4.547857
4.550786
4.553484
4.556553
4.559111
4.562284
4.564817
4.567961
4.570446
4.573626
4.576087
4.579305
4.5817
4.585005
4.587324
4.590746
4.592949
4.596428
4.598643
4.60204
4.604293
4.607666
4.609953
4.613302
4.615593
4.618979
4.621239
4.624671
4.626889
4.630316
4.632586
4.635941
4.638235
4.641608
4.643853
4.647302
4.649468
4.652989
4.655127
4.658754
4.660822
4.664435
4.66653
4.670146
4.672182
4.675848
4.677854
4.681554
4.683475
4.687231
4.689126
4.692995
4.694794
4.698628
4.700519
4.704274
4.706179
4.709876
4.711812
4.715469
4.717466
4.721151
4.723109
4.726878
4.728831
4.732494
4.734525
4.738151
4.740202
4.743786
4.745877
4.749446
4.751561
4.755138
4.757235
4.760836
4.767005
4.7665
4.77262
4.772173
4.778297
4.777802
4.783924
4.783493
4.789543
4.789227
4.79515
4.794804
4.800832
4.800449
4.806457
4.806137
4.812094
4.811735
4.817707
4.81743
4.823342
4.823159
4.829044
4.828781
4.834692
4.834431
4.840344
4.840099
4.845984
4.845735
4.851634
4.851432
4.857282
4.857191
4.863011
4.862797
4.868669
4.868457
4.874331
4.874134
4.879996
4.879808
4.885684
4.885483
4.891324
4.891175
4.897055
4.896819
4.90273
4.902388
4.908374
4.908021
4.914011
4.913652
4.919624
4.91931
4.925285
4.925004
4.931009
4.930629
4.936678
4.936285
4.94233
4.941913
4.948013
4.947506
4.953689
4.953141
4.95937
4.958836
4.965113
4.964487
4.970801
4.970116
4.97649
4.975722
4.982131
4.981288
4.987793
4.986843
4.993456
4.992486
4.999171
4.998136
5.004817
5.003732
5.010415
5.009346
5.016006
5.015038
5.021616
5.020648
5.027229
5.026332
5.032921
5.031957
5.038552
5.037505
5.044187
5.043136
5.04981
5.048773
5.055439
5.054415
5.061066
5.060073
5.066781
5.065659
5.072422
5.071294
5.078055
5.076818
5.083682
5.082397
5.089307
5.088006
5.094932
5.093674
5.100621
5.099205
5.10624
5.104801
5.111865
5.110412
5.117471
5.11601
5.123105
5.121603
5.128738
5.127297
5.134363
5.132924
5.139998
5.138638
5.145638
5.144287
5.151263
5.14994
5.156894
5.15568
5.162604
5.161299
5.168217
5.166978
5.173826
5.172605
5.179439
5.178277
5.185027
5.183879
5.190609
5.189631
5.196255
5.195246
5.201822
5.200883
5.207366
5.206533
5.212962
5.21211
5.218557
5.217754
5.224132
5.223446
5.229795
5.229046
5.235403
5.234638
5.240991
5.240262
5.246618
5.2459
5.25223
5.251519
5.257826
5.257244
5.263461
5.262826
5.269015
5.268441
5.274573
5.274026
5.280146
5.279674
5.285746
5.28524
5.291329
5.29089
5.297004
5.296494
5.302625
5.302113
5.30822
5.307698
5.313828
5.31335
5.319425
5.31898
5.325022
5.32459
5.33062
5.330228
5.336212
5.335917
5.341795
5.34154
5.347372
5.347117
5.352953
5.352798
5.358537
5.358492
5.364155
5.364104
5.369745
5.369715
5.375339
5.37525
5.380905
5.380822
5.386511
5.386376
5.392112
5.392103
5.397738
5.39772
5.403354
5.403314
5.408925
5.408895
5.414531
5.414535
5.420152
5.420128
5.425775
5.430696
5.43146
5.436234
5.437077
5.44181
5.442694
5.447515
5.448337
5.453115
5.453931
5.458811
5.459562
5.464457
5.46524
5.470078
5.470891
5.475719
5.476512
5.481371
5.482131
5.486994
5.487775
5.492688
5.4934
5.498306
5.499111
5.503889
5.504743
5.50955
5.51038
5.51517
5.516009
5.520845
5.52163
5.526556
5.527236
5.532258
5.532921
5.537891
5.53855
5.543561
5.544197
5.549222
5.549832
5.554929
5.55547
5.560625
5.561109
5.566239
5.566819
5.571922
5.572474
5.57756
5.578107
5.583255
5.583724
5.588992
5.589375
5.594696
5.595037
5.600369
5.600779
5.60603
5.606419
5.611707
5.612066
5.617342
5.617695
5.623087
5.623341
5.628794
5.629062
5.634502
5.634697
5.640183
5.640359
5.645898
5.645978
5.651542
5.651628
5.657288
5.657201
5.662925
5.662872
5.668625
5.668491
5.67433
5.674072
5.680062
5.679684
5.685695
5.685246
5.691493
5.690874
5.697166
5.696579
5.702901
5.702173
5.70857
5.707794
5.714289
5.713423
5.719951
5.719023
5.725708
5.724679
5.731428
5.730371
5.737107
5.736006
5.742793
5.741631
5.74848
5.74729
5.754167
5.752927
5.759912
5.758583
5.765584
5.764279
5.771214
5.769956
5.776869
5.775604
5.782537
5.781254
5.7882
5.786908
5.793941
5.792573
5.799615
5.798328
5.805306
5.803997
5.810956
5.809657
5.816573
5.815267
5.822312
5.820901
5.827948
5.826507
5.833635
5.832196
5.839366
5.837803
5.84508
5.843449
5.850728
5.849072
5.856449
5.854736
5.862101
5.860377
5.867786
5.86609
5.873422
5.871771
5.879101
5.877428
5.88479
5.883097
5.89053
5.888772
5.896142
5.894437
5.901832
5.900168
5.907438
5.905799
5.913176
5.911476
5.918842
5.917147
5.924572
5.922829
5.930312
5.928491
5.935983
5.934229
5.941666
5.93993
5.947391
5.94561
5.953164
5.951295
5.958964
5.956978
5.964702
5.962722
5.970325
5.96844
5.975977
5.974133
5.981625
5.979865
5.987339
5.985526
5.993133
5.991221
5.998856
5.99696
6.004527
6.002696
6.010252
6.008377
6.015905
6.014075
6.021586
6.019771
6.027309
6.025471
6.032982
6.031254
6.03864
6.036921
6.044261
6.042604
6.049923
6.0483
6.055618
6.053968
6.061255
6.059672
6.066926
6.065399
6.072542
6.071082
6.078215
6.076772
6.083865
6.082461
6.089565
6.088199
6.095152
6.093884
6.100788
6.099645
6.106408
6.105295
6.112051
6.111003
6.11763
6.11668
6.123268
6.122349
6.128866
6.128009
6.134564
6.133776
6.140231
6.13944
6.145849
6.145108
6.151516
6.150811
6.157218
6.156489
6.162878
6.162233
6.168459
6.167948
6.174101
6.173687
6.179793
6.17935
6.185426
6.18504
6.191084
6.190698
6.196715
6.196446
6.202339
6.202087
6.207929
6.20777
6.213569
6.213422
6.219158
6.219027
6.22485
6.224738
6.230515
6.230455
6.236154
6.236145
6.241854
6.241807
6.247458
6.247497
6.253162
6.253182
6.258862
6.258867
6.264492
6.264605
6.270139
6.270309
6.275791
6.276028
6.281472
6.281722
6.287076
6.28744
6.292775
6.293145
6.298426
6.298919
6.30413
6.304591
6.309751
6.310285
6.315374
6.315952
6.320959
6.321633
6.326636
6.32735
6.332278
6.333108
6.337909
6.33877
6.343563
6.34446
6.349242
6.350148
6.354957
6.355843
6.360644
6.36152
6.366282
6.367272
6.371954
6.373008
6.377614
6.378726
6.383275
6.384393
6.389091
6.390077
6.394754
6.395842
6.400531
6.401532
6.406227
6.407205
6.411882
6.412884
6.417603
6.418588
6.423357
6.424334
6.429058
6.430063
6.434704
6.435781
6.44037
6.44148
6.446027
6.447177
6.451666
6.452785
6.457395
6.458461
6.463124
6.464159
6.468791
6.469829
6.474503
6.475485
6.480161
6.481201
6.485886
6.486849
6.49164
6.492545
6.497371
6.498274
6.503065
6.503947
6.508704
6.509672
6.514407
6.51532
6.520082
6.520978
6.525898
6.526645
6.531625
6.532391
6.537304
6.538047
6.543033
6.543674
6.54871
6.549345
6.554439
6.555005
6.560191
6.560654
6.565891
6.566409
6.571666
6.57209
6.577441
6.577781
6.583168
6.583477
6.588974
6.589179
6.594659
6.594856
6.600403
6.600592
6.606128
6.606252
6.611866
6.611971
6.617538
6.617752
6.623276
6.623446
6.629069
6.62916
6.634815
6.634883
6.640479
6.640597
6.6462
6.646328
6.651917
6.652093
6.657693
6.657786
6.663346
6.663551
6.669025
6.669266
6.674698
6.674961
6.680316
6.680722
6.686019
6.68643
6.691761
6.692176
6.697445
6.697976
6.703081
6.703686
6.708724
6.709445
6.714391
6.715157
6.71999
6.720879
6.725739
6.72656
6.731415
6.732325
6.737165
6.738052
6.742866
6.743729
6.748578
6.749454
6.754239
6.755154
6.759982
6.760875
6.765697
6.766645
6.77139
6.772306
6.777091
6.777992
6.782803
6.783681
6.788605
6.789314
6.794281
6.795041
6.799923
6.800778
6.805598
6.806499
6.811275
6.812176
6.816891
6.817857
6.822614
6.82359
6.82827
6.829338
6.834035
6.835015
6.839715
6.840705
6.845383
6.84643
6.851106
6.85219
6.856893
6.857913
6.862565
6.863711
6.86816
6.869446
6.873783
6.875111
6.87937
6.88081
6.884998
6.886491
6.890738
6.892154
6.896344
6.897904
6.901959
6.903643
6.907553
6.909293
6.913067
6.914933
6.918609
6.920677
6.924242
6.926383
6.929783
6.932181
6.935354
6.93785
6.94085
6.943556
6.946432
6.949245
6.951956
6.954983
6.957531
6.960657
6.96309
6.966444
6.968696
6.972178
6.974271
6.977952
6.97986
6.983627
6.9854
6.989321
6.991071
6.995029
6.996656
7.000792
7.002166
7.006547
7.007715
7.012282
7.013276
7.018023
7.01883
7.023752
7.024418
7.029561
7.029949
7.0353
7.035501
7.041025
7.040997
7.04671
7.04649
7.052429
7.052011
7.058139
7.057642
7.063882
7.063198
7.069584
7.068725
7.075342
7.074234
7.081038
7.079776
7.086789
7.085344
7.092447
7.090923
7.098195
7.096548
7.103953
7.102142
7.109651
7.107777
7.115263
7.113371
7.120944
7.118917
7.126676
7.124515
7.132396
7.12999
7.13814
7.135537
7.143865
7.141082
7.14958
7.146638
7.155254
7.152149
7.160959
7.157814
7.1667
7.163342
7.172373
7.16892
7.178023
7.174557
7.183706
7.180074
7.189437
7.185616
7.195131
7.191205
7.200889
7.196355
7.206562
7.201965
7.212316
7.20744
7.218039
7.213001
7.223786
7.218638
7.229558
7.224282
7.235299
7.229817
7.241043
7.235388
7.246768
7.240927
7.252485
7.246496
7.25818
7.252021
7.263926
7.257677
7.269636
7.263257
7.275354
7.268842
7.28111
7.274384
7.28679
7.279976
7.292533
7.285516
7.300386
7.291139
7.306088
7.296731
7.311749
7.30228
7.317544
7.307799
7.323327
7.313338
7.329147
7.318874
7.334927
7.324499
7.340687
7.330088
7.346428
7.335655
7.352179
7.341197
7.357923
7.346724
7.363687
7.35227
7.369431
7.357901
7.375216
7.363405
7.380956
7.369007
7.386666
7.374538
7.392366
7.380056
7.398171
7.385527
7.403905
7.391107
7.4097
7.396561
7.415452
7.402036
7.421169
7.407506
7.426915
7.412964
7.432761
7.41847
7.438584
7.424018
7.444355
7.429597
7.450082
7.435147
7.45585
7.440709
7.461576
7.446182
7.467447
7.451709
7.473187
7.457403
7.478937
7.462905
7.484747
7.468499
7.490527
7.474005
7.496335
7.479555
7.5021
7.485107
7.507891
7.490703
7.513697
7.496303
7.519464
7.501822
7.525191
7.507357
7.531085
7.512882
7.536805
7.51854
7.542542
7.524134
7.548282
7.529713
7.554011
7.535305
7.559763
7.54095
7.565579
7.546564
7.571363
7.552168
7.577075
7.557772
7.58285
7.563306
7.588565
7.56882
7.594321
7.574322
7.600134
7.57987
7.605867
7.585433
7.611593
7.591029
7.617312
7.596616
7.62305
7.602084
7.62886
7.60762
7.634608
7.613218
7.640337
7.618786
7.64607
7.624376
7.651802
7.629932
7.657492
7.635438
7.663314
7.640988
7.669006
7.646543
7.674733
7.652038
7.680474
7.657661
7.686224
7.663224
7.692003
7.668773
7.697884
7.674345
7.703659
7.679889
7.709463
7.685393
7.715251
7.690987
7.720988
7.696556
7.72682
7.702064
7.732765
7.707587
7.738565
7.713168
7.744411
7.718666
7.750285
7.724272
7.756104
7.729803
7.761941
7.735351
7.767831
7.740903
7.773681
7.746459
7.779464
7.752016
7.78525
7.757601
7.791091
7.763137
7.796956
7.768626
7.80271
7.774159
7.808527
7.779741
7.814363
7.785265
7.820099
7.790836
7.825913
7.796357
7.831737
7.801886
7.837574
7.807396
7.843407
7.812857
7.849278
7.81837
7.855088
7.823956
7.860855
7.829491
7.866672
7.835008
7.872436
7.840589
7.878214
7.846037
7.883973
7.851564
7.889717
7.857183
7.895596
7.862691
7.901375
7.868185
7.907114
7.873673
7.912902
7.87918
7.918654
7.88478
7.924473
7.89042
7.930334
7.895918
7.936148
7.901426
7.941982
7.906949
7.947759
7.912488
7.953562
7.918005
7.959361
7.923582
7.965242
7.929107
7.971036
7.934674
7.976784
7.940174
7.98258
7.945663
7.988408
7.951215
7.994255
7.956805
8.000055
7.962327
8.005907
7.967833
8.011708
7.973366
8.017529
7.978837
8.02336
7.98435
8.029222
7.989906
8.035065
7.995404
8.040894
8.000906
8.046773
8.006343
8.052521
8.011924
8.058284
8.017435
8.06409
8.022997
8.069917
8.028472
8.075693
8.033957
8.081462
8.039482
8.087222
8.044915
8.092995
8.050462
8.098772
8.056005
8.104599
8.061507
8.110416
8.066995
8.116122
8.072491
8.121903
8.078019
8.127626
8.083482
8.133471
8.089076
8.139205
8.094546
8.144896
8.100039
8.150073
8.105052
8.276628
8.119925
8.33099
8.134255
8.370785
8.148081
8.421053
8.159795
8.443348
8.171661
8.44978
8.182738
8.455162
8.193766
8.460679
8.205448
8.466212
8.218588
8.471642
8.224401
8.478175
8.236821
8.48364
8.246108
8.489038
8.255631
8.494571
8.26502
8.500528
8.270824
8.506089
8.278739
8.511554
8.286787
8.517091
8.292006
8.522655
8.297241
8.52812
8.305247
8.533645
8.311634
8.539151
8.316514
8.544699
8.323236
8.550278
8.329026
8.555874
8.3357
8.561351
8.343204
8.566917
8.351413
8.572403
8.35649
8.577931
8.363838
8.583515
8.368844
8.589559
8.377035
8.595625
8.382913
8.60123
8.388831
8.606728
8.395412
8.61225
8.403462
8.617715
8.408799
8.623695
8.417524
8.629248
8.422387
8.63481
8.428193
8.640367
8.433041
8.645916
8.440383
8.651467
8.446368
8.657079
8.453147
8.66272
8.459961
8.668545
8.468248
8.674051
8.477272
8.679551
8.4855
8.685065
8.493032
8.690565
8.499542
8.696186
8.506106
8.701694
8.510999
8.707261
8.516342
8.712826
8.522259
8.718804
8.527134
8.72437
8.532001
8.730101
8.53729
8.736121
8.54219
8.742191
8.548152
8.747848
8.553062
8.753379
8.557964
8.758889
8.562831
8.764554
8.568811
8.770087
8.573688
8.775698
8.579071
8.781319
8.584003
8.786887
8.589035
8.79256
8.593902
8.798198
8.598876
8.803845
8.603881
8.809437
8.608885
8.814989
8.61388
8.820624
8.618805
8.827326
8.624268
8.832942
8.629284
8.83857
8.634259
8.845271
8.639297
8.850899
8.644251
8.856488
8.649286
8.86218
8.654786
8.867807
8.660923
8.873487
8.665932
8.879134
8.671442
8.884863
8.676463
8.891522
8.682533
8.897221
8.689381
8.902858
8.695573
8.908377
8.703954
8.913948
8.711378
8.91951
8.716933
8.925091
8.72463
8.931708
8.732872
8.937289
8.742542
8.944613
8.747672
8.951193
8.757574
8.956675
8.766449
8.96272
8.771399
8.968659
8.778956
8.974133
8.78727
8.980111
8.797847
8.986147
8.812654
8.991763
8.829733
9.00227
8.885993
9.055058
8.993998
9.106286
9.051922
9.156821
9.103015
9.207916
9.17427
9.249313
9.189261
9.275632
9.258481
9.311031
9.29516
9.32786
9.312068
9.352191
9.341322
9.37347
9.3694
9.389606
9.387369
9.405351
9.408881
9.426713
9.426373
9.43559
9.445012
9.446939
9.46196
9.455244
9.466859
9.466175
9.475786
9.473047
9.48589
9.479752
9.49518
9.486231
9.501739
9.491308
9.512624
9.505691
9.534136
9.513614
9.543898
9.532765
9.55597
9.546336
9.572877
9.567721
9.612563
9.579307
9.624543
9.598098
9.63837
9.618883
9.648323
9.633801
9.656184
9.646466
9.668815
9.663138
9.679117
9.67212
9.688754
9.691263
9.732312
9.704823
9.747952
9.721029
9.761624
9.731079
9.775384
9.740313
9.790224
9.750362
9.802359
9.765657
9.819125
9.779358
9.837498
9.79591
9.854506
9.809768
9.89596
9.819432
9.907049
9.835486
9.915101
9.846713
9.924374
9.860944
9.93654
9.876319
9.955642
9.889916
9.965819
9.900126
9.979642
9.915025
9.992344
9.923481
10.00414
9.933179
10.01455
9.943155
10.02955
9.959474
10.05211
9.968795
10.07442
9.991163
10.08686
10.0049
10.10818
10.02269
10.12352
10.03691
10.13448
10.05341
10.16065
10.06862
10.17305
10.07876
10.18177
10.08867
10.1918
10.09823
10.2032
10.10493
10.21513
10.11619
10.22575
10.124
10.23925
10.13421
10.24808
10.14434
10.25894
10.15884
10.2669
10.16768
10.27534
10.18285
10.2847
10.19174
10.29532
10.20142
10.30237
10.21365
10.35604
10.22406
10.36913
10.23687
10.37409
10.24883
10.37868
10.25828
10.38508
10.26917
10.39228
10.27563
10.39851
10.28729
10.40631
10.29663
10.41246
10.30512
10.42356
10.31354
10.43354
10.32598
10.43981
10.34018
10.4462
10.34923
10.45394
10.35933
10.46027
10.37094
10.47008
10.38167
10.4784
10.39845
10.54392
10.40706
10.55051
10.41874
10.55921
10.43111
10.56848
10.43952
10.57829
10.44911
10.58892
10.4628
10.59977
10.46928
10.61125
10.48301
10.64211
10.49461
10.65155
10.50498
10.66467
10.51763
10.6732
10.526
10.68113
10.53987
10.69047
10.55337
10.70136
10.56728
10.70925
10.57843
10.72087
10.59228
10.7535
10.59776
10.76506
10.61792
10.7751
10.6273
10.784
10.64038
10.79489
10.65259
10.80117
10.66829
10.81171
10.67934
10.8196
10.69085
10.82787
10.69881
10.83551
10.70965
10.8435
10.71505
10.84989
10.72056
10.85779
10.72964
10.86358
10.73516
10.86953
10.74636
10.87897
10.75098
10.88981
10.76017
10.89913
10.76804
10.90842
10.77729
10.91343
10.78476
10.92039
10.7942
10.92671
10.80662
10.93703
10.81527
10.94266
10.82386
10.94972
10.83083
10.95609
10.84032
10.96915
10.84818
10.97627
10.85944
10.98425
10.86678
10.99788
10.88211
11.00483
10.88851
11.01781
10.8972
11.02799
10.91036
11.04247
10.92037
11.05477
10.93919
11.06138
10.94637
11.07827
10.95711
11.08766
10.96974
11.10679
10.98593
11.11989
10.99835
11.12995
11.01007
11.14114
11.02169
11.14878
11.03913
11.16519
11.04964
11.17634
11.05913
11.1889
11.08451
11.20062
11.09427
11.21402
11.10886
11.22906
11.11759
11.24271
11.1313
11.2516
11.13873
11.26184
11.15014
11.27419
11.16523
11.28123
11.17553
11.29495
11.18911
11.3051
11.20067
11.31442
11.21138
11.32241
11.21963
11.33335
11.22812
11.34359
11.2345
11.35179
11.24363
11.36045
11.25272
11.36822
11.2597
11.3775
11.27146
11.38421
11.28169
11.39898
11.29393
11.40652
11.30294
11.42359
11.31624
11.43344
11.3289
11.43975
11.33661
11.44915
11.35018
11.4582
11.35983
11.46708
11.37137
11.4764
11.38365
11.48636
11.39674
11.49841
11.40688
11.51204
11.4162
11.52018
11.42952
11.53039
11.43869
11.54172
11.45108
11.54997
11.45954
11.55869
11.47384
11.56958
11.48345
11.57975
11.4921
11.5908
11.50889
11.60245
11.52105
11.61263
11.53648
11.63767
11.5465
11.64948
11.56323
11.65857
11.57675
11.66861
11.58972
11.67833
11.59864
11.68775
11.61046
11.69875
11.62084
11.71102
11.63291
11.72498
11.64205
11.73699
11.65939
11.75236
11.66801
11.76633
11.68314
11.77844
11.69459
11.79197
11.70328
11.79828
11.71554
11.81662
11.72333
11.82304
11.73629
11.83357
11.74351
11.84874
11.75551
11.8586
11.76577
11.87026
11.77894
11.88118
11.7891
11.89084
11.79866
11.90103
11.8118
11.91107
11.82051
11.92044
11.83268
11.93513
11.84432
11.94439
11.85343
11.95608
11.86128
11.96196
11.86697
11.97135
11.874
11.97846
11.88053
11.98387
11.88517
11.98862
11.89301
11.99358
11.89749
11.99815
11.90523
12.00695
11.90972
12.01148
11.91474
12.01858
11.92265
12.02395
11.93284
12.02964
11.9427
12.04047
11.94982
12.04763
11.95615
12.05702
11.97106
12.06238
11.97972
12.07173
11.98863
12.0817
11.99882
12.0929
12.00888
12.10365
12.01773
12.11565
12.03286
12.12711
12.04336
12.13787
12.06024
12.15422
12.06976
12.16488
12.08514
12.17179
12.09551
12.18533
12.11088
12.20628
12.12646
12.23493
12.13948
12.24664
12.15674
12.25946
12.17339
12.26921
12.18886
12.28321
12.20265
12.29712
12.22035
12.30787
12.23262
12.33309
12.25029
12.34621
12.26106
12.35398
12.27523
12.36485
12.2885
12.37532
12.29786
12.38668
12.30925
12.39614
12.3179
12.41184
12.33113
12.42343
12.34312
12.43754
12.35421
12.44923
12.36807
12.47414
12.38077
12.48785
12.39662
12.50515
12.41318
12.51677
12.43019
12.53614
12.44417
12.54663
12.45891
12.56204
12.47443
12.57299
12.48842
12.58927
12.50521
12.62062
12.52161
12.63521
12.53958
12.64484
12.55137
12.65709
12.56607
12.66881
12.58086
12.68274
12.59915
12.69414
12.61186
12.71101
12.62469
12.72402
12.64008
12.74656
12.65104
12.75526
12.66379
12.76451
12.67833
12.77216
12.68802
12.78316
12.70023
12.79721
12.71214
12.8084
12.72424
12.81925
12.73504
12.83109
12.74488
12.83897
12.75275
12.88495
12.75871
12.90135
12.76704
12.91345
12.77594
12.92077
12.78274
12.93359
12.78804
12.93891
12.79745
12.94826
12.80392
12.95375
12.81411
12.95898
12.819
12.96525
12.82617
12.97153
12.83557
12.98075
12.84194
12.98969
12.85052
12.99668
12.85877
13.00362
12.86438
13.00997
12.87691
13.01784
12.88237
13.02407
12.88867
13.03051
12.90097
13.04136
12.9109
13.04635
12.91704
13.05273
12.92594
13.05971
12.93412
13.06534
12.94173
13.07248
12.94961
13.08025
12.95676
13.08707
12.96498
13.09174
12.97052
13.10113
12.98325
13.11974
12.99415
13.12896
13.00817
13.1369
13.01751
13.14845
13.02942
13.15315
13.04523
13.16429
13.05203
13.16951
13.06028
13.17797
13.06886
13.18351
13.08047
13.19144
13.08779
13.19979
13.0938
13.20892
13.1008
13.21749
13.10796
13.22664
13.11646
13.23682
13.1243
13.24824
13.13746
13.25538
13.14536
13.26535
13.1579
13.2712
13.16856
13.29036
13.17991
13.29804
13.19097
13.31068
13.20704
13.32233
13.21833
13.32962
13.22982
13.35155
13.24253
13.36306
13.24916
13.37002
13.25477
13.37501
13.26859
13.39619
13.27868
13.40644
13.28325
13.41352
13.29195
13.41805
13.29843
13.42519
13.30781
13.43061
13.31508
13.43559
13.32453
13.44057
13.32989
13.44598
13.33822
13.45806
13.34334
13.46494
13.35569
13.47708
13.36067
13.48415
13.36538
13.48986
13.37554
13.49849
13.38361
13.5056
13.39001
13.5111
13.3972
13.51605
13.40508
13.52424
13.41172
13.53262
13.42212
13.53829
13.43292
13.55397
13.44418
13.56141
13.45305
13.57212
13.46128
13.58074
13.47502
13.58795
13.48353
13.60008
13.49586
13.60646
13.50441
13.61628
13.51469
13.62547
13.52139
13.63694
13.53217
13.64654
13.53924
13.65494
13.55453
13.66196
13.56248
13.66813
13.57797
13.67372
13.5888
13.68765
13.59983
13.70008
13.6125
13.71017
13.61728
13.72099
13.62901
13.73419
13.63695
13.74201
13.64778
13.75206
13.65562
13.75969
13.66262
13.76828
13.67054
13.77666
13.67918
13.78971
13.68617
13.79681
13.69784
13.81336
13.70795
13.82339
13.74252
13.83172
13.74702
13.83907
13.75265
13.84367
13.75961
13.85004
13.76524
13.85631
13.76983
13.86173
13.77623
13.86703
13.78409
13.87313
13.78964
13.87873
13.79613
13.88377
13.80155
13.89255
13.807
13.90267
13.81395
13.90894
13.82315
13.91759
13.83034
13.92553
13.83727
13.93483
13.84893
13.94425
13.85831
13.95527
13.86549
13.96757
13.87267
13.97733
13.88052
13.98897
13.88905
14.00133
13.89704
14.00814
13.90802
14.02211
13.9218
14.03139
13.92815
14.03921
13.94435
14.05008
13.95292
14.06012
13.97076
14.07312
13.97798
14.08174
13.99035
14.09029
13.99752
14.1024
14.01307
14.11238
14.01988
14.11848
14.0285
14.12491
14.03679
14.13267
14.04842
14.14429
14.0556
14.15446
14.0655
14.16473
14.07475
14.17698
14.08841
14.18562
14.10015
14.19781
14.11475
14.20694
14.12539
14.21485
14.13661
14.22402
14.14646
14.23232
14.15658
14.24539
14.17039
14.25471
14.17624
14.26393
14.19769
14.29586
14.21186
14.32426
14.23378
14.33017
14.25077
14.35226
14.26921
14.36917
14.2842
14.38302
14.30419
14.39683
14.31713
14.40857
14.32879
14.42151
14.34945
14.43465
14.36783
14.45165
14.3895
14.46542
14.40487
14.48113
14.42047
14.4997
14.43721
14.51822
14.45102
14.53603
14.46337
14.55171
14.4709
14.56757
14.48929
14.58188
14.49954
14.59198
14.51296
14.60373
14.52367
14.61777
14.5362
14.63421
14.55166
14.64295
14.56574
14.65502
14.58373
14.67404
14.59996
14.6888
14.61626
14.70279
14.63695
14.71703
14.65468
14.73308
14.67011
14.75791
14.68463
14.77164
14.69618
14.80109
14.71064
14.80939
14.72394
14.82765
14.73666
14.83678
14.75335
14.84186
14.76477
14.85257
14.77717
14.85984
14.78572
14.86593
14.79612
14.87053
14.80231
14.87771
14.8124
14.88786
14.8231
14.89657
14.83112
14.90455
14.84522
14.91757
14.85492
14.93138
14.87114
14.95797
14.88246
14.97191
14.91049
14.99929
14.92463
15.01956
14.95139
15.03979
14.96735
15.0698
14.99496
15.09771
15.01005
15.12778
15.0277
15.13649
15.03748
15.14845
15.05068
15.15633
15.07307
15.17375
15.08414
15.18218
15.10419
15.19194
15.11943
15.20737
15.13134
15.21967
15.14648
15.23362
15.16051
15.24381
15.17447
15.25555
15.18292
15.26702
15.19254
15.27966
15.2056
15.2967
15.21343
15.31333
15.22288
15.32734
15.23677
15.34167
15.24471
15.35243
15.25515
15.36414
15.26484
15.37426
15.27787
15.38669
15.29017
15.39767
15.3022
15.41314
15.32134
15.42795
15.33281
15.44588
15.34603
15.45816
15.36077
15.47556
15.37778
15.49239
15.39264
15.51179
15.41117
15.53786
15.42766
15.55702
15.45095
15.58352
15.46871
15.5913
15.49135
15.60694
15.51361
15.62392
15.52615
15.63715
15.55179
15.68141
15.5734
15.71007
15.59495
15.73085
15.61413
15.74856
15.6268
15.76223
15.65051
15.77862
15.6628
15.79486
15.67944
15.80762
15.69031
15.8274
15.70583
15.84002
15.72224
15.86401
15.73768
15.87931
15.75889
15.88988
15.77978
15.9031
15.79247
15.91779
15.81366
15.92949
15.83635
15.93757
15.86091
15.9592
15.88021
15.98028
15.89306
16.00371
15.90908
16.02328
15.92753
16.05115
15.94158
16.06518
15.95737
16.08053
15.97267
16.09656
15.98955
16.11431
16.00204
16.13136
16.01462
16.1483
16.03441
16.16682
16.05197
16.18273
16.0721
16.19834
16.09679
16.22441
16.11889
16.2528
16.14102
16.26936
16.1587
16.28678
16.17501
16.30133
16.19287
16.31302
16.20296
16.32511
16.21731
16.33892
16.23027
16.34816
16.24262
16.36136
16.2588
16.37201
16.27061
16.38442
16.28876
16.39453
16.30463
16.43324
16.32089
16.44395
16.33828
16.46161
16.34965
16.47041
16.36379
16.48503
16.38038
16.49387
16.3915
16.51376
16.40444
16.52317
16.41592
16.53167
16.42468
16.54916
16.44078
16.5638
16.45223
16.57772
16.46242
16.59217
16.47257
16.60436
16.51063
16.61942
16.5238
16.63641
16.53407
16.64874
16.55019
16.66725
16.56478
16.68065
16.58276
16.70639
16.59965
16.72423
16.61371
16.74661
16.63355
16.76741
16.64913
16.78394
16.67077
16.80882
16.69688
16.82481
16.71307
16.8412
16.73517
16.86024
16.75075
16.87863
16.77176
16.89422
16.78718
16.91857
16.80911
16.93486
16.83214
16.94929
16.84536
16.96476
16.86011
16.97633
16.87679
16.99085
16.88708
17.00557
16.90533
17.01879
16.92733
17.03517
16.93981
17.0514
16.95146
17.06675
16.97208
17.07931
16.99428
17.0963
17.01153
17.10784
17.03378
17.12847
17.04824
17.14148
17.06191
17.15895
17.07864
17.17579
17.10074
17.1849
17.10947
17.2042
17.13218
17.23385
17.14566
17.24779
17.16773
17.26405
17.19188
17.29757
17.21437
17.3146
17.23211
17.33295
17.25196
17.36732
17.27024
17.39874
17.29217
17.41125
17.30996
17.42752
17.32797
17.44298
17.34773
17.46344
17.36827
17.47783
17.3842
17.49158
17.39699
17.50475
17.41012
17.51566
17.42154
17.52658
17.44009
17.54107
17.4562
17.553
17.46568
17.56924
17.47941
17.59634
17.49554
17.61089
17.508
17.62268
17.52078
17.63653
17.53332
17.64929
17.54875
17.66402
17.56097
17.67649
17.57246
17.69012
17.58504
17.70245
17.60653
17.71695
17.61976
17.72941
17.63785
17.74032
17.65701
17.75504
17.67575
17.7681
17.69363
17.78345
17.71947
17.79976
17.73607
17.81675
17.75442
17.83255
17.77091
17.84726
17.79055
17.90242
17.8019
17.91904
17.81788
17.9341
17.8319
17.94229
17.84736
17.96002
17.85989
17.97377
17.8761
17.98931
17.88731
18.00426
17.89985
18.0212
17.91119
18.03663
17.92251
18.04476
17.93095
18.05387
17.93737
18.06405
17.94543
18.07325
17.95255
18.0796
17.96263
18.08591
17.97248
18.10096
17.98104
18.11134
17.99068
18.12052
18.00408
18.1277
18.01145
18.14713
18.02465
18.16031
18.03502
18.16901
18.05007
18.17946
18.0599
18.19019
18.07243
18.19888
18.09018
18.20986
18.10407
18.22467
18.12097
18.23562
18.12606
18.24789
18.13706
18.26004
18.14942
18.27001
18.15872
18.27796
18.17292
18.29118
18.18562
18.30665
18.19586
18.32143
18.2075
18.34083
18.21776
18.35246
18.23219
18.37026
18.25339
18.38803
18.26565
18.40722
18.28512
18.41854
18.30109
18.43803
18.3189
18.44888
18.3398
18.4691
18.35515
18.48376
18.37217
18.49955
18.38768
18.51567
18.40302
18.53189
18.4171
18.55036
18.43777
18.56506
18.45104
18.58054
18.47375
18.5957
18.48927
18.61491
18.50988
18.64339
18.52539
18.65968
18.55162
18.67549
18.56447
18.68636
18.58182
18.70366
18.60249
18.71538
18.61157
18.72856
18.62693
18.74515
18.64021
18.75745
18.65402
18.84063
18.67142
18.84929
18.68605
18.86029
18.69472
18.87195
18.71712
18.8808
18.72794
18.89999
18.75193
18.91011
18.76885
18.92227
18.78145
18.93542
18.80237
18.94725
18.82684
18.96224
18.84083
18.97406
18.85875
18.99316
18.87654
19.00915
18.90356
19.02346
18.92474
19.04652
18.93945
19.06249
18.95952
19.08399
18.98199
19.09976
18.99905
19.11995
19.01584
19.14301
19.03716
19.17554
19.05195
19.19105
19.07266
19.20354
19.08895
19.21761
19.10751
19.2361
19.12636
19.2637
19.14931
19.28873
19.16646
19.29932
19.18574
19.31244
19.20508
19.32465
19.22401
19.33493
19.23881
19.35102
19.25567
19.36414
19.27642
19.37296
19.29045
19.39043
19.30772
19.40808
19.32035
19.41843
19.34491
19.43755
19.3645
19.45152
19.38993
19.46845
19.41022
19.48752
19.43264
19.50241
19.44666
19.58707
19.46426
19.62221
19.48345
19.6475
19.50576
19.65377
19.52393
19.6618
19.53956
19.67423
19.56313
19.68426
19.57945
19.70043
19.60021
19.76297
19.61572
19.77696
19.63252
19.7922
19.65326
19.80326
19.66965
19.82096
19.69247
19.83354
19.70957
19.872
19.73082
19.88651
19.75297
19.90111
19.77037
19.91207
19.79225
19.92448
19.80842
19.93173
19.81718
19.94544
19.83339
19.9557
19.84436
19.96941
19.85813
20.01661
19.86847
20.02985
19.88702
20.04237
19.90703
20.05907
19.92148
20.07084
19.93602
20.08635
19.9528
20.10109
19.97503
20.11193
19.98909
20.12683
20.00827
20.14232
20.0232
20.16919
20.04406
20.20893
20.06335
20.22151
20.08394
20.24176
20.09817
20.2581
20.12186
20.27659
20.13411
20.29139
20.15329
20.32218
20.16452
20.33331
20.1872
20.35382
20.20491
20.36946
20.2251
20.39118
20.25092
20.41273
20.27646
20.4312
20.29812
20.45349
20.31425
20.4736
20.32608
20.49122
20.34464
20.49995
20.35995
20.53606
20.37818
20.54405
20.39073
20.56334
20.41139
20.57855
20.43136
20.59019
20.44768
20.60262
20.46625
20.6203
20.48177
20.62988
20.49869
20.64538
20.51418
20.66013
20.52802
20.6734
20.54141
20.68966
20.56081
20.72318
20.5855
20.73564
20.60085
20.7472
20.61907
20.76405
20.63383
20.77576
20.64668
20.78905
20.66593
20.80671
20.67778
20.81678
20.69926
20.84704
20.71397
20.85894
20.73322
20.88993
20.74648
20.90833
20.76206
20.91632
20.78206
20.93169
20.79616
20.94801
20.81166
20.96659
20.83422
20.98514
20.85706
21.00274
20.87202
21.06124
20.89878
21.07586
20.91776
21.09512
20.94189
21.10681
20.95833
21.11926
20.97675
21.13487
20.99358
21.1503
21.01133
21.16199
21.02562
21.17451
21.04469
21.1878
21.05621
21.20254
21.06729
21.2135
21.08497
21.22548
21.09587
21.23933
21.11138
21.25681
21.12762
21.26825
21.14332
21.27949
21.16799
21.29193
21.18352
21.36736
21.20055
21.3791
21.21684
21.39019
21.24054
21.40262
21.25993
21.41212
21.2836
21.42469
21.29778
21.43947
21.32127
21.45338
21.33611
21.46768
21.35463
21.4824
21.37166
21.49653
21.38862
21.52648
21.40121
21.55535
21.41972
21.56966
21.4353
21.58429
21.45308
21.60041
21.46714
21.61885
21.48319
21.62988
21.49939
21.6577
21.50962
21.67001
21.5241
21.68324
21.53817
21.69652
21.5545
21.70982
21.5753
21.72539
21.59117
21.74024
21.60949
21.75926
21.62487
21.77448
21.64189
21.79476
21.65582
21.82428
21.67129
21.84051
21.68674
21.85271
21.69929
21.86078
21.71701
21.8725
21.73022
21.88114
21.74567
21.89272
21.76349
21.90297
21.77727
21.91248
21.79081
21.92331
21.80568
21.93053
21.82721
21.95319
21.84425
21.96577
21.86678
22.02595
21.88755
22.0426
21.90536
22.05056
21.92313
22.05994
21.93841
22.09004
21.95615
22.10601
21.97167
22.12949
21.99086
22.15567
22.00277
22.16873
22.02125
22.17667
22.03441
22.18915
22.05431
22.20548
22.07136
22.22741
22.08746
22.23821
22.09937
22.24769
22.12154
22.25728
22.13349
22.27189
22.15684
22.28137
22.16857
22.29066
22.19073
22.29867
22.20325
22.31061
22.23005
22.32239
22.24183
22.38103
22.26114
22.39737
22.28749
22.41202
22.30977
22.42461
22.33519
22.4548
22.35165
22.51714
22.37537
22.52582
22.38797
22.53593
22.40587
22.56091
22.42255
22.56902
22.43644
22.58434
22.45434
22.59827
22.47221
22.6093
22.49329
22.62021
22.52222
22.6291
22.53746
22.64303
22.55738
22.65768
22.56758
22.66879
22.57564
22.68363
22.59189
22.71259
22.60442
22.73647
22.61547
22.755
22.63102
22.77376
22.64364
22.78411
22.6639
22.80036
22.68168
22.809
22.69728
22.8213
22.71437
22.84268
22.73286
22.88171
22.74436
22.89899
22.75767
22.90897
22.77363
22.9199
22.78912
22.92569
22.8061
22.9374
22.81625
22.94689
22.83247
22.95623
22.84338
22.96267
22.85711
22.96826
22.86785
22.9798
22.87431
22.98776
22.88525
22.99714
22.89601
23.00727
22.90395
23.01741
22.91332
23.02833
22.91906
23.03305
22.92998
23.04235
22.94012
23.04778
22.95629
23.05323
22.96652
23.06111
22.97748
23.0713
22.98771
23.07775
23.00107
23.08426
23.01877
23.13517
23.02985
23.14688
23.04312
23.1549
23.05793
23.16353
23.07469
23.17455
23.08492
23.18172
23.09492
23.19103
23.10493
23.20922
23.11818
23.24553
23.13075
23.25185
23.14549
23.26407
23.15801
23.298
23.17132
23.32099
23.18455
23.33345
23.19489
23.34065
23.21195
23.35311
23.22523
23.36345
23.23902
23.37568
23.25077
23.38145
23.26255
23.38933
23.27285
23.39578
23.28819
23.4038
23.30224
23.41964
23.31525
23.44947
23.32997
23.45974
23.34248
23.46544
23.354
23.47566
23.36285
23.48045
23.37612
23.49786
23.3893
23.52185
23.39736
23.53071
23.41511
23.53953
23.42856
23.55187
23.4548
23.56153
23.47116
23.5725
23.4882
23.6226
23.50442
23.63573
23.51993
23.65163
23.53329
23.66162
23.54869
23.67012
23.56421
23.6798
23.57511
23.68657
23.58763
23.6957
23.59991
23.70579
23.61307
23.71496
23.6226
23.72144
23.63517
23.7329
23.64835
23.74625
23.66229
23.75739
23.67101
23.7671
23.68487
23.77964
23.69813
23.78617
23.70831
23.80735
23.71997
23.81977
23.73174
23.84564
23.74181
23.85447
23.75192
23.86711
23.7637
23.8767
23.77252
23.8849
23.78729
23.8997
23.80141
23.9166
23.81765
23.92689
23.83019
23.94004
23.8435
23.94969
23.85755
23.9614
23.873
23.97022
23.88247
23.97599
23.89944
23.98185
23.90599
23.9963
23.91842
24.00446
23.92422
24.01551
23.93674
24.03162
23.94701
24.05874
23.958
24.07186
23.97349
24.08368
23.98384
24.09156
23.99991
24.1004
24.00846
24.10912
24.018
24.11706
24.03195
24.12741
24.04212
24.13768
24.05305
24.14478
24.061
24.15117
24.07187
24.15906
24.08417
24.1648
24.09355
24.17342
24.10004
24.18116
24.10637
24.18761
24.11422
24.19396
24.11924
24.19968
24.12592
24.20676
24.13094
24.21188
24.13578
24.21904
24.14214
24.22415
24.14712
24.22921
24.15167
24.23386
24.15802
24.23848
24.16268
24.24487
24.16851
24.25117
24.17561
24.25584
24.18062
24.26056
24.18569
24.26569
24.19582
24.27134
24.20138
24.27935
24.20802
24.28453
24.21698
24.29174
24.2279
24.30056
24.23781
24.30926
24.25244
24.31969
24.25958
24.3346
24.27577
24.34623
24.28445
24.3566
24.29685
24.36591
24.30846
24.37611
24.31415
24.382
24.32349
24.3916
24.32811
24.39957
24.33461
24.40542
24.34398
24.41571
24.34951
24.42536
24.35514
24.43937
24.36086
24.45177
24.3733
24.45703
24.38192
24.46793
24.38661
24.47595
24.39523
24.48399
24.40034
24.49202
24.40735
24.49718
24.41435
24.51634
24.42447
24.52289
24.4309
24.52917
24.43724
24.53712
24.44588
24.54225
24.45232
24.54718
24.46167
24.55285
24.4712
24.55847
24.48219
24.5632
24.48782
24.5683
24.49493
24.57344
24.49947
24.57922
24.50738
24.58645
24.51527
24.59602
24.52164
24.60255
24.53167
24.609
24.54028
24.61416
24.54818
24.619
24.55518
24.62855
24.5624
24.63435
24.56944
24.64075
24.57506
24.6455
24.58067
24.6559
24.58529
24.66546
24.59253
24.67422
24.60483
24.68303
24.60985
24.6903
24.61489
24.69608
24.6213
24.70245
24.62766
24.7076
24.63227
24.7127
24.6377
24.71753
24.64233
24.72696
24.64809
24.73494
24.65369
24.73967
24.65826
24.74479
24.66542
24.74944
24.67169
24.75524
24.67735
24.76166
24.68377
24.76751
24.69091
24.77698
24.69657
24.78172
24.70121
24.78747
24.70764
24.79561
24.71555
24.8005
24.72196
24.80858
24.72831
24.81347
24.73303
24.82009
24.74341
24.82502
24.75139
24.83162
24.76241
24.84037
24.77186
24.84917
24.78079
24.86172
24.8001
24.88579
24.80838
24.90293
24.81947
24.91326
24.82768
24.9205
24.83671
24.92635
24.84899
24.93579
24.86298
24.94173
24.87884
24.95418
24.88655
24.96678
24.89878
24.98686
24.90894
24.9936
24.92234
25.01209
24.93734
25.07363
24.94765
25.08014
24.96182
25.09035
24.9782
25.09703
24.9899
25.10656
25.00397
25.11398
25.01433
25.12119
25.03494
25.13014
25.05192
25.13759
25.06831
25.14641
25.0846
25.16126
25.09773
25.17655
25.10878
25.18545
25.12129
25.1987
25.13158
25.20766
25.14116
25.21722
25.15521
25.22265
25.16781
25.23211
25.18112
25.26486
25.19426
25.27966
25.20534
25.32015
25.21413
25.33688
25.2258
25.34416
25.24128
25.35996
25.24936
25.36643
25.26415
25.37276
25.27725
25.37991
25.2836
25.38504
25.29379
25.39074
25.30254
25.39715
25.31344
25.40363
25.32063
25.40829
25.32939
25.41479
25.34405
25.4244
25.35269
25.4309
25.35842
25.43671
25.36934
25.45166
25.3751
25.4588
25.38734
25.4668
25.39381
25.47252
25.40241
25.47986
25.40749
25.48473
25.41551
25.4929
25.42792
25.50247
25.43513
25.50731
25.43977
25.51446
25.44622
25.51968
25.45621
25.52702
25.46344
25.53291
25.47065
25.54247
25.48152
25.54903
25.48707
25.55428
25.49272
25.56299
25.4983
25.56881
25.50282
25.57617
25.50751
25.58569
25.51253
25.59155
25.51811
25.598
25.5253
25.60587
25.53474
25.61067
25.54195
25.61803
25.55279
25.62458
25.55838
25.63108
25.56418
25.63843
25.57562
25.64559
25.58078
25.65089
25.59114
25.66115
25.59839
25.66854
25.60707
25.6759
25.61571
25.68113
25.62588
25.68597
25.63249
25.69313
25.64625
25.70035
25.6543
25.70605
25.66688
25.71197
25.68002
25.71865
25.69038
25.72509
25.70673
25.73045
25.7223
25.74014
25.73641
25.78617
25.74906
25.84877
25.7661
25.85456
25.77353
25.86002
25.78898
25.86676
25.79859
25.87273
25.80817
25.87771
25.81839
25.88523
25.82937
25.89422
25.84194
25.90008
25.85429
25.91705
25.8646
25.9278
25.87269
25.93371
25.88374
25.94446
25.89331
25.9686
25.90442
25.99533
25.9147
26.00554
25.92352
26.01367
25.93377
26.02034
25.94252
26.02524
25.9498
26.03118
25.95857
26.04002
25.96724
26.04534
25.97815
26.05321
25.98682
26.05987
25.99479
26.06703
26.00287
26.07229
26.01454
26.07964
26.02174
26.08621
26.02906
26.09227
26.03938
26.10377
26.04825
26.10906
26.0635
26.11786
26.06899
26.12885
26.08212
26.13408
26.09381
26.13998
26.10414
26.14651
26.11368
26.15182
26.12319
26.15781
26.13289
26.16456
26.14759
26.18012
26.15943
26.22329
26.17261
26.28346
26.18371
26.29021
26.20091
26.29847
26.21426
26.30357
26.22393
26.31056
26.23577
26.31884
26.25049
26.32587
26.26015
26.33502
26.27275
26.34111
26.28164
26.34945
26.29195
26.36503
26.30908
26.4065
26.32025
26.42789
26.33492
26.43339
26.3446
26.4389
26.35711
26.45048
26.37351
26.45543
26.38659
26.46037
26.39621
26.46534
26.40431
26.47206
26.41298
26.47744
26.42634
26.48232
26.43674
26.4922
26.44795
26.49708
26.46366
26.51541
26.47764
26.52722
26.48811
26.56599
26.50285
26.61992
26.5124
26.62648
26.52728
26.63249
26.53984
26.63979
26.55469
26.64802
26.56339
26.65452
26.56925
26.65934
26.57724
26.66529
26.58831
26.67065
26.59644
26.67731
26.60647
26.68214
26.61524
26.68704
26.62552
26.69238
26.63139
26.69728
26.64452
26.7021
26.65103
26.71205
26.66144
26.71698
26.67413
26.72793
26.6868
26.73285
26.69714
26.74262
26.70366
26.74858
26.71329
26.75831
26.7212
26.76326
26.73013
26.78204
26.73607
26.79712
26.74551
26.8184
26.75143
26.82825
26.75898
26.83867
26.77449
26.85556
26.77988
26.86239
26.79019
26.86986
26.80271
26.8782
26.81319
26.88433
26.82668
26.90688
26.83839
26.95839
26.84575
26.96339
26.85542
26.96883
26.8629
26.97429
26.87711
26.97968
26.88984
26.98474
26.90163
26.99024
26.90699
26.9963
26.91502
27.00133
26.92547
27.01298
26.93364
27.01847
26.94116
27.0236
26.95082
27.02912
26.95569
27.03735
26.96072
27.04343
26.97323
27.06201
26.98
27.06748
26.98805
27.08085
26.99406
27.09134
27.00373
27.10825
27.00909
27.11319
27.01649
27.12363
27.02455
27.134
27.03193
27.13905
27.04088
27.14447
27.04833
27.14947
27.05434
27.15441
27.06333
27.15929
27.07005
27.16422
27.07829
27.16922
27.08802
27.1743
27.09525
27.18409
27.10099
27.19145
27.10832
27.1968
27.11719
27.20163
27.12212
27.20651
27.13021
27.21152
27.13916
27.21811
27.1488
27.22306
27.15474
27.22798
27.1614
27.23295
27.17188
27.23783
27.17989
27.24268
27.18581
27.24772
27.1932
27.25599
27.20047
27.26094
27.20718
27.26594
27.21606
27.27096
27.22576
27.27768
27.234
27.33173
27.24147
27.34264
27.24873
27.36249
27.25388
27.36744
27.2659
27.37225
27.27098
27.37715
27.27829
27.382
27.28427
27.38688
27.29096
27.39182
27.29785
27.3971
27.30449
27.40196
27.30953
27.40681
27.31538
27.41166
27.32221
27.4173
27.32819
27.42267
27.33395
27.428
27.33885
27.4333
27.34427
27.4381
27.34941
27.44299
27.35771
27.44881
27.36618
27.45364
27.37284
27.45856
27.37896
27.46352
27.38403
27.46838
27.3896
27.47375
27.3952
27.47867
27.40211
27.48368
27.41017
27.48906
27.41763
27.49398
27.42595
27.49891
27.4365
27.50394
27.44468
27.50887
27.45217
27.51391
27.46014
27.55977
27.46556
27.57114
27.4715
27.57619
27.47683
27.58162
27.4895
27.58669
27.49633
27.59202
27.50581
27.59746
27.51247
27.60241
27.51991
27.60783
27.52734
27.61276
27.53464
27.61777
27.54276
27.62289
27.54767
27.6283
27.5543
27.63333
27.56019
27.63831
27.56744
27.64334
27.57559
27.6484
27.58231
27.6543
27.59023
27.66043
27.59631
27.66723
27.60662
27.67221
27.61486
27.6823
27.62161
27.69232
27.63055
27.73111
27.63793
27.74173
27.64399
27.74672
27.65352
27.7518
27.66029
27.75687
27.6669
27.76238
27.67438
27.76844
27.68089
27.77347
27.68834
27.77848
27.69371
27.78458
27.70047
27.79144
27.70582
27.79737
27.71176
27.80243
27.7166
27.80784
27.72153
27.81288
27.7269
27.81795
27.73443
27.82557
27.74261
27.83286
27.75011
27.83953
27.7583
27.84456
27.76655
27.85061
27.77544
27.85668
27.7804
27.86209
27.79076
27.86709
27.79571
27.87214
27.8016
27.87711
27.80647
27.8821
27.81171
27.88756
27.81647
27.89258
27.82132
27.89758
27.8262
27.90263
27.83577
27.90816
27.84151
27.9142
27.84629
27.9193
27.85114
27.92941
27.85851
27.93443
27.86504
27.93953
27.86999
27.94464
27.87722
27.94964
27.88389
27.95477
27.8905
27.95986
27.89541
27.96497
27.90361
27.97001
27.91183
27.97553
27.91926
27.98063
27.92459
27.99319
27.93112
28.00847
27.9407
28.01457
27.94878
28.01957
27.95774
28.02469
27.96282
28.04526
27.97181
28.05549
27.97717
28.07185
27.98388
28.07942
27.98884
28.08454
27.99562
28.09066
28.00093
28.09574
28.00608
28.10082
28.01267
28.10584
28.01799
28.11242
28.02758
28.11741
28.03341
28.12402
28.04281
28.12907
28.04842
28.13408
28.0549
28.13914
28.06122
28.14458
28.0709
28.14954
28.0773
28.15459
28.08188
28.16071
28.08652
28.16572
28.09296
28.17401
28.09751
28.17898
28.10223
28.18401
28.1087
28.18913
28.11341
28.1942
28.11905
28.1993
28.12429
28.20479
28.13454
28.20992
28.13922
28.21742
28.14474
28.22302
28.15185
28.22852
28.15655
28.23365
28.16135
28.23914
28.1673
28.24426
28.17313
28.24929
28.17841
28.25439
28.18377
28.2596
28.19273
28.26946
28.20096
28.27456
28.20748
28.2796
28.21481
28.28512
28.22026
28.29029
28.22992
28.30084
28.23536
28.31105
28.24437
28.33634
28.25403
28.34662
28.25949
28.35218
28.26496
28.36246
28.27041
28.37314
28.27587
28.37819
28.28134
28.38337
28.28887
28.38851
28.29395
28.39362
28.30082
28.39875
28.30694
28.40383
28.31599
28.40895
28.32145
28.41399
28.32694
28.41912
28.33447
28.42938
28.3395
28.43445
28.34495
28.4395
28.35039
28.45158
28.35632
28.45672
28.36243
28.46176
28.3679
28.46687
28.37335
28.47198
28.37929
28.47752
28.38521
28.48264
28.39349
28.49277
28.39861
28.50285
28.4084
28.50797
28.41432
28.51305
28.42111
28.51814
28.42653
28.52328
28.43206
28.52839
28.44246
28.53344
28.45001
28.53844
28.45975
28.54354
28.47107
28.54902
28.47998
28.55404
28.48494
28.55916
28.48982
28.56419
28.49477
28.56918
28.50002
28.57426
28.50504
28.57932
28.51325
28.58952
28.51821
28.59456
28.52322
28.60521
28.53222
28.62078
28.53716
28.6259
28.54666
28.63095
28.5546
28.64108
28.5613
28.64618
28.56624
28.65284
28.57158
28.65807
28.57655
28.66324
28.58255
28.66843
28.58854
28.674
28.59348
28.68419
28.59842
28.69458
28.60342
28.69974
28.61015
28.70494
28.61516
28.71055
28.62013
28.72119
28.62513
28.72627
28.63061
28.73143
28.63651
28.73659
28.64393
28.74174
28.64998
28.74681
28.65541
28.75195
28.66145
28.75719
28.66758
28.76273
28.67427
28.7678
28.68085
28.77296
28.68585
28.77852
28.69126
28.78367
28.6963
28.78878
28.70172
28.79384
28.70761
28.79891
28.71285
28.804
28.7178
28.80908
28.72536
28.81411
28.73371
28.8191
28.74112
28.8242
28.74867
28.8293
28.75825
28.83433
28.76371
28.83941
28.76912
28.8445
28.77662
28.84957
28.7816
28.8546
28.78656
28.85969
28.79194
28.86469
28.79703
28.86985
28.80247
28.87495
28.81
28.87999
28.81676
28.88509
28.82282
28.89534
28.83039
28.90048
28.83701
28.92458
28.84245
28.94082
28.85077
28.94588
28.8598
28.951
28.8659
28.9585
28.87267
28.96366
28.87812
28.96987
28.88493
28.97738
28.89233
28.98242
28.89733
28.98747
28.9056
28.99254
28.91222
28.99808
28.91876
29.00308
28.9248
29.00819
28.93151
29.01327
28.9369
29.01838
28.94288
29.02428
28.95111
29.02945
28.95636
29.03559
28.96388
29.04113
28.96971
29.04625
28.97573
29.05131
28.98394
29.0567
28.99067
29.06184
28.99611
29.06691
29.0027
29.07204
29.00807
29.0771
29.01403
29.08224
29.01924
29.10496
29.02567
29.11112
29.03237
29.11615
29.0377
29.12127
29.0436
29.12638
29.04881
29.13154
29.05533
29.13768
29.06203
29.14275
29.06743
29.14825
29.07489
29.1534
29.08086
29.15852
29.08758
29.16366
29.09291
29.16878
29.09964
29.17387
29.10455
29.18078
29.10971
29.18753
29.11503
29.19268
29.11995
29.19768
29.12653
29.20277
29.13142
29.20785
29.13631
29.21292
29.14113
29.21805
29.14601
29.22314
29.15093
29.22817
29.15688
29.23329
29.16289
29.23845
29.16879
29.244
29.17366
29.25014
29.1786
29.25529
29.18441
29.26038
29.19034
29.26554
29.19571
29.27069
29.20161
29.27586
29.20654
29.28098
29.21233
29.28617
29.21894
29.29129
29.2255
29.29645
29.23272
29.30151
29.23868
29.3067
29.24602
29.31227
29.25244
29.3174
29.25772
29.32761
29.26307
29.33316
29.26794
29.34853
29.27461
29.35929
29.28202
29.36435
29.29013
29.36944
29.29542
29.37457
29.30024
29.38476
29.30598
29.38987
29.31544
29.39497
29.32028
29.40013
29.325
29.40567
29.32995
29.41069
29.33726
29.41583
29.34457
29.42088
29.35043
29.42586
29.35549
29.43099
29.3606
29.43649
29.36714
29.44159
29.37224
29.44666
29.37781
29.45263
29.3826
29.45783
29.38749
29.46541
29.39554
29.47046
29.40038
29.47555
29.4056
29.48057
29.41037
29.48593
29.41519
29.49106
29.41991
29.49607
29.42482
29.50123
29.43218
29.50632
29.43881
29.51147
29.44689
29.51655
29.45175
29.52423
29.45761
29.52927
29.46429
29.53434
29.47017
29.53941
29.47748
29.54451
29.48234
29.55591
29.48725
29.56774
29.49682
29.57295
29.50562
29.58042
29.51043
29.58552
29.51523
29.59313
29.52006
29.59829
29.52491
29.60342
29.53227
29.60855
29.5372
29.6137
29.54377
29.62045
29.54903
29.62555
29.55626
29.63064
29.56153
29.63574
29.5689
29.64413
29.57549
29.65029
29.58203
29.65588
29.58725
29.66103
29.59307
29.66711
29.59793
29.67221
29.6053
29.67727
29.61411
29.68265
29.61901
29.68777
29.62467
29.69398
29.6328
29.69936
29.63936
29.70448
29.64408
29.70959
29.64932
29.71462
29.65586
29.71966
29.66169
29.72481
29.66755
29.72994
29.67276
29.73508
29.67751
29.74063
29.68231
29.74572
29.68699
29.75084
29.69174
29.75596
29.6966
29.76212
29.70133
29.76816
29.70654
29.77838
29.71135
29.78349
29.71614
29.78861
29.72094
29.79474
29.72572
29.79983
29.73064
29.80494
29.73862
29.81005
29.74343
29.81608
29.74867
29.82113
29.7545
29.82617
29.75971
29.8336
29.76454
29.83866
29.76939
29.84413
29.77664
29.84959
29.78191
29.85461
29.78996
29.86464
29.7947
29.86969
29.80062
29.87475
29.80782
29.88588
29.81368
29.89096
29.82176
29.90102
29.83058
29.90607
29.83546
29.91113
29.8403
29.91616
29.84828
29.9263
29.85308
29.93139
29.85829
29.93642
29.86319
29.9425
29.87053
29.94748
29.87578
29.95246
29.88164
29.95762
29.88752
29.96315
29.89568
29.96997
29.90095
29.98097
29.90827
29.98609
29.9141
29.99163
29.91887
29.99718
29.92376
30.00403
29.92961
30.00905
29.93589
30.01407
29.94066
30.0191
29.9454
30.02422
29.95018
30.02934
29.95597
30.03444
29.96184
30.03945
29.96842
30.04445
29.97348
30.04958
29.97878
30.05513
29.98763
30.06032
29.99348
30.0694
29.99873
30.07453
30.00356
30.08064
30.00839
30.08567
30.01493
30.09078
30.02213
30.0959
30.02697
30.10142
30.03269
30.10752
30.0375
30.11264
30.04411
30.1187
30.04935
30.1256
30.05419
30.1311
30.06073
30.1362
30.06662
30.14119
30.07316
30.14622
30.08125
30.15169
30.08604
30.15687
30.091
30.16198
30.10169
30.16751
30.10812
30.17947
30.1155
30.18447
30.12203
30.18962
30.1269
30.19867
30.13427
30.20465
30.13913
30.21017
30.14641
30.21569
30.15285
30.2212
30.16021
30.22679
30.16973
30.23293
30.17451
30.2398
30.17948
30.24662
30.18757
30.25169
30.1933
30.26007
30.19857
30.26617
30.20383
30.27126
30.21045
30.27637
30.21706
30.28649
30.22375
30.3005
30.23336
30.3056
30.2382
30.31065
30.24396
30.31568
30.24979
30.32081
30.25455
30.32591
30.26042
30.331
30.26702
30.33871
30.27182
30.3456
30.27676
30.35073
30.28555
30.35588
30.29049
30.36107
30.29808
30.36849
30.30474
30.37364
30.3096
30.3798
30.31453
30.38593
30.31964
30.39109
30.33092
30.39727
30.33632
30.40487
30.34167
30.41002
30.34656
30.41558
30.35185
30.42249
30.35778
30.42763
30.36289
30.43267
30.369
30.4378
30.37579
30.44296
30.3807
30.448
30.38573
30.4531
30.39175
30.45874
30.39686
30.46433
30.40211
30.46996
30.40716
30.47521
30.4126
30.48048
30.41761
30.48612
30.42271
30.4913
30.42906
30.49657
30.43764
30.5037
30.44603
30.50996
30.45134
30.51522
30.45884
30.52236
30.46398
30.52813
30.47069
30.53448
30.47737
30.54152
30.48228
30.54672
30.48898
30.55243
30.49628
30.55809
30.50369
30.56339
30.50858
30.56913
30.51453
30.5749
30.52182
30.58127
30.52705
30.58741
30.53197
30.59257
30.53693
30.59774
30.54177
30.60311
30.54668
30.60884
30.5516
30.61421
30.55976
30.62059
30.5657
30.62632
30.57059
30.63178
30.57648
30.63876
30.58216
30.64412
30.58705
30.6499
30.59297
30.65535
30.59868
30.66123
30.604
30.66739
30.60991
30.67309
30.6148
30.67846
30.61971
30.68356
30.62569
30.68964
30.63388
30.6948
30.63921
30.70015
30.64453
30.70521
30.64984
30.71083
30.65522
30.71597
30.66344
30.72154
30.66936
30.72712
30.67471
30.73232
30.68133
30.73835
30.6872
30.7435
30.69302
30.74856
30.69893
30.75371
30.70696
30.75898
30.71367
30.76738
30.71946
30.7725
30.72459
30.77758
30.7296
30.78269
30.73555
30.78784
30.74054
30.79288
30.75091
30.79806
30.75689
30.80362
30.76364
30.80875
30.76856
30.81392
30.77344
30.82008
30.77828
30.82628
30.78317
30.83138
30.78805
30.83656
30.79338
30.84274
30.79879
30.848
30.8062
30.85649
30.81115
30.86205
30.816
30.86724
30.82096
30.87343
30.82769
30.87899
30.83361
30.88416
30.83898
30.89182
30.84495
30.89687
30.85028
30.90197
30.85518
30.90714
30.86273
30.91252
30.86945
30.91806
30.87515
30.92329
30.88011
30.93022
30.88674
30.93636
30.89349
30.94145
30.90246
30.94653
30.90834
30.95166
30.91501
30.95722
30.92031
30.96232
30.92567
30.96742
30.93235
30.97294
30.93725
30.97847
30.94258
30.98396
30.94908
30.98904
30.95396
30.99461
30.95885
31.00069
30.96468
31.00579
30.9706
31.01191
30.97557
31.01695
30.98581
31.02211
30.99066
31.02714
30.99561
31.03227
31.00051
31.03777
31.01011
31.04289
31.01548
31.04802
31.02366
31.0531
31.03191
31.0583
31.03857
31.06381
31.04343
31.06889
31.04932
31.08345
31.05673
31.09479
31.06157
31.09984
31.06648
31.10492
31.07184
31.11048
31.07856
31.11563
31.08591
31.12078
31.09175
31.12639
31.09669
31.13144
31.10264
31.13651
31.10799
31.14162
31.11295
31.1472
31.11883
31.15274
31.12368
31.15787
31.12863
31.16345
31.13405
31.16897
31.13945
31.17413
31.1454
31.17926
31.15078
31.1844
31.1567
31.1896
31.16271
31.19464
31.16766
31.19977
31.17266
31.20492
31.17937
31.20996
31.18435
31.2151
31.19031
31.22063
31.1953
31.22571
31.20131
31.23083
31.20628
31.23602
31.21166
31.24221
31.21763
31.24735
31.22254
31.25257
31.22927
31.26081
31.23467
31.26586
31.24344
31.27102
31.24943
31.27606
31.25533
31.28124
31.26135
31.28681
31.26888
31.30422
31.27568
31.31492
31.28467
31.32108
31.29059
31.32624
31.29668
31.33129
31.30263
31.33638
31.3087
31.34193
31.3177
31.34704
31.32374
31.35371
31.33045
31.36069
31.33534
31.3658
31.34031
31.37189
31.34529
31.37704
31.35068
31.38213
31.35555
31.38827
31.36054
31.39392
31.36602
31.40012
31.3714
31.41142
31.37634
31.41654
31.38307
31.42163
31.38798
31.42934
31.39397
31.43442
31.39998
31.44056
31.40533
31.44571
31.41032
31.45123
31.41528
31.45636
31.42074
31.46142
31.43127
31.46827
31.438
31.47341
31.44399
31.47895
31.44995
31.48398
31.45531
31.4892
31.46066
31.49535
31.46569
31.50085
31.47309
31.50595
31.47844
31.51097
31.48376
31.51606
31.48872
31.52115
31.49517
31.52623
31.50009
31.53132
31.50542
31.53633
31.5103
31.54182
31.51754
31.54696
31.52287
31.55538
31.52815
31.56083
31.53302
31.56592
31.53898
31.57099
31.54561
31.57606
31.55066
31.58149
31.55875
31.58653
31.56411
31.59197
31.56903
31.59703
31.57563
31.6046
31.58045
31.61003
31.58614
31.61499
31.59147
31.62004
31.59806
31.6251
31.60393
31.63016
31.60923
31.63619
31.61413
31.64122
31.62012
31.64729
31.6281
31.6528
31.63485
31.66041
31.64134
31.6673
31.64669
31.67632
31.65557
31.68128
31.66045
31.68634
31.66539
31.69244
31.67072
31.69749
31.67664
31.70357
31.68249
31.71023
31.68897
31.71705
31.69383
31.72305
31.69862
31.72972
31.70348
31.73576
31.7086
31.74077
31.71386
31.7458
31.71914
31.75081
31.72429
31.75592
31.73088
31.76191
31.73677
31.76795
31.74205
31.77289
31.74692
31.77831
31.75219
31.7834
31.75721
31.79241
31.76528
31.79782
31.77015
31.80277
31.77507
31.80783
31.78097
31.8154
31.78605
31.82126
31.79141
31.82943
31.79806
31.83441
31.8054
31.84044
31.81032
31.84539
31.81774
31.85037
31.82296
31.85649
31.83237
31.86255
31.83831
31.86762
31.84363
31.87366
31.84933
31.87877
31.85528
31.88703
31.86183
31.892
31.86679
31.89702
31.87171
31.90199
31.87703
31.90709
31.88236
31.91385
31.88731
31.9189
31.89471
31.92651
31.8997
31.93156
31.90641
31.93914
31.91178
31.94503
31.9176
31.95052
31.92351
31.95569
31.92838
31.96076
31.93377
31.9659
31.93911
31.97407
31.945
31.97916
31.94992
31.98417
31.95529
31.98925
31.96196
31.99443
31.968
31.99955
31.97396
32.00647
31.97933
32.0156
31.98527
32.02171
31.9913
32.02684
31.99802
32.03196
32.00541
32.0375
32.01128
32.04588
32.01624
32.05345
32.02115
32.05846
32.02799
32.06353
32.03695
32.06858
32.04196
32.0737
32.0495
32.07869
32.05546
32.08374
32.06232
32.08994
32.06913
32.09494
32.07518
32.10002
32.08113
32.10555
32.08608
32.11068
32.09114
32.11584
32.09799
32.12097
32.10345
32.12612
32.11015
32.13121
32.11698
32.13676
32.12379
32.14186
32.13055
32.14744
32.13599
32.15308
32.14144
32.16083
32.14745
32.16699
32.15247
32.17214
32.15925
32.17733
32.16598
32.18246
32.17256
32.18752
32.17761
32.19258
32.18265
32.19774
32.1876
32.20387
32.19269
32.20897
32.19775
32.21409
32.20281
32.21924
32.20779
32.22439
32.2129
32.23
32.22047
32.23621
32.22553
32.24136
32.23059
32.24651
32.23608
32.25164
32.2411
32.25683
32.24618
32.262
32.25303
32.26719
32.25822
32.27275
32.2638
32.27795
32.26966
32.28354
32.27469
32.28917
32.28057
32.2944
32.28563
32.3028
32.29078
32.30799
32.29769
32.31495
32.30367
32.32012
32.312
32.3253
32.31712
32.33041
32.32264
32.33554
32.32814
32.34118
32.33326
32.34679
32.33838
32.35197
32.34346
32.35719
32.34895
32.3634
32.35403
32.3685
32.35916
32.37368
32.36674
32.37886
32.37181
32.38405
32.37688
32.3893
32.38189
32.39447
32.38694
32.40002
32.39198
32.40517
32.39872
32.41033
32.4038
32.41547
32.40916
32.42098
32.41528
32.42614
32.4221
32.43111
32.4282
32.43618
32.43367
32.44117
32.43872
32.4461
32.44414
32.45211
32.44958
32.45883
32.45777
32.46376
32.46279
32.46908
32.47247
32.47407
32.48199
32.48227
32.49314
32.48762
32.50051
32.49249
32.50711
32.49746
32.51199
32.50246
32.51789
32.50748
32.52274
32.51287
32.52758
32.5179
32.5325
32.52298
32.53745
32.52795
32.5424
32.53301
32.54726
32.53807
32.5522
32.54304
32.55707
32.5481
32.56209
32.55315
32.56696
32.55828
32.57188
32.56337
32.57684
32.56843
32.58182
32.57349
32.58673
32.57852
32.59163
32.58364
32.59671
32.58883
32.60268
32.59397
32.6077
32.59903
32.61275
32.60415
32.61779
32.60932
32.62277
32.61438
32.62787
32.61957
32.63547
32.62479
32.64055
32.62991
32.64558
32.63501
32.65057
32.64008
32.65549
32.64513
32.67052
32.65025
32.67554
32.65535
32.68094
32.66045
32.68597
32.6656
32.69099
32.67073
32.69601
32.67591
32.70096
32.68105
32.70597
32.68627
32.71104
32.69152
32.7162
32.69671
32.72124
32.70189
32.7264
32.70712
32.73161
32.71237
32.73674
32.71758
32.74196
32.72288
32.74712
32.72819
32.75229
32.73352
32.7575
32.73874
32.76276
32.7441
32.76787
32.74934
32.77308
32.75465
32.77824
32.76006
32.78336
32.76542
32.78851
32.77076
32.79371
32.77615
32.79885
32.78147
32.804
32.78684
32.80917
32.79229
32.81429
32.79768
32.81944
32.80305
32.82457
32.80844
32.82981
32.81387
32.83492
32.81929
32.84005
32.82476
32.8452
32.83018
32.85036
32.83555
32.85551
32.84093
32.86068
32.84619
32.86594
32.85162
32.87114
32.85716
32.87642
32.86271
32.88177
32.86833
32.88713
32.87397
32.89259
32.87957
32.89801
32.88521
32.90336
32.89093
32.90881
32.8965
32.91431
32.90209
32.91963
32.90778
32.92504
32.91343
32.93063
32.91905
32.93602
32.92468
32.94137
32.93036
32.94689
32.93589
32.95232
32.94148
32.96324
32.94711
32.96866
32.95273
32.97412
32.95847
32.9795
32.96399
32.98492
32.96967
32.99034
32.97546
32.99579
32.98118
33.00134
32.987
33.00673
32.99293
33.01224
32.99876
33.01764
33.00467
33.02301
33.01057
33.02853
33.01628
33.03415
33.02216
33.03973
33.02797
33.04528
33.03379
33.0509
33.0396
33.05631
33.04531
33.06188
33.05106
33.06752
33.05696
33.07338
33.0626
33.07891
33.06843
33.08438
33.07405
33.09003
33.07984
33.09566
33.08607
33.10108
33.092
33.11226
33.09777
33.11787
33.10349
33.12326
33.10925
33.12886
33.11502
33.13448
33.12099
33.13988
33.12695
33.14535
33.13279
33.15104
33.13865
33.15662
33.14482
33.16223
33.15099
33.16799
33.15724
33.17356
33.16327
33.18485
33.16914
33.19042
33.1751
33.19617
33.18104
33.20168
33.18689
33.20736
33.19302
33.21315
33.19875
33.21878
33.20467
33.22435
33.21073
33.23027
33.21645
33.23581
33.22273
33.24166
33.22853
33.24731
33.23497
33.25312
33.24099
33.25873
33.24709
33.26445
33.25312
33.27043
33.25948
33.27592
33.26541
33.28188
33.27145
33.28752
33.27738
33.29355
33.28349
33.29937
33.28953
33.30528
33.29542
33.31096
33.30114
33.31667
33.3072
33.32251
33.31284
33.32823
33.31887
33.33409
33.32473
33.34029
33.33068
33.34645
33.33663
33.35291
33.34284
33.36489
33.34892
33.37051
33.3549
33.37638
33.3609
33.38224
33.36704
33.38815
33.3733
33.39387
33.37966
33.3996
33.38599
33.40562
33.39198
33.41137
33.39817
33.41718
33.40419
33.42281
33.41015
33.42847
33.41596
33.43442
33.42239
33.44003
33.42844
33.44621
33.43469
33.45213
33.44102
33.45787
33.44732
33.46358
33.4537
33.46938
33.4602
33.47558
33.46639
33.48168
33.4725
33.4872
33.47819
33.49356
33.48428
33.49904
33.49076
33.50521
33.49669
33.51147
33.50274
33.517
33.50918
33.52316
33.51532
33.52908
33.52151
33.53474
33.52771
33.5401
33.53349
33.54562
33.53962
33.55116
33.54567
33.5566
33.55174
33.56203
33.55782
33.56736
33.56422
33.57285
33.57066
33.57819
33.57689
33.5838
33.58332
33.5901
33.5896
33.59608
33.59604
33.60248
33.60226
33.60891
33.60872
33.62183
33.61517
33.6283
33.62135
33.63484
33.62788
33.64132
33.63436
33.64779
33.64083
33.65427
33.64695
33.6604
33.65323
33.66694
33.65977
33.67275
33.66614
33.679
33.67262
33.6851
33.67879
33.6914
33.68526
33.69735
33.69155
33.70314
33.69802
33.70918
33.7045
33.7151
33.71061
33.72128
33.71709
33.72771
33.72355
33.73424
33.73002
33.74053
33.73625
33.74701
33.74243
33.75955
33.74891
33.76571
33.75526
33.77169
33.76148
33.77747
33.76791
33.78341
33.77439
33.78892
33.78077
33.7947
33.7869
33.80048
33.79343
33.80619
33.79991
33.81183
33.8061
33.81749
33.81258
33.82319
33.81873
33.82905
33.82465
33.83463
33.83056
33.83998
33.83637
33.84536
33.8423
33.85128
33.8485
33.8564
33.8539
33.8616
33.85968
33.86703
33.86515
33.87213
33.87111
33.87749
33.87727
33.88288
33.88277
33.88805
33.88919
33.8931
33.89532
33.8993
33.90171
33.90451
33.90786
33.91016
33.91343
33.91566
33.91899
33.92094
33.92428
33.92721
33.9296
33.93341
33.93476
33.93888
33.9399
33.94481
33.94506
33.95074
33.9503
33.95656
33.9554
33.96281
33.96065
33.96926
33.96602
33.97501
33.97138
33.98134
33.97672
33.9876
33.98246
33.99336
33.98788
33.99986
33.99343
34.00545
33.99899
34.01104
34.00509
34.01657
34.01077
34.02179
34.01647
34.02807
34.0223
34.03443
34.02794
34.04071
34.03339
34.04622
34.03941
34.05236
34.04483
34.05862
34.05079
34.06479
34.05711
34.07109
34.06342
34.07741
34.0698
34.0834
34.07595
34.08982
34.08239
34.09633
34.08891
34.10279
34.09538
34.10926
34.10185
34.11573
34.10833
34.12221
34.1148
34.12872
34.12127
34.13522
34.12693
34.1417
34.13288
34.14818
34.13847
34.15466
34.14475
34.16086
34.15022
34.1674
34.15668
34.17388
34.163
34.18036
34.16931
34.18673
34.17542
34.19321
34.18188
34.19975
34.18822
34.2058
34.19452
34.21193
34.20081
34.21824
34.20707
34.22424
34.21325
34.23045
34.21955
34.23672
34.22595
34.2429
34.23242
34.24915
34.23864
34.25532
34.24467
34.26133
34.25064
34.26731
34.25675
34.27347
34.26287
34.27927
34.26934
34.28549
34.27566
34.29148
34.28211
34.29763
34.28857
34.30391
34.29466
34.31035
34.30113
34.31658
34.30717
34.32305
34.31287
34.32959
34.31876
34.33607
34.33136
34.34221
34.33781
34.34848
34.34427
34.35429
34.35074
34.36029
34.3571
34.36677
34.36357
34.37322
34.37005
34.37969
34.37653
34.38616
34.38301
34.39254
34.38955
34.39908
34.39603
34.40513
34.4025
34.41098
34.40898
34.41729
34.41546
34.42375
34.422
34.43025
34.42847
34.43673
34.43494
34.4432
34.44131
34.44968
34.44778
34.45616
34.45388
34.4627
34.46027
34.46918
34.46664
34.47565
34.47311
34.48214
34.47933
34.48861
34.4857
34.49509
34.49207
34.50163
34.4981
34.50811
34.50445
34.51458
34.51075
34.52106
34.51715
34.52753
34.52317
34.53407
34.52912
34.54055
34.54141
34.54704
34.54754
34.55351
34.55356
34.55999
34.55949
34.56653
34.56548
34.57301
34.57153
34.57949
34.57723
34.58596
34.5831
34.59208
34.58888
34.59834
34.59462
34.60443
34.60051
34.61045
34.60627
34.61606
34.61194
34.62195
34.6175
34.62804
34.62333
34.63408
34.6291
34.63962
34.63478
34.64554
34.64034
34.65133
34.64626
34.65715
34.6518
34.66319
34.65737
34.66935
34.66293
34.67529
34.67937
34.68131
34.68472
34.68776
34.69009
34.69385
34.69545
34.70031
34.70085
34.7063
34.70632
34.71211
34.71177
34.71855
34.71728
34.725
34.72268
34.73129
34.7282
34.73776
34.73394
34.7439
34.7396
34.75037
34.74513
34.75685
34.75073
34.76323
34.75673
34.7697
34.76228
34.77577
34.76807
34.78196
34.77367
34.78819
34.77939
34.79438
34.78504
34.8005
34.79076
34.80697
34.79646
34.81314
34.80182
34.81903
34.80732
34.82508
34.81278
34.83081
34.81856
34.83722
34.82947
34.84366
34.83496
34.85012
34.84046
34.85658
34.86314
34.86312
34.86862
34.86959
34.87448
34.87607
34.88079
34.88255
34.88654
34.88903
34.89236
34.89557
34.89843
34.90205
34.90414
34.90852
34.90999
34.915
34.91566
34.92148
34.9216
34.92756
34.9275
34.93353
34.93344
34.93999
34.93923
34.94634
34.94527
34.95274
34.95113
34.95922
34.95702
34.96553
34.96286
34.97201
34.96885
34.97847
34.97501
34.98495
34.98104
34.99136
34.98695
34.99789
34.99307
35.00437
34.99905
35.01085
35.00489
35.01733
35.01063
35.0238
35.01639
35.03035
35.02216
35.03683
35.0284
35.0433
35.03462
35.04978
35.04069
35.05626
35.04689
35.0628
35.0529
35.06928
35.05942
35.07576
35.06589
35.08224
35.07232
35.08871
35.07869
35.09519
35.08506
35.10173
35.09161
35.10821
35.09803
35.11469
35.10451
35.12117
35.11098
35.12764
35.11746
35.13418
35.12399
35.14066
35.13047
35.14714
35.14343
35.15362
35.1499
35.16009
35.16292
35.16763
35.17587
35.17411
35.18235
35.18058
35.18889
35.18706
35.19537
35.19353
35.20184
35.20008
35.20832
35.20655
35.21479
35.21304
35.22127
35.21951
35.22781
35.22599
35.23428
35.23253
35.24075
35.23901
35.24723
35.24549
35.25371
35.25197
35.26025
35.25845
35.26672
35.26499
35.2732
35.27147
35.27968
35.27795
35.28616
35.28442
35.29269
35.2909
35.29916
35.29745
35.30564
35.30393
35.31212
35.3104
35.3186
35.31688
35.32465
35.32336
35.3305
35.3299
35.33691
35.33638
35.34249
35.34286
35.34821
35.34934
35.354
35.35582
35.36551
35.36236
35.37747
35.36883
35.3893
35.37531
35.39547
35.38179
35.4014
35.38827
35.4072
35.39474
35.41275
35.40129
35.41864
35.40776
35.42436
35.41424
35.42987
35.42072
35.43563
35.4272
35.44133
35.43374
35.44679
35.44022
35.45234
35.4467
35.45819
35.45318
35.46389
35.45966
35.46959
35.4662
35.47504
35.47268
35.48081
35.47905
35.48652
35.48553
35.49232
35.49201
35.49802
35.49855
35.50368
35.50472
35.50992
35.5112
35.51574
35.51736
35.52148
35.52383
35.52726
35.53038
35.53883
35.53662
35.54479
35.543
35.55601
35.54922
35.56165
35.5557
35.56739
35.56183
35.57316
35.5678
35.58461
35.57398
35.59078
35.57984
35.5967
35.58628
35.60245
35.59274
35.6082
35.59858
35.61403
35.60468
35.61962
35.61077
35.62524
35.61723
35.63098
35.62297
35.63694
35.62922
35.64228
35.63527
35.64859
35.64173
35.65436
35.64769
35.66004
35.65396
35.66601
35.66042
35.6715
35.6669
35.67728
35.67334
35.68287
35.6796
35.68851
35.68591
35.69476
35.69239
35.7005
35.69892
35.70629
35.70521
35.71193
35.71125
35.7177
35.71735
35.72364
35.72382
35.72944
35.7298
35.73547
35.73591
35.74122
35.74195
35.74698
35.74816
35.75269
35.7539
35.75916
35.76011
35.76456
35.76599
35.77075
35.77209
35.77662
35.77854
35.7827
35.78424
35.78814
35.79068
35.79427
35.79719
35.80014
35.80365
35.80616
35.80952
35.81172
35.81596
35.8176
35.82181
35.82356
35.82826
35.82944
35.83444
35.8349
35.84048
35.84061
35.84695
35.84666
35.85328
35.85217
35.85962
35.85793
35.86588
35.86359
35.87235
35.86932
35.87856
35.8751
35.88504
35.88062
35.89103
35.887
35.89756
35.89258
35.90375
35.89806
35.90957
35.90393
35.91566
35.90948
35.92211
35.91508
35.92811
35.92091
35.93435
35.92672
35.94004
35.93251
35.94647
35.93826
35.95272
35.94429
35.95887
35.95026
35.96534
35.95649
35.97171
35.96244
35.97809
35.96817
35.98431
35.97388
35.99035
35.97945
35.99658
35.98561
36.00291
35.99159
36.00928
35.99741
36.01576
36.00352
36.02182
36.00959
36.02829
36.01562
36.03432
36.02149
36.04078
36.02759
36.04674
36.03356
36.0532
36.04538
36.05934
36.05157
36.06541
36.05745
36.07187
36.06378
36.07815
36.07009
36.08403
36.07605
36.09037
36.08213
36.0969
36.0886
36.10337
36.09507
36.10979
36.10154
36.1159
36.10784
36.12211
36.11404
36.12804
36.12009
36.13438
36.12642
36.14085
36.13201
36.14716
36.13772
36.15321
36.14335
36.159
36.14934
36.16545
36.15486
36.17138
36.16072
36.17752
36.16636
36.18373
36.17274
36.18971
36.17865
36.19623
36.18509
36.2027
36.19109
36.209
36.19754
36.21509
36.20367
36.22092
36.20977
36.22737
36.21624
36.23389
36.22209
36.24004
36.22853
36.246
36.23499
36.25201
36.24101
36.25843
36.24747
36.26496
36.25386
36.27104
36.26018
36.27748
36.26632
36.28371
36.2728
36.28986
36.27888
36.29639
36.28463
36.302
36.2905
36.30768
36.29686
36.31384
36.30322
36.3193
36.30951
36.32524
36.32159
36.33117
36.32812
36.33677
36.33407
36.34276
36.34053
36.34853
36.34657
36.35499
36.35284
36.36063
36.35896
36.36681
36.36501
36.37263
36.37064
36.37894
36.37706
36.38456
36.38277
36.39087
36.3891
36.3969
36.39553
36.40321
36.40199
36.40925
36.40804
36.4151
36.414
36.42096
36.42046
36.42725
36.42677
36.43286
36.43252
36.43896
36.43833
36.44539
36.4446
36.45104
36.45042
36.45683
36.45638
36.46264
36.4622
36.46904
36.46851
36.47489
36.47422
36.48069
36.48065
36.48661
36.48652
36.49216
36.49273
36.49805
36.4987
36.50436
36.5049
36.51004
36.51119
36.51567
36.51719
36.52181
36.52336
36.52824
36.52934
36.53416
36.53495
36.54061
36.54062
36.54641
36.547
36.5522
36.55307
36.55858
36.55931
36.56437
36.56519
36.57002
36.57124
36.57571
36.577
36.5816
36.58256
36.588
36.58879
36.59338
36.59448
36.59966
36.60033
36.60516
36.60658
36.61132
36.61201
36.61739
36.61818
36.62383
36.62382
36.63034
36.62942
36.63627
36.6358
36.64219
36.64154
36.64813
36.6475
36.65393
36.65348
36.65983
36.65943
36.66557
36.66568
36.67192
36.67171
36.67799
36.67743
36.68387
36.68369
36.68964
36.68962
36.6954
36.69564
36.70104
36.70167
36.70662
36.70805
36.71298
36.714
36.71874
36.71975
36.72473
36.72594
36.73042
36.73212
36.73626
36.73814
36.7426
36.74424
36.74837
36.75028
36.75422
36.75634
36.75996
36.76221
36.7655
36.76824
36.77187
36.7744
36.77776
36.78017
36.7836
36.78596
36.78944
36.79184
36.79519
36.79815
36.80116
36.80374
36.80742
36.81015
36.81326
36.81575
36.81886
36.82167
36.82499
36.82732
36.83087
36.83298
36.83728
36.83935
36.84337
36.84503
36.84901
36.85086
36.85521
36.85641
36.86086
36.86216
36.86665
36.86786
36.87233
36.87424
36.87788
36.8797
36.88335
36.88551
36.889
36.89197
36.89477
36.89786
36.9003
36.90355
36.90667
36.90997
36.91225
36.91545
36.91793
36.92162
36.92373
36.92717
36.92945
36.93294
36.93518
36.93885
36.94114
36.94431
36.9468
36.9507
36.95322
36.95617
36.95882
36.96177
36.96488
36.96778
36.97123
36.97418
36.97692
36.97985
36.98281
36.98627
36.98856
36.99251
36.9948
36.99857
