0.01156357
0.01068724
0.01740953
0.01671818
0.02317007
0.02275909
0.02902821
0.02867573
0.03477806
0.03462361
0.04047386
0.04041103
0.04624873
0.04623603
0.05190929
0.05205078
0.05759265
0.05782779
0.06329152
0.06370277
0.06893752
0.06956359
0.07461657
0.07549216
0.08024563
0.08136017
0.08590826
0.08719147
0.0915602
0.093004
0.09722255
0.0987248
0.1029204
0.104531
0.1085126
0.1102393
0.1141376
0.1159083
0.119727
0.1216417
0.1253811
0.1273397
0.1309914
0.1330331
0.1366435
0.1386479
0.1422434
0.1442663
0.1478495
0.1498058
0.153412
0.1553599
0.1590963
0.160837
0.1647172
0.1663536
0.1703589
0.1718076
0.1759945
0.1772204
0.1816005
0.1826299
0.1872193
0.1879878
0.1928942
0.193369
0.198538
0.1987294
0.204171
0.2041397
0.209786
0.2094855
0.2154817
0.2148166
0.2212046
0.2201561
0.2276049
0.2254978
0.2331836
0.2308413
0.2388108
0.2389521
0.244439
0.2442814
0.2500181
0.2496273
0.255618
0.2549708
0.2612702
0.2607438
0.266868
0.2662167
0.2723953
0.2715585
0.2779535
0.2768872
0.2834787
0.282229
0.2889677
0.2875538
0.2945074
0.2930415
0.2999093
0.2983621
0.3052886
0.3037955
0.3106555
0.3091139
0.316005
0.3144409
0.3213091
0.3197512
0.3266736
0.325072
0.3319529
0.3304869
0.3372442
0.3360638
0.3424796
0.3413324
0.347715
0.3465239
0.3529752
0.3518113
0.3582481
0.3570882
0.3635166
0.362359
0.3687708
0.3676839
0.3740101
0.3729319
0.37925
0.3781797
0.384477
0.3834087
0.3897165
0.3886503
0.3950058
0.394096
0.4002369
0.3992669
0.4054827
0.4044687
0.4107181
0.4097687
0.41597
0.415004
0.4212407
0.4202748
0.4265448
0.4253289
0.4317843
0.4304996
0.4370196
0.4357137
0.4422466
0.4408619
0.4474652
0.445991
0.4526929
0.4511242
0.4579171
0.4562407
0.4632107
0.4613366
0.4684419
0.4664756
0.4736718
0.4715465
0.4789467
0.4766047
0.4842279
0.4816802
0.4894405
0.4867357
0.494734
0.4917821
0.4999902
0.4968116
0.5052382
0.5021342
0.5104734
0.5071945
0.5156776
0.5122174
0.5208817
0.5172275
0.5261294
0.5222254
0.5313003
0.5272337
0.536471
0.5322315
0.5416312
0.5372939
0.5468041
0.5422834
0.5519914
0.547304
0.5571603
0.5523266
0.5622436
0.5573228
0.5673932
0.5623264
0.5725309
0.5673619
0.577695
0.5723178
0.5828261
0.5772718
0.5879491
0.5822228
0.5931239
0.5871663
0.5982217
0.592112
0.6033155
0.5970684
0.6084048
0.6019828
0.613488
0.6068888
0.6185503
0.6118239
0.623607
0.6167822
0.6287397
0.6217717
0.6338041
0.6267152
0.6388945
0.6316504
0.6439488
0.6366503
0.6489778
0.6415898
0.6540068
0.6465258
0.6590942
0.6514554
0.6641189
0.6563904
0.6691314
0.6613173
0.674148
0.6663046
0.6791647
0.6712378
0.6842184
0.6761711
0.6892416
0.6811606
0.6942036
0.6861332
0.6991704
0.6910747
0.7041805
0.6960685
0.7091826
0.7011161
0.7141719
0.7061077
0.7191634
0.7110742
0.7241557
0.7160074
0.7342802
0.7209268
0.7392681
0.7258496
0.7442387
0.7307684
0.7492242
0.7357661
0.7542407
0.7407287
0.7592844
0.7456515
0.7642589
0.7505656
0.7691817
0.7554843
0.7741651
0.7604092
0.7791191
0.7653256
0.7840751
0.7703195
0.7890251
0.7752901
0.7940438
0.7802085
0.7989942
0.7851301
0.8039588
0.7900425
0.8089356
0.7949592
0.8138818
0.7999465
0.8188438
0.8048549
0.8238627
0.809761
0.8288313
0.8146693
0.8337854
0.8195792
0.8387766
0.8245463
0.843739
0.8294978
0.8487181
0.8344725
0.8536556
0.8393766
0.8586574
0.8442912
0.8635968
0.8492565
0.868527
0.8541772
0.8734496
0.8591165
0.8783995
0.8640354
0.883372
0.8688934
0.8883097
0.8738475
0.8932969
0.8787433
0.8982323
0.8836407
0.9031613
0.8885368
0.9080944
0.8934367
0.9130194
0.8983699
0.9179651
0.9033195
0.9229588
0.9081962
0.9278773
0.9130742
0.9328188
0.9179428
0.9377632
0.9228344
0.9427526
0.927705
0.9477629
0.9326572
0.9527484
0.9375361
0.9576983
0.9424212
0.9626983
0.9473377
0.9676482
0.9522751
0.9726042
0.9571945
0.9775892
0.9620979
0.9825436
0.967079
0.9874849
0.9719996
0.9924974
0.9769669
0.9974845
0.9818899
1.002432
0.9868105
1.007359
0.9917771
1.012312
0.9966978
1.017235
1.001698
1.022168
1.006748
1.027176
1.011618
1.032103
1.016554
1.037037
1.021487
1.041982
1.026464
1.046905
1.031399
1.051842
1.036265
1.056771
1.041185
1.061786
1.046091
1.066765
1.050993
1.071713
1.055914
1.076669
1.060759
1.081661
1.065643
1.086624
1.070567
1.091682
1.075436
1.096634
1.080286
1.101588
1.085144
1.106529
1.090004
1.111481
1.094852
1.116415
1.09979
1.12136
1.104655
1.126356
1.109513
1.131302
1.114392
1.136239
1.119267
1.141172
1.12415
1.146109
1.129021
1.15105
1.133968
1.155989
1.138862
1.160995
1.143747
1.165975
1.148639
1.170964
1.153541
1.175916
1.158487
1.180862
1.163396
1.18583
1.168364
1.190834
1.173325
1.195728
1.178231
1.200678
1.183139
1.205623
1.188055
1.210561
1.19298
1.215498
1.197932
1.220449
1.202922
1.225484
1.207832
1.230474
1.212765
1.235436
1.21774
1.240427
1.222675
1.245392
1.227601
1.250361
1.232594
1.255346
1.237543
1.260375
1.242476
1.265344
1.247396
1.270341
1.252324
1.275295
1.257252
1.280251
1.262185
1.285199
1.267188
1.290149
1.272158
1.295159
1.277096
1.300116
1.282035
1.305062
1.287016
1.31001
1.292004
1.314964
1.296927
1.319939
1.301916
1.325003
1.306841
1.329972
1.311779
1.334978
1.316716
1.33998
1.321647
1.344926
1.326572
1.349873
1.331505
1.354836
1.336499
1.359838
1.341449
1.364796
1.346328
1.369755
1.351248
1.374707
1.356163
1.379655
1.361082
1.384609
1.366074
1.389552
1.370991
1.394573
1.375942
1.399517
1.38092
1.404469
1.385865
1.409456
1.3908
1.41437
1.395733
1.419372
1.400731
1.42431
1.405675
1.429326
1.4106
1.43432
1.415529
1.439265
1.42047
1.44421
1.425401
1.449143
1.430348
1.454077
1.435354
1.459083
1.4403
1.464016
1.445285
1.468957
1.450252
1.473889
1.455235
1.478822
1.460191
1.483788
1.465193
1.488675
1.470072
1.493677
1.47502
1.498646
1.479999
1.503552
1.48494
1.508554
1.489861
1.513511
1.494786
1.518461
1.499784
1.523436
1.504755
1.528332
1.509682
1.533296
1.514607
1.538252
1.519559
1.543198
1.524484
1.548162
1.529397
1.553177
1.534384
1.558227
1.539375
1.563214
1.544346
1.568168
1.549275
1.573128
1.554193
1.578093
1.559104
1.583058
1.564026
1.588064
1.569036
1.593087
1.574021
1.598043
1.579017
1.602998
1.584
1.607943
1.588948
1.612912
1.593925
1.617811
1.598895
1.622763
1.603918
1.627632
1.608895
1.632576
1.613928
1.637504
1.618982
1.642427
1.624018
1.647348
1.629017
1.652276
1.634086
1.657215
1.639132
1.662219
1.644121
1.667205
1.649124
1.672196
1.654138
1.67714
1.659124
1.682111
1.664107
1.687035
1.669113
1.692031
1.674051
1.696956
1.679009
1.7019
1.688844
1.706848
1.69379
1.711824
1.698685
1.716778
1.703652
1.721765
1.708552
1.726783
1.713454
1.731773
1.718367
1.73672
1.723296
1.741687
1.728271
1.746699
1.733304
1.751702
1.738231
1.756672
1.743158
1.761697
1.748091
1.766684
1.753037
1.771699
1.757995
1.776684
1.763003
1.781672
1.768047
1.78665
1.773026
1.791702
1.777913
1.796679
1.782851
1.801661
1.787795
1.806667
1.792755
1.811634
1.797757
1.816578
1.802643
1.82153
1.807587
1.826565
1.812534
1.83149
1.817486
1.836402
1.822428
1.841314
1.827363
1.84622
1.832311
1.85112
1.837317
1.856043
1.842281
1.860895
1.84727
1.865816
1.852218
1.870731
1.857154
1.87565
1.862115
1.880564
1.867187
1.885479
1.872187
1.890404
1.877164
1.895389
1.882058
1.90033
1.887022
1.905295
1.892012
1.910226
1.896927
1.915163
1.901953
1.920128
1.906916
1.925132
1.911872
1.930061
1.916853
1.934991
1.921863
1.939917
1.926815
1.944849
1.931778
1.949824
1.936806
1.954757
1.941774
1.959775
1.946726
1.964698
1.951687
1.969612
1.956659
1.974573
1.961628
1.979483
1.966651
1.984389
1.971627
1.989295
1.97659
1.994258
1.981558
1.999171
1.986519
2.004125
1.991485
2.009037
1.996456
2.013964
2.001493
2.018833
2.006459
2.023814
2.011434
2.028671
2.016408
2.033597
2.021388
2.038512
2.026358
2.043434
2.031343
2.048353
2.036381
2.053274
2.041358
2.058246
2.046399
2.063074
2.051326
2.068016
2.056339
2.072949
2.061366
2.077884
2.06643
2.082815
2.071417
2.08774
2.076411
2.092736
2.081403
2.097675
2.086404
2.10266
2.091399
2.107635
2.096411
2.112586
2.101468
2.117552
2.106474
2.122502
2.111476
2.127481
2.116492
2.132412
2.121496
2.137341
2.126508
2.142267
2.131558
2.1472
2.136598
2.152173
2.141629
2.157118
2.146709
2.161991
2.151789
2.166926
2.156812
2.171864
2.161856
2.176786
2.166978
2.181718
2.172002
2.186646
2.177021
2.191636
2.182037
2.196573
2.18706
2.201548
2.192116
2.206482
2.197127
2.211409
2.202204
2.216338
2.207226
2.221276
2.212278
2.226271
2.217301
2.231201
2.22233
2.236138
2.227399
2.241077
2.232469
2.246019
2.237519
2.250967
2.242548
2.255925
2.247613
2.260989
2.252644
2.265979
2.257698
2.270931
2.262678
2.27589
2.267774
2.280873
2.272821
2.285823
2.277903
2.290767
2.282975
2.295791
2.288071
2.300791
2.293146
2.30576
2.298211
2.31072
2.30335
2.315699
2.308487
2.320711
2.313623
2.325759
2.318739
2.330788
2.323795
2.335811
2.328924
2.340788
2.334139
2.345762
2.33926
2.35072
2.344391
2.355699
2.34952
2.360772
2.354691
2.36578
2.359826
2.370757
2.364972
2.375724
2.370174
2.380684
2.37533
2.385658
2.380474
2.390629
2.385627
2.395669
2.390784
2.400662
2.395945
2.405691
2.401184
2.410683
2.40634
2.41567
2.411513
2.420666
2.416659
2.425725
2.421798
2.430769
2.426938
2.435769
2.432065
2.440771
2.437284
2.445762
2.442354
2.450773
2.447469
2.455758
2.4526
2.460814
2.457706
2.465801
2.462787
2.470788
2.467943
2.475782
2.473039
2.480759
2.478179
2.485738
2.483264
2.490719
2.488345
2.495752
2.493441
2.500727
2.498511
2.505697
2.503657
2.510672
2.508753
2.515634
2.513815
2.520595
2.518894
2.525655
2.523972
2.530674
2.529045
2.535659
2.534187
2.540653
2.539261
2.54569
2.544349
2.550725
2.549409
2.555715
2.55449
2.560758
2.559555
2.565741
2.564653
2.57076
2.56979
2.575728
2.574878
2.580697
2.579964
2.585665
2.585083
2.590652
2.590192
2.595564
2.595323
2.600558
2.600491
2.605537
2.605616
2.610506
2.610729
2.615483
2.615827
2.620456
2.620899
2.625499
2.626026
2.630482
2.631157
2.635467
2.636343
2.640453
2.64149
2.645434
2.646591
2.650415
2.651712
2.655394
2.656824
2.660432
2.661999
2.665411
2.667166
2.670395
2.672272
2.675384
2.677378
2.680361
2.682482
2.685336
2.687597
2.690348
2.692705
2.695367
2.697828
2.70036
2.702886
2.705356
2.708002
2.710346
2.713117
2.715354
2.718237
2.720349
2.723356
2.72542
2.728485
2.730422
2.733708
2.735426
2.738837
2.740433
2.743958
2.745454
2.749137
2.750448
2.754308
2.755462
2.759434
2.760991
2.764574
2.765998
2.772316
2.771005
2.777437
2.776022
2.782564
2.781024
2.787689
2.786032
2.792853
2.791057
2.798032
2.796009
2.803111
2.801021
2.808228
2.806023
2.813349
2.811048
2.818474
2.8161
2.823586
2.821115
2.828707
2.826187
2.83388
2.831201
2.838989
2.836207
2.844098
2.841211
2.849211
2.846215
2.85434
2.85124
2.859525
2.8563
2.864709
2.861373
2.869892
2.866387
2.874979
2.8714
2.880106
2.876412
2.885225
2.881443
2.890333
2.886501
2.895461
2.891562
2.900633
2.896603
2.905744
2.901626
2.91085
2.906639
2.915968
2.911667
2.921074
2.91668
2.926191
2.921697
2.931309
2.926795
2.936499
2.93182
2.94162
2.936853
2.946765
2.941876
2.951913
2.946909
2.957034
2.951934
2.962165
2.956963
2.967392
2.962046
2.972509
2.967062
2.977606
2.972087
2.982709
2.977108
2.987828
2.982117
2.992971
2.987135
2.998028
2.992223
3.003219
2.997227
3.008327
3.002249
3.01344
3.00727
3.018565
3.012279
3.023688
3.017283
3.028857
3.022296
3.034042
3.027371
3.039177
3.032381
3.044287
3.037379
3.049444
3.042377
3.054566
3.047381
3.059695
3.052392
3.064833
3.057388
3.07002
3.062461
3.075161
3.067453
3.080307
3.072451
3.085449
3.077442
3.090607
3.082453
3.095763
3.08745
3.101003
3.092515
3.106155
3.09754
3.111359
3.102557
3.116586
3.107582
3.121798
3.112622
3.127017
3.117669
3.132288
3.12273
3.137585
3.12785
3.142818
3.132934
3.148088
3.13798
3.153357
3.143033
3.169325
3.148085
3.217878
3.153133
3.266552
3.158228
3.315373
3.16332
3.364279
3.168406
3.413284
3.173493
3.424103
3.178653
3.429528
3.183795
3.435001
3.188909
3.440388
3.194134
3.445778
3.19927
3.451077
3.204383
3.456445
3.209514
3.461786
3.214691
3.467194
3.21983
3.472523
3.225032
3.477869
3.230189
3.483196
3.235378
3.488523
3.240563
3.493879
3.245765
3.499269
3.250957
3.504579
3.25618
3.509862
3.267667
3.515154
3.272851
3.520441
3.278042
3.52572
3.283244
3.530997
3.288471
3.536343
3.29381
3.541618
3.299075
3.546891
3.304323
3.552164
3.309544
3.557434
3.314777
3.562709
3.320023
3.568048
3.325327
3.573318
3.330572
3.578588
3.33582
3.583861
3.341089
3.589136
3.346364
3.594407
3.351632
3.599759
3.35687
3.605036
3.362189
3.610327
3.367438
3.615633
3.372703
3.620923
3.377976
3.626229
3.383232
3.631494
3.388459
3.636833
3.393771
3.642102
3.399023
3.647358
3.404261
3.652624
3.40954
3.657902
3.414725
3.663124
3.419967
3.668458
3.42526
3.673726
3.430483
3.678987
3.435702
3.684255
3.440912
3.689507
3.446106
3.694786
3.451324
3.700161
3.456537
3.705421
3.461812
3.710686
3.467049
3.71595
3.472274
3.721282
3.477509
3.726588
3.48273
3.731865
3.487959
3.737075
3.493257
3.742337
3.49847
3.747585
3.503724
3.752858
3.50889
3.758123
3.514142
3.763368
3.519338
3.768695
3.524522
3.773956
3.529751
3.779235
3.534913
3.784504
3.540067
3.789804
3.545205
3.79507
3.550369
3.800393
3.555553
3.805645
3.560763
3.810911
3.565936
3.816161
3.571021
3.821457
3.576158
3.826705
3.581271
3.831965
3.586402
3.837303
3.591619
3.842553
3.596779
3.847825
3.601916
3.853107
3.607028
3.858367
3.612158
3.863646
3.617266
3.868977
3.622389
3.874283
3.62757
3.879548
3.632687
3.884829
3.637842
3.890127
3.642957
3.895394
3.648072
3.900737
3.653186
3.905981
3.658365
3.911237
3.663481
3.916506
3.668597
3.921778
3.673707
3.927057
3.678836
3.932334
3.683961
3.937687
3.68908
3.942966
3.694269
3.948241
3.699382
3.953514
3.704484
3.958795
3.709609
3.964097
3.71475
3.969303
3.719867
3.974618
3.725048
3.979908
3.73017
3.985249
3.735333
3.990557
3.740449
3.995826
3.745572
4.001184
3.750679
4.006496
3.755791
4.011774
3.760972
4.017078
3.766084
4.022369
3.771184
4.027663
3.77628
4.033028
3.781394
4.038321
3.786484
4.043611
3.791652
4.048958
3.796769
4.054263
3.801926
4.05954
3.80703
4.064846
3.812147
4.070202
3.817299
4.0755
3.822395
4.080856
3.827567
4.086154
3.832659
4.091437
3.837778
4.096716
3.842834
4.102078
3.847959
4.10736
3.853071
4.112639
3.858252
4.117951
3.863394
4.123255
3.868498
4.128549
3.873608
4.133909
3.878695
4.139211
3.883806
4.144524
3.888914
4.149888
3.894089
4.155195
3.899195
4.160486
3.904297
4.165842
3.909409
4.171154
3.91452
4.176469
3.919693
4.181771
3.924838
4.187067
3.929964
4.192392
3.935076
4.197671
3.940218
4.203069
3.945337
4.20836
3.950443
4.213669
3.955547
4.218962
3.960705
4.224265
3.965813
4.22957
3.970928
4.234931
3.976026
4.240233
3.981136
4.245533
3.986228
4.250833
3.991336
4.256133
3.996485
4.261462
4.001587
4.266874
4.006681
4.27217
4.011779
4.277489
4.016883
4.282788
4.021991
4.288109
4.027145
4.293413
4.032249
4.298726
4.03736
4.304088
4.042478
4.309394
4.047582
4.314692
4.052695
4.319996
4.057793
4.325306
4.062975
4.330665
4.068099
4.336059
4.073189
4.341404
4.078312
4.346715
4.08342
4.352031
4.088532
4.357352
4.093713
4.362656
4.098851
4.368056
4.104013
4.373358
4.10918
4.378687
4.114299
4.383989
4.119413
4.389308
4.124519
4.39462
4.129696
4.400012
4.134804
4.405324
4.139902
4.410649
4.145035
4.415993
4.150177
4.421303
4.155289
4.426624
4.160454
4.431961
4.165587
4.437346
4.170703
4.442651
4.175789
4.447953
4.18087
4.453261
4.185958
4.458563
4.191062
4.463871
4.196098
4.469261
4.201216
4.474563
4.206322
4.479865
4.211426
4.485161
4.216562
4.490477
4.221666
4.495802
4.226851
4.501162
4.231959
4.506485
4.23708
4.511766
4.242218
4.517085
4.247346
4.522406
4.252492
4.527714
4.257605
4.533116
4.26279
4.538474
4.267902
4.543799
4.273013
4.54908
4.278136
4.554397
4.283233
4.559701
4.288369
4.564999
4.293598
4.570374
4.298727
4.575667
4.30386
4.580974
4.308993
4.586269
4.31411
4.591559
4.319248
4.596859
4.324373
4.602232
4.329573
4.607509
4.334718
4.612821
4.339856
4.618113
4.345028
4.623423
4.350181
4.628765
4.355331
4.634146
4.360514
4.639425
4.365654
4.644708
4.370786
4.65001
4.37592
4.655304
4.381062
4.660606
4.386201
4.665954
4.391327
4.671237
4.396542
4.676533
4.401686
4.681822
4.406827
4.687118
4.411956
4.692432
4.41711
4.697724
4.42225
4.703082
4.427469
4.708382
4.432612
4.713701
4.437766
4.719009
4.442902
4.724328
4.448051
4.72962
4.453193
4.73499
4.458418
4.74029
4.463545
4.745596
4.468711
4.750909
4.473906
4.756227
4.479054
4.761535
4.484248
4.766911
4.489387
4.772229
4.494595
4.777554
4.499739
4.782849
4.504891
4.788179
4.510037
4.793479
4.515172
4.79878
4.520316
4.804168
4.525526
4.809472
4.530657
4.814791
4.535805
4.820093
4.540936
4.825388
4.546092
4.830695
4.551249
4.836097
4.556442
4.841465
4.561658
4.846771
4.566808
4.852082
4.571967
4.857384
4.577118
4.862707
4.582264
4.86808
4.587416
4.873398
4.592646
4.8787
4.597787
4.884017
4.602931
4.889332
4.608066
4.894711
4.613214
4.900094
4.618364
4.905419
4.623534
4.910735
4.628745
4.916056
4.633885
4.921383
4.639024
4.926702
4.644176
4.93201
4.649355
4.937383
4.6545
4.942699
4.659699
4.947999
4.664857
4.953318
4.670005
4.958611
4.675149
4.963914
4.680315
4.969301
4.68543
4.974616
4.690569
4.979911
4.695784
4.985234
4.700921
4.990541
4.706052
4.995842
4.711182
5.00123
4.716323
5.00654
4.721444
5.011848
4.726645
5.017169
4.731766
5.022473
4.736902
5.02779
4.742014
5.033167
4.747114
5.038484
4.752226
5.0438
4.757339
5.049119
4.762514
5.054446
4.767618
5.059756
4.772776
5.065073
4.777895
5.070452
4.782989
5.075818
4.788089
5.081146
4.793253
5.086454
4.798385
5.091785
4.803555
5.09711
4.808695
5.102484
4.81382
5.107808
4.818955
5.113118
4.824088
5.118428
4.829303
5.123739
4.834461
5.129061
4.839601
5.134418
4.844755
5.139749
4.849894
5.145111
4.855044
5.15044
4.860262
5.155759
4.865406
5.161055
4.870569
5.166452
4.875733
5.171783
4.880949
5.177096
4.886121
5.182437
4.891285
5.187815
4.896495
5.193131
4.901662
5.198452
4.90682
5.203825
4.911993
5.209144
4.917139
5.214466
4.922307
5.219787
4.92753
5.225141
4.93271
5.230493
4.937879
5.235866
4.943053
5.241183
4.948222
5.246516
4.953391
5.251832
4.95863
5.257143
4.963784
5.262466
4.968941
5.267841
4.974101
5.273176
4.979261
5.278505
4.984432
5.283861
4.989578
5.289194
4.994811
5.294498
4.999967
5.305703
5.005136
5.310998
5.010304
5.316332
5.015475
5.321642
5.020648
5.326954
5.025883
5.332256
5.031054
5.337634
5.036229
5.342952
5.041399
5.348248
5.04657
5.353533
5.051733
5.35886
5.056901
5.364169
5.062133
5.369545
5.067307
5.374864
5.072499
5.380216
5.077701
5.385532
5.082861
5.390874
5.088019
5.396201
5.093248
5.401588
5.098409
5.406903
5.103581
5.41222
5.108752
5.417544
5.113914
5.422853
5.119086
5.428146
5.124232
5.433522
5.129467
5.438828
5.134642
5.444132
5.139851
5.449454
5.145013
5.454809
5.150179
5.460115
5.155338
5.465425
5.160575
5.470796
5.165773
5.476098
5.170939
5.481406
5.176102
5.486716
5.181256
5.492027
5.186414
5.49735
5.191629
5.502729
5.196785
5.508048
5.201945
5.513358
5.20713
5.518697
5.212299
5.524057
5.217447
5.529368
5.222587
5.534745
5.227818
5.540072
5.23296
5.545372
5.238103
5.550689
5.243269
5.556011
5.248411
5.561324
5.253551
5.56673
5.258767
5.572067
5.263908
5.577378
5.269061
5.582717
5.274238
5.588055
5.27934
5.593386
5.284522
5.598702
5.289655
5.604098
5.294884
5.609421
5.300048
5.614744
5.305204
5.620079
5.310365
5.625406
5.315534
5.630719
5.320688
5.636121
5.325919
5.641444
5.331067
5.646777
5.336215
5.652093
5.341371
5.657423
5.346512
5.662758
5.351658
5.668154
5.356798
5.673487
5.362011
5.67882
5.367157
5.684143
5.372305
5.68947
5.377455
5.694795
5.382601
5.700161
5.387769
5.705474
5.392965
5.710801
5.398144
5.716117
5.403292
5.721448
5.408438
5.726753
5.413607
5.73208
5.418784
5.737467
5.423942
5.742805
5.429177
5.748123
5.434354
5.753458
5.439518
5.758779
5.444684
5.764138
5.449838
5.769519
5.455009
5.77484
5.460227
5.780173
5.465396
5.78551
5.470565
5.79085
5.475718
5.796189
5.480896
5.801593
5.486064
5.806935
5.491237
5.812274
5.496479
5.817604
5.501647
5.822991
5.506833
5.828341
5.512008
5.833762
5.517179
5.839083
5.522359
5.844422
5.527601
5.849753
5.532783
5.855053
5.537973
5.860418
5.543213
5.865772
5.54839
5.871139
5.553567
5.876465
5.558805
5.881817
5.563988
5.887142
5.569133
5.892457
5.574319
5.897788
5.579475
5.903192
5.58464
5.908511
5.589794
5.913842
5.595062
5.919155
5.600194
5.924479
5.605376
5.929794
5.610554
5.935185
5.615724
5.940554
5.620899
5.945912
5.626145
5.951233
5.631306
5.956604
5.636491
5.9619
5.641656
5.967274
5.64686
5.972591
5.652008
5.977885
5.657172
5.98322
5.662401
5.988566
5.667552
5.993891
5.672693
5.999251
5.677841
6.004566
5.682972
6.009866
5.688118
6.015153
5.693317
6.020451
5.698465
6.025749
5.703634
6.031057
5.708771
6.036409
5.713944
6.041703
5.719079
6.047011
5.724233
6.052317
5.72945
6.057623
5.73461
6.062919
5.73976
6.068304
5.744902
6.073583
5.750066
6.078904
5.755268
6.084193
5.76048
6.08951
5.765654
6.094825
5.77082
6.100208
5.775978
6.10553
5.781128
6.110859
5.786288
6.116195
5.791445
6.121524
5.801043
6.126855
5.80621
6.132201
5.811356
6.137611
5.816501
6.142936
5.821634
6.148274
5.826853
6.153599
5.831986
6.15894
5.837153
6.164271
5.842305
6.169644
5.84745
6.17498
5.852601
6.180313
5.857765
6.185644
5.862942
6.190958
5.868106
6.196298
5.873258
6.201686
5.878433
6.207016
5.883598
6.212331
5.888785
6.217633
5.893987
6.222937
5.899135
6.228269
5.904305
6.233641
5.909526
6.23897
5.914695
6.244258
5.919847
6.249587
5.925072
6.254906
5.930234
6.260211
5.935381
6.265524
5.940518
6.270909
5.945684
6.276211
5.950849
6.281551
5.956043
6.286906
5.961207
6.292238
5.966383
6.297557
5.971568
6.302948
5.97672
6.30828
5.981893
6.313623
5.987053
6.318967
5.992273
6.324298
5.997427
6.329638
6.00259
6.335032
6.00774
6.340382
6.0129
6.345711
6.018069
6.351038
6.023237
6.356371
6.02845
6.361709
6.033616
6.367089
6.038773
6.372416
6.043943
6.377744
6.049091
6.383066
6.054251
6.388422
6.059466
6.393756
6.06462
6.399133
6.069772
6.404497
6.074932
6.409843
6.080076
6.415172
6.08523
6.420526
6.090384
6.425859
6.095623
6.431203
6.100826
6.436601
6.106009
6.441953
6.11117
6.447313
6.116341
6.452659
6.121501
6.45803
6.126738
6.46337
6.131903
6.468802
6.137088
6.474169
6.142251
6.479526
6.147415
6.4849
6.152598
6.49029
6.157792
6.495655
6.163036
6.501086
6.168227
6.506458
6.173402
6.51184
6.178577
6.51721
6.183754
6.522581
6.188941
6.527973
6.194185
6.533408
6.199347
6.538787
6.204552
6.544162
6.20972
6.549531
6.214901
6.554902
6.220078
6.56031
6.225343
6.56566
6.230526
6.571091
6.235711
6.576478
6.24088
6.581828
6.246084
6.587191
6.251269
6.592553
6.256467
6.597924
6.261621
6.603334
6.266852
6.608717
6.272054
6.614078
6.277234
6.619484
6.282442
6.624886
6.287654
6.630265
6.292927
6.635682
6.298134
6.64104
6.303326
6.646421
6.308515
6.651798
6.313704
6.657148
6.318911
6.662552
6.32409
6.667973
6.329346
6.67336
6.334539
6.67876
6.339746
6.684158
6.344966
6.689564
6.350185
6.694945
6.355371
6.700383
6.360641
6.705792
6.365854
6.711174
6.371075
6.716534
6.37628
6.721913
6.381505
6.727271
6.386703
6.732736
6.391988
6.738133
6.397193
6.743494
6.402384
6.748858
6.407572
6.754236
6.412769
6.7596
6.41798
6.764987
6.423173
6.770443
6.428452
6.77584
6.433638
6.781222
6.438855
6.786596
6.444046
6.791979
6.449262
6.797354
6.454452
6.802791
6.459704
6.808197
6.464891
6.813637
6.470083
6.818999
6.47527
6.824374
6.480478
6.829732
6.485676
6.835195
6.490872
6.840558
6.496134
6.845955
6.501351
6.851334
6.506561
6.856726
6.51178
6.862092
6.516986
6.867532
6.522215
6.872921
6.527491
6.878309
6.532703
6.883671
6.537922
6.889044
6.543145
6.894413
6.548361
6.899861
6.553574
6.905221
6.558853
6.910617
6.564074
6.916038
6.569276
6.921425
6.574499
6.926785
6.579705
6.932164
6.584932
6.937604
6.590163
6.942942
6.595442
6.948318
6.600671
6.953681
6.605898
6.959052
6.611127
6.964412
6.616363
6.969858
6.621596
6.97521
6.626908
6.980593
6.63215
6.985935
6.637377
6.991299
6.642627
6.996659
6.647856
7.002116
6.653091
7.007483
6.658381
7.012845
6.663626
7.01822
6.668866
7.023601
6.674101
7.028986
6.67933
7.034426
6.684572
7.039786
6.689816
7.045153
6.6951
7.050538
6.700359
7.055915
6.705594
7.061277
6.710863
7.066733
6.716142
7.0721
6.721404
7.077448
6.726707
7.082821
6.731955
7.088206
6.737189
7.093587
6.742435
7.098942
6.747673
7.104385
6.752912
7.109773
6.758193
7.115181
6.763468
7.120558
6.768689
7.125945
6.773929
7.13132
6.77917
7.136801
6.784389
7.142212
6.789639
7.147587
6.794796
7.15302
6.80002
7.158439
6.805232
7.163814
6.810451
7.169249
6.815678
7.17463
6.820907
7.180003
6.826191
7.185409
6.831422
7.190759
6.836626
7.196134
6.841866
7.201592
6.847103
7.20695
6.852324
7.212321
6.857561
7.217728
6.862828
7.223154
6.868088
7.22858
6.873307
7.234068
6.878534
7.239418
6.883759
7.244849
6.888986
7.250249
6.894267
7.255653
6.899521
7.261066
6.904746
7.266522
6.909969
7.27192
6.9152
7.277311
6.920442
7.282718
6.925726
7.288122
6.930966
7.293521
6.936206
7.298905
6.941439
7.304382
6.9467
7.309782
6.951958
7.315177
6.957216
7.320584
6.96252
7.326024
6.96776
7.331431
6.97302
7.336957
6.978265
7.342352
6.983532
7.347773
6.988778
7.35315
6.994086
7.358525
6.99934
7.363919
7.0046
7.369381
7.009867
7.374756
7.015115
7.380188
7.020381
7.38556
7.025713
7.390958
7.030964
7.396328
7.036248
7.401793
7.04151
7.40722
7.046792
7.412608
7.052066
7.41802
7.057343
7.423404
7.062681
7.428797
7.067951
7.434259
7.073225
7.439689
7.078503
7.445086
7.083805
7.450495
7.089151
7.455953
7.094388
7.461382
7.099665
7.466915
7.104939
7.472336
7.110224
7.477778
7.115515
7.483163
7.120792
7.488598
7.126132
7.494061
7.131407
7.499548
7.136669
7.50495
7.14193
7.510377
7.147204
7.51584
7.152471
7.521258
7.157743
7.526667
7.163098
7.532044
7.168383
7.537527
7.173666
7.542929
7.178944
7.548333
7.184239
7.553743
7.189531
7.559172
7.194895
7.564569
7.20017
7.57004
7.205451
7.575474
7.210745
7.580903
7.216043
7.586303
7.221388
7.591727
7.22677
7.597142
7.232097
7.602623
7.237397
7.608044
7.242676
7.613425
7.247955
7.618846
7.253228
7.624262
7.258582
7.629667
7.263865
7.635156
7.269148
7.640621
7.274431
7.646056
7.279721
7.651525
7.284998
7.656975
7.290287
7.662419
7.295635
7.667892
7.300943
7.673322
7.306242
7.678754
7.311536
7.684154
7.316838
7.689585
7.322125
7.695028
7.327456
7.700495
7.332746
7.70592
7.338025
7.711314
7.3433
7.71672
7.348594
7.722128
7.353852
7.727593
7.3592
7.733076
7.364477
7.738451
7.369737
7.74389
7.375008
7.749355
7.3803
7.754743
7.385589
7.76017
7.390855
7.765593
7.396208
7.771057
7.401481
7.776478
7.406757
7.781888
7.412026
7.787278
7.417311
7.792684
7.422599
7.798113
7.427942
7.803608
7.433228
7.809044
7.438534
7.814486
7.443894
7.819921
7.449188
7.825358
7.454496
7.830812
7.459896
7.839087
7.4652
7.844493
7.470483
7.849905
7.475783
7.855341
7.481069
7.860795
7.486338
7.866301
7.491698
7.871745
7.496975
7.877166
7.502315
7.882588
7.507608
7.887997
7.512889
7.893411
7.518187
7.898847
7.523464
7.904346
7.528829
7.90974
7.534099
7.915186
7.539399
7.920619
7.544676
7.926028
7.549972
7.931438
7.555261
7.936923
7.560599
7.942313
7.565905
7.947752
7.571228
7.953171
7.576509
7.958585
7.581794
7.963996
7.58708
7.969443
7.592415
7.974812
7.597704
7.980177
7.602991
7.985591
7.608303
7.990979
7.613621
7.996345
7.618937
8.001822
7.624215
8.007217
7.629562
8.012609
7.634852
8.018034
7.640158
8.023467
7.645425
8.028951
7.650716
8.03443
7.656002
8.039838
7.661372
8.045271
7.66667
8.050723
7.67198
8.056158
7.677282
8.061546
7.682561
8.067041
7.687864
8.072458
7.69322
8.07787
7.698497
8.083268
7.703782
8.088622
7.709076
8.094037
7.714359
8.099512
7.719651
8.104877
7.725
8.110276
7.730279
8.115704
7.735581
8.121103
7.740852
8.126508
7.746173
8.131934
7.751462
8.137416
7.756754
8.142754
7.762131
8.147995
7.767412
8.160042
7.772716
8.169405
7.77801
8.17472
7.783326
8.180037
7.788629
8.185382
7.793998
8.190648
7.799289
8.195971
7.804586
8.201134
7.809889
8.206437
7.815187
8.211685
7.820493
8.216825
7.827751
8.222165
7.833112
8.269036
7.838426
8.289774
7.843691
8.29498
7.848984
8.300251
7.854245
8.305451
7.859582
8.310659
7.864857
8.315883
7.870123
8.321099
7.875434
8.326313
7.880694
8.331584
7.885994
8.336807
7.891273
8.341988
7.896629
8.347242
7.90196
8.352536
7.907177
8.357855
7.912492
8.363103
7.917773
8.368459
7.923077
8.373709
7.928412
8.378963
7.933698
8.384273
7.938987
8.38951
7.944266
8.394773
7.949562
8.400058
7.95486
8.40526
7.960216
8.410496
7.965466
8.415764
7.970756
8.420958
7.976016
8.426204
7.981299
8.431459
7.98658
8.436774
7.991911
8.441978
7.997205
8.447276
8.002469
8.452618
8.00774
8.457863
8.013025
8.463099
8.018313
8.4685
8.023594
8.473788
8.028946
8.47903
8.03424
8.484359
8.039536
8.489663
8.044808
8.494912
8.05011
8.500229
8.055395
8.505488
8.060722
8.510729
8.06601
8.515984
8.071287
8.521237
8.076599
8.526456
8.081872
8.53172
8.087174
8.537018
8.092576
8.54228
8.097924
8.547589
8.103251
8.552814
8.108544
8.558095
8.113822
8.563307
8.119111
8.568616
8.124396
8.573876
8.129642
8.57919
8.134928
8.584445
8.140204
8.589692
8.145479
8.594944
8.150742
8.600241
8.155725
8.605505
8.173677
8.610842
8.193292
8.616107
8.21617
8.62135
8.23233
8.626611
8.249421
8.631921
8.333389
8.637254
8.411023
8.64251
8.475939
8.647804
8.482265
8.653083
8.489481
8.658301
8.497331
8.66353
8.502855
8.668837
8.50863
8.674083
8.517161
8.679399
8.525084
8.684748
8.530312
8.690097
8.54199
8.695447
8.549356
8.700801
8.561005
8.706047
8.568205
8.71125
8.577029
8.716499
8.58573
8.721791
8.593731
8.726973
8.603962
8.73223
8.609037
8.737461
8.620683
8.742728
8.626497
8.747922
8.634431
8.753114
8.639181
8.758389
8.650143
8.763686
8.661244
8.76901
8.672194
8.77428
8.681059
8.779551
8.692903
8.784852
8.701513
8.790065
8.706697
8.795273
8.716875
8.800635
8.727154
8.805855
8.735661
8.811071
8.74121
8.816359
8.747638
8.821591
8.757772
8.826746
8.771179
8.831961
8.788791
8.837079
8.804078
8.842275
8.818876
8.8872
8.837342
8.896786
8.857221
8.921654
8.882998
8.943091
8.918175
9.004187
8.949674
9.053836
8.979636
9.074312
9.001621
9.151061
9.028327
9.16744
9.048639
9.191344
9.071578
9.226948
9.095485
9.24752
9.122045
9.301759
9.139888
9.325148
9.157771
9.35062
9.180879
9.401454
9.198002
9.457313
9.219482
9.482615
9.237176
9.496483
9.254864
9.501252
9.280775
9.524889
9.296469
9.544566
9.31286
9.599365
9.325865
9.611742
9.335439
9.618473
9.346735
9.63704
9.354031
9.642081
9.366156
9.648375
9.375451
9.655485
9.386901
9.665608
9.395941
9.672776
9.403757
9.68511
9.412609
9.704226
9.424856
9.732747
9.433588
9.744415
9.446074
9.755267
9.461618
9.768469
9.476658
9.77451
9.490974
9.782946
9.502268
9.787973
9.509289
9.794135
9.518116
9.804148
9.52363
9.811095
9.530748
9.821071
9.53734
9.827385
9.543571
9.834314
9.554276
9.840453
9.563143
9.845089
9.570788
9.85342
9.582316
9.861898
9.594679
9.868626
9.600335
9.877376
9.605748
9.884293
9.611885
9.892715
9.619596
9.897309
9.628514
9.902827
9.636785
9.90969
9.643538
9.914602
9.652536
9.919942
9.658676
9.924988
9.66769
9.932031
9.674422
9.938237
9.682338
9.967589
9.690699
9.975974
9.698847
9.982999
9.708478
9.98856
9.720538
9.994897
9.73445
10.00206
9.744052
10.0534
9.753231
10.06106
9.765847
10.06621
9.777081
10.07335
9.792243
10.08271
9.803329
10.09071
9.815059
10.10903
9.826084
10.11929
9.832545
10.12801
9.844142
10.13383
9.852742
10.14171
9.867363
10.15058
9.87701
10.15969
9.893575
10.16739
9.901748
10.17702
9.915201
10.18371
9.927657
10.22335
9.936893
10.22976
9.94633
10.23462
9.959667
10.24575
9.973319
10.26948
9.982693
10.27805
9.998978
10.28664
10.01202
10.30226
10.02833
10.31323
10.03985
10.32022
10.05388
10.33025
10.06622
10.35332
10.07868
10.37247
10.0934
10.38249
10.10595
10.41512
10.12331
10.4251
10.14094
10.43297
10.15327
10.44053
10.17079
10.45524
10.18647
10.48815
10.2046
10.53841
10.22209
10.54329
10.23398
10.54794
10.24867
10.55356
10.25778
10.55903
10.26968
10.56414
10.28044
10.57134
10.297
10.62253
10.30738
10.63848
10.31931
10.647
10.33193
10.65548
10.34397
10.66492
10.35385
10.67421
10.36727
10.67939
10.37893
10.69166
10.39354
10.69678
10.40057
10.70532
10.41733
10.72019
10.42998
10.76605
10.44243
10.78776
10.45465
10.79236
10.46313
10.79742
10.47396
10.80266
10.48429
10.80725
10.49845
10.81441
10.51137
10.81943
10.52759
10.85381
10.54284
10.91653
10.55535
10.9211
10.56702
10.92663
10.57743
10.93285
10.58807
10.93751
10.59704
10.94355
10.60811
10.94975
10.61674
10.95615
10.62657
10.96332
10.63458
10.96881
10.64396
10.97435
10.6534
10.98223
10.66688
11.01851
10.68005
11.02695
10.68834
11.08339
10.69517
11.08801
10.70704
11.09342
10.71811
11.09884
10.73147
11.10425
10.74109
11.10887
10.75143
11.11373
10.76386
11.11824
10.77701
11.12283
10.78909
11.12745
10.79863
11.132
10.81269
11.13716
10.82602
11.14485
10.83842
11.1494
10.85196
11.19866
10.86139
11.22194
10.87803
11.2378
10.89194
11.2442
10.90755
11.25494
10.91799
11.26045
10.93938
11.28805
10.95514
11.31978
10.97116
11.32537
10.98432
11.33559
10.99727
11.34353
11.0083
11.34908
11.02223
11.35395
11.03438
11.35889
11.04924
11.38527
11.0596
11.41104
11.07505
11.41571
11.08578
11.42354
11.09755
11.42897
11.1086
11.43412
11.12794
11.44115
11.14015
11.44828
11.15057
11.45525
11.15989
11.46089
11.17097
11.468
11.18034
11.47866
11.18922
11.48937
11.19922
11.49562
11.21436
11.50284
11.22427
11.51003
11.23758
11.51942
11.2461
11.54185
11.26135
11.55879
11.27255
11.56337
11.28794
11.58322
11.29865
11.59854
11.31561
11.64309
11.32949
11.69607
11.34146
11.70078
11.35656
11.70635
11.3704
11.71138
11.38523
11.71606
11.407
11.72467
11.42622
11.74315
11.44097
11.75091
11.46086
11.76429
11.48053
11.78382
11.49841
11.82353
11.51757
11.8835
11.53453
11.88968
11.55023
11.89467
11.56252
11.89939
11.57324
11.90563
11.59276
11.91182
11.60578
11.91797
11.61999
11.9249
11.63116
11.93287
11.64648
11.95455
11.6551
11.96303
11.66471
11.97113
11.68012
11.97807
11.6962
11.98474
11.70807
11.99258
11.72219
12.00579
11.73836
12.05985
11.74771
12.06489
11.75879
12.07108
11.77244
12.07739
11.78598
12.08284
11.80229
12.09144
11.81746
12.09902
11.83388
12.10363
11.84549
12.11654
11.86416
12.12283
11.87397
12.1865
11.88975
12.19911
11.89935
12.20381
11.91472
12.21791
11.9222
12.22566
11.93602
12.25176
11.94865
12.25895
11.95952
12.26584
11.96913
12.27045
11.97897
12.27743
11.99282
12.33365
12.00985
12.33924
12.01882
12.34391
12.0321
12.35018
12.04613
12.35645
12.06244
12.36419
12.07304
12.38826
12.09099
12.40144
12.11471
12.43525
12.13112
12.44039
12.14603
12.4498
12.16159
12.46416
12.17746
12.48859
12.19375
12.50418
12.20954
12.51269
12.21912
12.51968
12.22997
12.52733
12.23848
12.53508
12.25225
12.54127
12.25765
12.54632
12.26743
12.5529
12.27596
12.56201
12.28212
12.56742
12.28924
12.57282
12.29533
12.57785
12.29976
12.5827
12.30432
12.58731
12.31437
12.5924
12.31899
12.60204
12.32552
12.6093
12.33206
12.62069
12.33716
12.62636
12.34162
12.63187
12.34629
12.64049
12.35539
12.64668
12.36256
12.65454
12.36858
12.66072
12.37663
12.66852
12.38672
12.6825
12.40102
12.69336
12.41793
12.69845
12.42635
12.71383
12.4425
12.73356
12.44903
12.7386
12.46365
12.74408
12.47873
12.78282
12.48736
12.79677
12.50407
12.80555
12.51218
12.81288
12.52801
12.81913
12.537
12.82438
12.55362
12.83051
12.56819
12.84237
12.58799
12.84891
12.60061
12.8586
12.61466
12.88762
12.63083
12.91489
12.64266
12.92238
12.65214
12.9318
12.67171
12.93826
12.68187
12.98981
12.69894
13.00443
12.71378
13.0158
12.72667
13.0209
12.7413
13.04915
12.75713
13.0566
12.78119
13.06351
12.79459
13.07416
12.81042
13.10803
12.82606
13.13047
12.83946
13.14714
12.85758
13.15703
12.87205
13.16323
12.885
13.1703
12.89934
13.17979
12.91889
13.21782
12.93284
13.22509
12.95133
13.23656
12.96793
13.24648
12.9836
13.25506
13.0021
13.26226
13.01557
13.27082
13.03069
13.27856
13.05158
13.33312
13.06625
13.38275
13.08042
13.39045
13.09963
13.39688
13.11542
13.40815
13.1346
13.41278
13.14757
13.42015
13.15923
13.42858
13.173
13.4349
13.18605
13.44742
13.1963
13.47157
13.20891
13.52464
13.21852
13.55268
13.22847
13.55727
13.23861
13.56272
13.24895
13.57048
13.25853
13.57725
13.26561
13.58334
13.27158
13.58958
13.28313
13.59682
13.29787
13.60592
13.3047
13.61056
13.31687
13.61907
13.32323
13.62407
13.33423
13.62909
13.34402
13.64332
13.35187
13.64889
13.36421
13.65671
13.37346
13.66361
13.38217
13.66977
13.38818
13.67762
13.39414
13.68789
13.39915
13.69282
13.40738
13.70359
13.41376
13.70869
13.42126
13.7188
13.43429
13.7245
13.44139
13.73305
13.45244
13.74312
13.4633
13.75383
13.47292
13.76128
13.5226
13.76992
13.53927
13.77936
13.54648
13.79001
13.55204
13.79928
13.55983
13.80843
13.56691
13.81565
13.57777
13.82116
13.58586
13.82856
13.59389
13.83888
13.60609
13.84752
13.61521
13.85374
13.62252
13.86228
13.63175
13.86878
13.64053
13.87843
13.64801
13.8846
13.65944
13.89004
13.66954
13.89464
13.67974
13.89972
13.69075
13.90522
13.6978
13.91073
13.70566
13.91622
13.71273
13.92079
13.71724
13.92538
13.72452
13.93058
13.7308
13.93743
13.73555
13.94198
13.7425
13.94654
13.74716
13.95107
13.752
13.96675
13.75676
14.00966
13.76537
14.01417
13.77064
14.01876
13.77513
14.02381
13.77997
14.02834
13.7878
14.03298
13.79275
14.038
13.80259
14.04507
13.80767
14.04955
13.81615
14.05405
13.82519
14.05942
13.8348
14.0644
13.84426
14.07481
13.85176
14.09491
13.85957
14.14262
13.86792
14.14886
13.87674
14.15512
13.8838
14.16205
13.89325
14.16953
13.9012
14.17667
13.90777
14.18362
13.91399
14.18911
13.92297
14.19376
13.93386
14.20154
13.94055
14.20799
13.94903
14.21253
13.95977
14.21799
13.96865
14.22267
13.97509
14.23284
13.98819
14.24071
13.99942
14.24784
14.00982
14.25494
14.02374
14.25949
14.03221
14.26502
14.04154
14.27136
14.05104
14.27752
14.06416
14.28554
14.07348
14.29045
14.08479
14.31698
14.09031
14.32206
14.09881
14.37816
14.11076
14.39455
14.11932
14.40144
14.12392
14.40695
14.13655
14.41323
14.14615
14.41774
14.15519
14.42724
14.16346
14.43182
14.17574
14.43683
14.18719
14.4414
14.19868
14.44688
14.20739
14.45251
14.21943
14.45853
14.22898
14.46311
14.23806
14.46766
14.24896
14.47214
14.25465
14.47663
14.26387
14.48111
14.2743
14.48559
14.28339
14.49015
14.29371
14.49477
14.30706
14.5075
14.31932
14.55849
14.3313
14.56405
14.34236
14.5703
14.35308
14.57493
14.36087
14.57979
14.37197
14.58489
14.38672
14.59359
14.39753
14.59817
14.40985
14.63406
14.42444
14.68151
14.44568
14.69721
14.4555
14.70884
14.46848
14.72583
14.4796
14.73359
14.4914
14.75334
14.50814
14.76357
14.51694
14.76983
14.52888
14.77615
14.54066
14.78301
14.55091
14.78813
14.56353
14.79595
14.57692
14.80214
14.59037
14.81568
14.60443
14.86907
14.62212
14.87462
14.64088
14.88007
14.65968
14.88715
14.67737
14.89729
14.69872
14.90517
14.70928
14.91538
14.73095
14.92397
14.74823
14.93804
14.76422
14.99414
14.78503
15.01926
14.80436
15.02626
14.82114
15.0349
14.84409
15.04185
14.85659
15.05112
14.87473
15.05742
14.88718
15.06365
14.90104
15.06912
14.9139
15.10726
14.92445
15.13012
14.93616
15.13724
14.9492
15.14287
14.96321
15.1536
14.97912
15.15983
14.99402
15.22365
15.01171
15.23073
15.02234
15.23841
15.04566
15.24485
15.06307
15.30303
15.07566
15.32799
15.09538
15.33408
15.10918
15.33863
15.11716
15.35074
15.12529
15.35532
15.13174
15.36367
15.13855
15.37728
15.14774
15.38193
15.15716
15.3968
15.16608
15.40174
15.17859
15.41114
15.19089
15.42203
15.19856
15.42988
15.20857
15.44137
15.21597
15.44684
15.22468
15.45231
15.23734
15.45932
15.25096
15.46864
15.26121
15.47332
15.2727
15.48035
15.28814
15.5162
15.29992
15.53373
15.31505
15.53977
15.32461
15.55175
15.33949
15.55753
15.36105
15.63372
15.37496
15.66684
15.39274
15.67174
15.41119
15.67732
15.42152
15.68288
15.43552
15.68827
15.44814
15.69452
15.45867
15.69947
15.47432
15.70465
15.48777
15.73442
15.49924
15.74078
15.51481
15.74782
15.52624
15.75325
15.54147
15.76167
15.55638
15.77929
15.56985
15.78481
15.58004
15.79279
15.59141
15.8028
15.60921
15.8255
15.61908
15.86992
15.6332
15.87999
15.63965
15.88622
15.65346
15.93629
15.66297
15.94669
15.67558
15.95132
15.68666
15.95683
15.70023
15.96694
15.7127
15.97184
15.7265
15.97877
15.73898
15.98497
15.75351
15.99134
15.76363
15.99842
15.7733
16.00405
15.78267
16.0264
15.79598
16.03196
15.81201
16.04991
15.82448
16.05926
15.83878
16.06726
15.85591
16.07501
15.87175
16.08626
15.89297
16.11363
15.90916
16.12062
15.92571
16.14757
15.94022
16.16417
15.96834
16.19019
15.98909
16.22411
16.00761
16.23106
16.03609
16.30028
16.04862
16.31022
16.06483
16.31491
16.08621
16.32348
16.10956
16.33197
16.13016
16.33825
16.14813
16.36397
16.16776
16.37411
16.18837
16.40119
16.20495
16.44422
16.22387
16.45753
16.23862
16.46214
16.26107
16.46843
16.27857
16.47346
16.29387
16.52326
16.30791
16.55375
16.32588
16.56081
16.33869
16.57167
16.35959
16.58038
16.37783
16.59891
16.39213
16.6432
16.40287
16.65032
16.41646
16.65954
16.42884
16.66951
16.44511
16.67886
16.46129
16.71603
16.47482
16.72536
16.49212
16.73322
16.51514
16.79807
16.53335
16.80817
16.54874
16.81763
16.56554
16.82989
16.58408
16.83714
16.59805
16.84565
16.60914
16.8527
16.62225
16.8583
16.63449
16.8669
16.64492
16.87692
16.65756
16.88548
16.67114
16.89117
16.68427
16.899
16.69844
16.90557
16.70959
16.92297
16.7253
16.9542
16.73938
16.96287
16.74968
16.96922
16.75825
16.97843
16.7685
16.98338
16.78143
16.99032
16.79563
16.99662
16.80962
17.00591
16.81954
17.01368
16.83186
17.02289
16.84155
17.08311
16.85543
17.09252
16.8681
17.09962
16.88146
17.10655
16.89347
17.11433
16.91015
17.15696
16.92267
17.16391
16.93925
17.17254
16.95539
17.1782
16.96771
17.18464
16.98694
17.22796
17.00162
17.23276
17.01834
17.24063
17.03606
17.28821
17.04958
17.29534
17.069
17.30407
17.08502
17.31582
17.10347
17.36761
17.1236
17.37486
17.15199
17.38344
17.17086
17.43024
17.19808
17.44405
17.22995
17.4518
17.24806
17.4588
17.27165
17.47036
17.28939
17.481
17.30557
17.52343
17.32769
17.57029
17.34286
17.58405
17.36213
17.5912
17.37981
17.60587
17.39795
17.61502
17.41231
17.62068
17.42143
17.62844
17.43645
17.63397
17.45134
17.63903
17.46329
17.65685
17.47342
17.68172
17.48106
17.74038
17.49924
17.74977
17.51296
17.76213
17.53439
17.81424
17.54898
17.82362
17.56293
17.83141
17.5761
17.84466
17.59607
17.90213
17.60896
17.91063
17.61871
17.91625
17.63687
17.92481
17.65157
17.9343
17.66467
17.94291
17.67651
17.95312
17.6972
17.97259
17.70732
17.98192
17.72201
17.9929
17.73407
18.00161
17.74693
18.01182
17.7569
18.02108
17.76612
18.0298
17.77817
18.0393
17.79058
18.04942
17.79996
18.05723
17.81236
18.06408
17.8206
18.07284
17.83323
18.07792
17.84407
18.08918
17.85417
18.09792
17.86742
18.10369
17.88009
18.109
17.89625
18.11869
17.90927
18.12837
17.92203
18.13658
17.94119
18.14537
17.94885
18.15152
17.96494
18.16404
17.97531
18.17293
17.98356
18.18677
17.9921
18.24692
18.00532
18.3048
18.01943
18.31038
18.03589
18.31815
18.05293
18.32692
18.06473
18.33704
18.07766
18.34551
18.0951
18.351
18.10902
18.35734
18.12006
18.36296
18.1349
18.41798
18.14545
18.42737
18.16266
18.44114
18.17758
18.45069
18.19099
18.46002
18.20298
18.4723
18.2194
18.47872
18.23132
18.50758
18.24101
18.52079
18.25454
18.5259
18.26847
18.53218
18.28186
18.53855
18.29446
18.54363
18.30828
18.54873
18.31818
18.55578
18.33395
18.56598
18.34034
18.57074
18.34748
18.57541
18.35516
18.58315
18.37111
18.58781
18.37677
18.59558
18.38855
18.60073
18.40439
18.60848
18.41693
18.613
18.43039
18.61784
18.44145
18.62237
18.44783
18.62737
18.45774
18.63194
18.46754
18.63814
18.47335
18.64355
18.48277
18.70316
18.49144
18.73487
18.49914
18.7427
18.5064
18.74744
18.51583
18.75824
18.52368
18.76692
18.53184
18.77334
18.54127
18.78114
18.55049
18.78571
18.56151
18.79078
18.5743
18.79631
18.58569
18.80642
18.6
18.81347
18.60998
18.81811
18.62089
18.82429
18.62907
18.8297
18.6393
18.83665
18.65239
18.87569
18.66622
18.90378
18.68155
18.97716
18.69488
18.98437
18.70651
18.99287
18.72609
19.00049
18.73888
19.00845
18.75653
19.01554
18.76552
19.02255
18.77622
19.03189
18.79044
19.03824
18.80026
19.0501
18.81946
19.06083
18.82894
19.07067
18.8451
19.09143
18.85843
19.13158
18.87655
19.14951
18.89802
19.16516
18.91499
19.1814
18.93777
19.19556
18.954
19.21186
18.97795
19.24857
18.9934
19.26156
19.01072
19.27225
19.03075
19.28489
19.04813
19.29754
19.06776
19.3149
19.08724
19.36308
19.10242
19.39548
19.11723
19.40556
19.14023
19.41055
19.15475
19.42057
19.18034
19.42756
19.19901
19.45724
19.21301
19.47744
19.22705
19.48205
19.24163
19.4882
19.25936
19.49285
19.26883
19.49794
19.28744
19.54001
19.30265
19.57924
19.31511
19.60567
19.33364
19.61082
19.34856
19.61595
19.36385
19.62106
19.3801
19.62571
19.39558
19.63078
19.40865
19.66404
19.42795
19.7227
19.44441
19.72974
19.46602
19.73452
19.48699
19.7393
19.51177
19.7456
19.53413
19.75059
19.55536
19.76561
19.57127
19.82013
19.59471
19.8696
19.61285
19.89797
19.63361
19.90266
19.64704
19.91195
19.65987
19.919
19.67608
19.92377
19.69788
19.93009
19.70945
19.93793
19.73348
19.94417
19.75725
19.94972
19.77994
19.95488
19.80025
19.96116
19.81958
20.01436
19.84246
20.07594
19.85552
20.11559
19.87983
20.15172
19.89548
20.16564
19.91888
20.20073
19.93827
20.23105
19.96038
20.23742
19.97923
20.24531
19.99645
20.25315
20.0127
20.25791
20.0282
20.30736
20.04527
20.32632
20.06343
20.37909
20.08156
20.38373
20.09628
20.38842
20.10721
20.39416
20.11971
20.39887
20.13451
20.40609
20.15452
20.46224
20.17151
20.48522
20.18842
20.4898
20.19783
20.49672
20.20929
20.50812
20.22363
20.51381
20.23529
20.52168
20.24999
20.52653
20.26298
20.53155
20.27336
20.53647
20.27965
20.54107
20.28975
20.54567
20.29896
20.5502
20.3068
20.55481
20.31506
20.55938
20.32227
20.56404
20.33253
20.57119
20.3442
20.57582
20.36116
20.58048
20.37147
20.61084
20.3875
20.62049
20.40378
20.6256
20.4229
20.63076
20.4316
20.67954
20.44891
20.72657
20.46519
20.75146
20.48424
20.75616
20.50348
20.76118
20.52584
20.80235
20.54307
20.81738
20.56546
20.82257
20.57722
20.82739
20.5964
20.83266
20.61325
20.84219
20.6264
20.88928
20.64124
20.89931
20.66085
20.90452
20.6825
20.92898
20.70264
20.98254
20.7274
21.00229
20.746
21.0075
20.7657
21.01463
20.78422
21.02442
20.80348
21.02988
20.82117
21.05715
20.83384
21.07641
20.85681
21.08611
20.87156
21.13427
20.88543
21.13925
20.89952
21.14568
20.91785
21.19055
20.93483
21.19558
20.95312
21.20053
20.96703
21.22253
20.98555
21.26029
21.00111
21.26513
21.01616
21.26996
21.03018
21.27466
21.04355
21.27966
21.05851
21.28439
21.07318
21.28906
21.08921
21.29386
21.1025
21.31474
21.11726
21.32992
21.13285
21.35386
21.1476
21.36853
21.16231
21.37484
21.17597
21.40821
21.19894
21.45244
21.21304
21.46205
21.23364
21.47278
21.25249
21.4833
21.26805
21.48816
21.28492
21.4929
21.30334
21.50266
21.31746
21.55054
21.33897
21.58235
21.3538
21.59435
21.37313
21.61565
21.39102
21.65088
21.41731
21.65712
21.43893
21.66844
21.46122
21.68292
21.47895
21.69815
21.49311
21.74162
21.5146
21.78862
21.53047
21.79343
21.54618
21.79981
21.56316
21.8055
21.57559
21.81025
21.59499
21.81507
21.609
21.81988
21.63273
21.85326
21.64575
21.90008
21.66435
21.9542
21.68428
21.95903
21.70581
21.96389
21.72203
21.97389
21.73836
21.98181
21.75633
22.02806
21.76984
22.03293
21.78967
22.03767
21.80428
22.04251
21.81823
22.04736
21.83011
22.05293
21.85062
22.05764
21.86476
22.10208
21.88547
22.1521
21.89796
22.15691
21.91938
22.16168
21.93142
22.16732
21.94761
22.17213
21.9601
22.17698
21.97168
22.20264
21.9842
22.22913
22.00044
22.23395
22.01282
22.24357
22.02936
22.24838
22.04626
22.25318
22.05579
22.25801
22.07139
22.26275
22.09054
22.26767
22.10316
22.2725
22.12074
22.27742
22.13761
22.2847
22.15211
22.32593
22.16918
22.3702
22.18674
22.41407
22.20294
22.42832
22.21496
22.43325
22.22889
22.43797
22.23622
22.44272
22.25471
22.44748
22.27094
22.45224
22.28465
22.46852
22.29486
22.51374
22.31032
22.56029
22.32352
22.5652
22.33531
22.57056
22.34969
22.57535
22.36349
22.58098
22.37965
22.58585
22.38973
22.59574
22.41013
22.6223
22.41938
22.63165
22.43629
22.65532
22.44425
22.69738
22.45503
22.70668
22.46944
22.71134
22.48087
22.71599
22.49186
22.7207
22.49967
22.72543
22.51126
22.73017
22.52298
22.73495
22.53774
22.73972
22.54951
22.78288
22.56509
22.81174
22.58057
22.82142
22.59295
22.86649
22.61386
22.88605
22.62557
22.89169
22.63588
22.8965
22.65198
22.90138
22.66617
22.90621
22.68434
22.91574
22.69706
22.92054
22.70868
22.94952
22.72554
22.99396
22.73737
23.01813
22.75568
23.03743
22.76675
23.04695
22.78115
23.0517
22.798
23.05656
22.81199
23.06143
22.82307
23.07115
22.84253
23.08569
22.85654
23.10047
22.86975
23.10542
22.88754
23.11598
22.9043
23.16188
22.92212
23.18636
22.93997
23.19118
22.95692
23.19604
22.97937
23.20092
22.99269
23.21064
23.00459
23.22518
23.02425
23.25941
23.05
23.30345
23.06709
23.30828
23.08644
23.33741
23.10581
23.37687
23.12602
23.39623
23.14742
23.40592
23.17027
23.41666
23.18818
23.423
23.2135
23.46748
23.23048
23.51269
23.2452
23.51755
23.25998
23.52725
23.27324
23.53264
23.29258
23.53747
23.30333
23.54238
23.31879
23.54718
23.33048
23.55205
23.33824
23.55696
23.35053
23.56188
23.36154
23.56678
23.37468
23.57158
23.38415
23.57644
23.39577
23.58132
23.40278
23.58663
23.41128
23.59147
23.42074
23.59635
23.43173
23.61099
23.44205
23.64642
23.45908
23.69037
23.47142
23.72506
23.48097
23.77179
23.49633
23.77659
23.50803
23.78131
23.5227
23.78611
23.53498
23.79083
23.54739
23.79602
23.55531
23.80087
23.5626
23.80567
23.57728
23.81514
23.58665
23.81988
23.59995
23.82468
23.61293
23.83417
23.62163
23.84369
23.63339
23.87279
23.64658
23.918
23.65532
23.94736
23.66562
23.95266
23.67728
23.9575
23.68607
23.96399
23.70008
23.96883
23.7148
23.97889
23.72588
23.9837
23.73915
23.9888
23.75386
24.00319
23.76566
24.01472
23.77809
24.02927
23.78668
24.04385
23.80297
24.05396
23.81624
24.06356
23.831
24.06847
23.84361
24.07813
23.86185
24.08784
23.87505
24.10723
23.8921
24.13153
23.90468
24.1461
23.92159
24.17067
23.94067
24.1906
23.95465
24.21125
23.96486
24.22104
23.97883
24.22597
23.98836
24.24561
24.00077
24.27047
24.01255
24.2903
24.02653
24.29523
24.03805
24.30029
24.04904
24.30527
24.06083
24.31026
24.07255
24.31517
24.08255
24.3201
24.09504
24.32508
24.10459
24.32996
24.11848
24.34983
24.1258
24.3943
24.13738
24.3993
24.14825
24.41415
24.15766
24.4191
24.16874
24.42402
24.18192
24.429
24.19297
24.43439
24.20463
24.43935
24.21665
24.44432
24.22906
24.44918
24.2422
24.45414
24.25624
24.459
24.271
24.50314
24.28436
24.53274
24.30555
24.54309
24.31439
24.54795
24.33071
24.55777
24.34545
24.5924
24.35951
24.61202
24.36958
24.61695
24.38433
24.66094
24.39829
24.7048
24.40555
24.7097
24.41586
24.71455
24.43137
24.71945
24.44098
24.7243
24.44954
24.72921
24.45824
24.73421
24.46613
24.73911
24.47559
24.74398
24.48715
24.74887
24.5264
24.75372
24.55963
24.75907
24.56976
24.76442
24.57705
24.76981
24.58162
24.77472
24.58616
24.7796
24.59075
24.78453
24.59522
24.78946
24.59984
24.79429
24.60695
24.79914
24.61197
24.80405
24.61758
24.80898
24.62408
24.81389
24.63205
24.81877
24.63941
24.82359
24.64956
24.82845
24.65748
24.83338
24.66537
24.83831
24.67689
24.88245
24.68629
24.92683
24.70328
24.95189
24.71552
24.9568
24.7259
24.96669
24.74358
24.97164
24.75357
24.97658
24.76886
24.98153
24.78285
24.98642
24.80405
25.03113
24.81054
25.06515
24.8214
25.06982
24.83073
25.07459
24.84161
25.07932
24.84796
25.08393
24.85588
25.08871
24.86237
25.09441
24.87108
25.09924
24.88037
25.10497
24.88817
25.10965
24.89335
25.1144
24.90285
25.11911
24.90935
25.12426
24.91986
25.12887
24.93072
25.13361
24.93796
25.1383
24.94745
25.14305
24.95745
25.1477
24.9691
25.15256
24.97929
25.15768
24.9879
25.17198
25.00033
25.21605
25.01203
25.26037
25.01891
25.26534
25.03236
25.27036
25.04072
25.27523
25.05277
25.28018
25.06255
25.28505
25.07378
25.28997
25.0815
25.29491
25.0942
25.29984
25.10176
25.30477
25.11011
25.30968
25.12074
25.31459
25.13056
25.31949
25.14021
25.35392
25.15323
25.39834
25.16364
25.40321
25.17877
25.41312
25.18809
25.4528
25.20209
25.46758
25.21083
25.47252
25.22189
25.47745
25.23359
25.48232
25.24219
25.48727
25.253
25.49212
25.26408
25.49702
25.27661
25.50198
25.28814
25.50687
25.29922
25.51185
25.31092
25.51671
25.31893
25.52163
25.32763
25.52655
25.33644
25.53151
25.34816
25.53635
25.35973
25.5759
25.36819
25.62039
25.37478
25.62539
25.3919
25.63038
25.40657
25.63539
25.41545
25.6453
25.43243
25.65025
25.44118
25.68505
25.45058
25.69005
25.46387
25.69504
25.47565
25.70009
25.48813
25.70507
25.49833
25.71001
25.50933
25.71493
25.51958
25.73487
25.53065
25.78016
25.54391
25.81478
25.55564
25.85937
25.56761
25.86436
25.57865
25.86932
25.59193
25.87429
25.60293
25.87926
25.61454
25.88425
25.62707
25.88924
25.64164
25.89414
25.65697
25.89914
25.66793
25.90409
25.67763
25.90908
25.68854
25.91405
25.69622
25.91902
25.70329
25.92397
25.71046
25.92886
25.71765
25.93387
25.72616
25.93876
25.73181
25.94374
25.73741
25.94867
25.74833
25.95362
25.75589
25.9982
25.76133
26.0428
25.76867
26.04765
25.77439
26.05259
25.78448
26.05753
25.78993
26.06243
25.79789
26.06739
25.80675
26.07225
25.81139
26.07707
25.81798
26.08186
25.82269
26.0867
25.83442
26.09157
25.84453
26.09631
25.84954
26.1012
25.85423
26.10607
25.86069
26.11171
25.86857
26.11655
25.87424
26.12135
25.88209
26.1261
25.88654
26.13088
25.89105
26.13559
25.89616
26.14039
25.90409
26.14519
25.91347
26.15003
25.91981
26.15486
25.92437
26.15971
25.93165
26.16455
25.94243
26.16935
25.95184
26.17426
25.95963
26.17918
25.96667
26.18412
25.97132
26.18906
25.9785
26.19399
25.9862
26.19894
25.99422
26.23358
26.0028
26.23853
26.00996
26.2435
26.01506
26.24847
26.02232
26.25344
26.03238
26.26833
26.04259
26.27333
26.05058
26.27828
26.06246
26.29856
26.07697
26.31848
26.08576
26.35837
26.09671
26.38837
26.11124
26.39328
26.12013
26.39827
26.13475
26.40326
26.145
26.40829
26.1591
26.4385
26.16927
26.44894
26.18336
26.45399
26.19722
26.45892
26.2098
26.46384
26.22387
26.46886
26.23794
26.47381
26.24751
26.47875
26.25467
26.48373
26.2641
26.48868
26.26886
26.49365
26.27974
26.49858
26.28771
26.50358
26.29348
26.50857
26.29981
26.5485
26.30934
26.55837
26.31881
26.56333
26.33042
26.56835
26.33764
26.57334
26.34415
26.57829
26.35284
26.58326
26.3587
26.58825
26.36802
26.5932
26.3731
26.59817
26.37885
26.60314
26.38747
26.61809
26.3985
26.62801
26.40719
26.63301
26.41442
26.65782
26.42319
26.66272
26.43345
26.66781
26.44454
26.7125
26.45779
26.74255
26.46663
26.74752
26.47829
26.75243
26.48707
26.75737
26.49585
26.76241
26.50909
26.76748
26.52013
26.77252
26.52973
26.7775
26.53992
26.78253
26.55021
26.79252
26.55979
26.80753
26.56707
26.81256
26.57513
26.81756
26.58604
26.82258
26.59479
26.82763
26.60658
26.83268
26.61611
26.84279
26.62474
26.85776
26.63503
26.86279
26.65184
26.87276
26.66368
26.87775
26.68057
26.92272
26.68865
26.9478
26.70351
26.95785
26.71456
26.96285
26.72253
26.96792
26.73363
26.9729
26.74393
26.98296
26.7572
26.99304
26.76539
27.00299
26.78012
27.01797
26.78953
27.02794
26.79821
27.04845
26.81068
27.05346
26.82237
27.06347
26.83408
27.06854
26.84276
27.07345
26.85082
27.07833
26.85948
27.09809
26.86884
27.10312
26.88068
27.11304
26.89309
27.12791
26.90558
27.158
26.91443
27.16809
26.92618
27.18314
26.93925
27.18806
26.94936
27.19298
26.95886
27.1979
26.97199
27.20303
26.97932
27.20798
26.98956
27.21293
26.99832
27.2179
27.00492
27.22283
27.0159
27.22769
27.0211
27.23265
27.02986
27.24263
27.03867
27.24758
27.04819
27.25749
27.05773
27.26247
27.06489
27.27232
27.07126
27.27715
27.08081
27.28692
27.08812
27.29179
27.09543
27.29673
27.10062
27.30175
27.10717
27.30669
27.11294
27.31167
27.11815
27.31658
27.1255
27.32642
27.13135
27.33639
27.14015
27.34624
27.14676
27.36074
27.15545
27.37531
27.16288
27.38508
27.17398
27.40467
27.18417
27.42468
27.19228
27.43966
27.20549
27.44463
27.21282
27.44961
27.21869
27.45979
27.22603
27.4649
27.23485
27.46995
27.24143
27.47503
27.24718
27.48012
27.25589
27.49008
27.26319
27.49525
27.26892
27.50546
27.27376
27.51571
27.28105
27.52091
27.28588
27.52583
27.29402
27.53584
27.30216
27.54096
27.31166
27.54612
27.32207
27.55119
27.33321
27.56666
27.34356
27.58194
27.35086
27.59202
27.35563
27.59697
27.36224
27.6019
27.36754
27.60693
27.37617
27.61192
27.38108
27.61693
27.39141
27.6219
27.39887
27.62687
27.40625
27.63698
27.41436
27.647
27.42157
27.65694
27.4287
27.66693
27.43347
27.67187
27.44143
27.68166
27.44793
27.68658
27.45277
27.69151
27.46065
27.69642
27.46587
27.70137
27.47393
27.70624
27.48048
27.71098
27.48526
27.71577
27.49174
27.72061
27.49737
27.72542
27.50216
27.73015
27.50695
27.73504
27.5127
27.73985
27.51756
27.74461
27.52283
27.74942
27.52757
27.75424
27.53292
27.75891
27.53888
27.76368
27.54546
27.76858
27.55206
27.77329
27.55699
27.77807
27.56304
27.78278
27.56881
27.78756
27.57602
27.79251
27.581
27.79736
27.58697
27.80211
27.59205
27.80701
27.5978
27.81186
27.60274
27.81668
27.60877
27.82157
27.61571
27.85557
27.62307
27.86531
27.62824
27.8702
27.63589
27.87984
27.64145
27.88474
27.6482
27.88952
27.65335
27.89435
27.66242
27.89925
27.67122
27.90412
27.67785
27.90885
27.68637
27.9136
27.69209
27.91844
27.69794
27.9233
27.70445
27.92798
27.71096
27.93279
27.71823
27.93752
27.72397
27.9425
27.7286
27.94728
27.73418
27.95199
27.74217
27.95673
27.74733
27.96147
27.75305
27.96627
27.75824
27.97104
27.763
27.97589
27.76775
27.98067
27.77248
27.98547
27.77759
27.99025
27.78226
27.99504
27.78744
27.9998
27.79374
28.00458
27.79854
28.00939
27.8058
28.01415
27.81228
28.02373
27.81695
28.02858
27.82214
28.03344
27.82874
28.03822
27.83603
28.04304
27.84085
28.05265
27.84739
28.08201
27.85226
28.08689
27.86036
28.09186
27.86514
28.09674
27.87003
28.10616
27.87955
28.11111
27.88668
28.11608
27.89453
28.12104
27.90019
28.12599
27.90494
28.13091
27.9115
28.13594
27.91674
28.14087
27.92406
28.14576
27.92993
28.15067
27.93472
28.15554
27.94051
28.16043
27.94528
28.16534
27.95256
28.17025
27.95744
28.17519
27.96622
28.18489
27.97103
28.1898
27.97587
28.19469
27.98319
28.20942
27.98805
28.21436
27.99527
28.21931
28.00328
28.22428
28.01332
28.22929
28.01818
28.23432
28.02393
28.24423
28.02966
28.26416
28.03446
28.26911
28.0393
28.27417
28.04506
28.27917
28.05089
28.28417
28.05566
28.28915
28.06155
28.29418
28.06682
28.2993
28.07345
28.30422
28.08003
28.3092
28.08527
28.31414
28.09045
28.31914
28.09695
28.32413
28.10427
28.32908
28.11157
28.33407
28.11639
28.33902
28.12293
28.344
28.12776
28.34895
28.13345
28.35381
28.13823
28.35871
28.14307
28.36367
28.15241
28.3686
28.15717
28.37393
28.16364
28.37882
28.16842
28.38374
28.17797
28.38867
28.18278
28.39361
28.18921
28.3986
28.19656
28.40352
28.20137
28.40855
28.20611
28.41355
28.21188
28.41854
28.21666
28.42362
28.22148
28.42867
28.22738
28.43372
28.23221
28.43877
28.23798
28.44372
28.24364
28.45384
28.24892
28.46906
28.2561
28.47913
28.26203
28.4842
28.26937
28.4944
28.27462
28.49956
28.28044
28.50459
28.2852
28.51467
28.29043
28.51969
28.29636
28.52478
28.30223
28.52987
28.3102
28.53502
28.31545
28.54008
28.32068
28.55521
28.32647
28.56524
28.33534
28.57027
28.34267
28.57531
28.34855
28.58029
28.3559
28.58534
28.36258
28.59079
28.37067
28.59576
28.37648
28.60087
28.38128
28.60593
28.38605
28.61088
28.39415
28.61586
28.39998
28.62082
28.40639
28.6258
28.41146
28.63087
28.41875
28.63636
28.42527
28.64174
28.43042
28.6467
28.43525
28.6517
28.4448
28.6567
28.45061
28.66163
28.45641
28.66669
28.46375
28.69637
28.46961
28.7014
28.47617
28.70627
28.48137
28.71115
28.48698
28.71607
28.49287
28.72095
28.49928
28.72589
28.50409
28.7309
28.50931
28.73583
28.51413
28.74081
28.51991
28.74584
28.52521
28.75127
28.53041
28.75624
28.53514
28.76124
28.53998
28.76633
28.54733
28.77176
28.55321
28.77687
28.55967
28.78228
28.56454
28.78728
28.57116
28.79231
28.5768
28.79737
28.58168
28.80231
28.58829
28.80734
28.59413
28.81239
28.60003
28.81735
28.60739
28.82236
28.61267
28.82731
28.61838
28.83235
28.62324
28.83738
28.62853
28.84244
28.63377
28.84751
28.63862
28.85254
28.64348
28.85759
28.64874
28.8627
28.65405
28.86778
28.66143
28.87281
28.66669
28.87787
28.67157
28.88295
28.67685
28.88799
28.68276
28.89302
28.68867
28.89809
28.69449
28.9031
28.69978
28.91323
28.70508
28.92832
28.7116
28.93342
28.71894
28.93851
28.7286
28.94348
28.73392
28.94856
28.74207
28.95358
28.74872
28.95864
28.75532
28.96367
28.76018
28.96873
28.76543
28.97373
28.77069
28.97872
28.77596
28.98371
28.78175
28.98865
28.78969
28.99364
28.79636
28.99867
28.80159
29.00367
28.80647
29.00866
28.81377
29.01361
28.81859
29.01855
28.82525
29.0235
28.8311
29.02847
28.83593
29.03347
28.84178
29.03845
28.84661
29.04332
28.85181
29.04823
28.85657
29.06787
28.86246
29.07279
28.86768
29.08256
28.87252
29.08743
28.87909
29.09719
28.88393
29.10205
28.88916
29.107
28.89404
29.11197
28.89967
29.11688
28.90492
29.12687
28.90973
29.13179
28.91449
29.13683
28.91976
29.14188
28.92634
29.14692
28.93442
29.15192
28.93922
29.15697
28.9473
29.16199
28.95258
29.17201
28.95899
29.17702
28.96426
29.18206
28.96953
29.18709
28.97538
29.19213
28.98024
29.1971
28.98689
29.20216
28.99577
29.20716
29.00062
29.21217
29.00721
29.21723
29.01457
29.22217
29.01983
29.22721
29.02583
29.23219
29.03462
29.23722
29.03944
29.24221
29.04814
29.24715
29.05289
29.25208
29.05766
29.25705
29.06253
29.26205
29.06834
29.26702
29.07418
29.27198
29.07941
29.2769
29.08422
29.28187
29.08903
29.28678
29.09387
29.29174
29.09869
29.29672
29.10395
29.30165
29.11133
29.30659
29.11777
29.31141
29.12252
29.32127
29.12774
29.32613
29.13253
29.33107
29.13775
29.34072
29.14301
29.34555
29.14881
29.35041
29.15367
29.35526
29.15957
29.36016
29.16601
29.36504
29.17077
29.36983
29.17561
29.37469
29.1809
29.37961
29.18739
29.38459
29.1927
29.38952
29.19751
29.39447
29.20489
29.39946
29.2102
29.40444
29.21682
29.40939
29.22424
29.41436
29.2317
29.41937
29.23825
29.42438
29.24692
29.4293
29.25488
29.43436
29.26303
29.45906
29.26966
29.50354
29.27479
29.50852
29.28219
29.51349
29.28864
29.51839
29.29524
29.52332
29.30321
29.52832
29.30896
29.53333
29.31558
29.53829
29.32046
29.54323
29.32642
29.54816
29.33537
29.55312
29.34643
29.55805
29.35233
29.56307
29.3583
29.56816
29.3655
29.57307
29.37278
29.57797
29.38311
29.58293
29.38791
29.58795
29.39375
29.59291
29.39965
29.59788
29.40693
29.60336
29.41217
29.60837
29.41708
29.61333
29.42602
29.61822
29.4319
29.62315
29.43716
29.62808
29.44239
29.63302
29.4472
29.63796
29.45458
29.64279
29.46045
29.64776
29.46519
29.6575
29.46992
29.66239
29.47478
29.67219
29.47987
29.67705
29.48575
29.68666
29.49171
29.6915
29.49956
29.69631
29.5048
29.70128
29.50954
29.70603
29.51433
29.71564
29.5192
29.72045
29.5251
29.73017
29.52992
29.73513
29.53467
29.7399
29.53943
29.74477
29.54469
29.74964
29.54954
29.75943
29.55433
29.76433
29.55921
29.76927
29.5641
29.77423
29.57127
29.77925
29.57718
29.78426
29.58523
29.79422
29.59003
29.80427
29.59743
29.81423
29.60331
29.81928
29.61054
29.82419
29.61717
29.82921
29.62243
29.83433
29.62771
29.83937
29.63255
29.84439
29.63739
29.84942
29.64265
29.85439
29.64791
29.85931
29.65444
29.8643
29.65979
29.86921
29.66713
29.87425
29.67237
29.87929
29.67721
29.8842
29.68305
29.8892
29.68826
29.8941
29.6931
29.89915
29.70118
29.9042
29.7065
29.90919
29.71756
29.9142
29.72281
29.91921
29.73018
29.92414
29.73605
29.9291
29.74334
29.93414
29.74809
29.93912
29.75385
29.94412
29.75914
29.94912
29.76489
29.95411
29.7697
29.95914
29.7745
29.96413
29.77952
29.96904
29.78475
29.974
29.79054
29.9789
29.79531
29.98387
29.80059
29.98887
29.81011
29.99387
29.81491
29.99883
29.82012
30.00389
29.82502
30.00885
29.83232
30.01388
29.83717
30.01898
29.84587
30.02392
29.85059
30.03654
29.85716
30.04164
29.86246
30.04667
29.86963
30.0517
29.87766
30.05675
29.88242
30.06178
29.88714
30.06678
29.89301
30.07172
29.89821
30.07673
29.90405
30.08175
29.91058
30.08667
29.9153
30.12153
29.92187
30.12652
29.92754
30.13153
29.93236
30.13656
29.9389
30.14156
29.9437
30.15154
29.94947
30.15649
29.95419
30.16149
29.96005
30.16655
29.96525
30.17164
29.97048
30.17661
29.97784
30.18166
29.9866
30.1867
29.99142
30.19174
29.99716
30.19858
30.00192
30.2035
30.0067
30.20856
30.01151
30.21362
30.01807
30.21869
30.02329
30.22377
30.02919
30.22874
30.03648
30.23383
30.04116
30.2389
30.04587
30.24389
30.05103
30.24895
30.05577
30.25398
30.06059
30.25896
30.06641
30.26402
30.07217
30.27085
30.07736
30.27588
30.08211
30.28084
30.08676
30.28582
30.09152
30.29079
30.09626
30.29578
30.10277
30.30075
30.10756
30.30573
30.11335
30.31074
30.11814
30.31567
30.1239
30.32064
30.12881
30.32562
30.13813
30.33057
30.14296
30.33557
30.15182
30.3405
30.16207
30.34537
30.16723
30.35031
30.17241
30.35527
30.17889
30.3602
30.1836
30.3652
30.19078
30.37017
30.19553
30.37508
30.20033
30.38008
30.2069
30.38499
30.21263
30.39001
30.21786
30.39493
30.2252
30.39995
30.22992
30.40499
30.2351
30.41
30.23989
30.41504
30.24466
30.42011
30.2494
30.42516
30.25522
30.43014
30.26103
30.43518
30.26628
30.44027
30.27286
30.44526
30.27937
30.45535
30.28418
30.46044
30.29003
30.46547
30.2973
30.47054
30.3046
30.47563
30.30983
30.48075
30.31484
30.48623
30.31959
30.49125
30.32437
30.49634
30.3325
30.50144
30.33768
30.5075
30.34247
30.5125
30.34725
30.51754
30.35517
30.52262
30.36006
30.52766
30.36654
30.53277
30.37131
30.5378
30.38003
30.54284
30.38658
30.54787
30.39191
30.55289
30.39981
30.55797
30.40639
30.56342
30.41165
30.60958
30.41897
30.62064
30.42417
30.62564
30.42896
30.63059
30.43373
30.64033
30.43853
30.64538
30.44733
30.65032
30.45257
30.65534
30.45783
30.6603
30.46596
30.66532
30.47078
30.67037
30.47667
30.67539
30.48548
30.68034
30.49029
30.68537
30.4956
30.69041
30.50145
30.69542
30.50722
30.70043
30.51303
30.70549
30.5178
30.71051
30.52416
30.71655
30.52948
30.72163
30.53605
30.72667
30.54086
30.73164
30.5457
30.73667
30.55157
30.74167
30.55823
30.7467
30.56483
30.75168
30.56962
30.75674
30.57772
30.76182
30.58292
30.76693
30.58769
30.77194
30.59509
30.77696
30.60097
30.78204
30.60685
30.78713
30.6134
30.79224
30.61819
30.79733
30.6242
30.80237
30.63425
30.80736
30.63952
30.81247
30.64447
30.81746
30.64947
30.82253
30.65561
30.82759
30.66384
30.83314
30.6688
30.83825
30.67378
30.84328
30.679
30.84834
30.68397
30.85343
30.68938
30.85857
30.69489
30.86464
30.7009
30.86971
30.70602
30.87476
30.7137
30.87985
30.72136
30.88496
30.72722
30.88998
30.73229
30.89509
30.73771
30.90018
30.74294
30.90524
30.75207
30.91078
30.75889
30.91626
30.76385
30.92137
30.76881
30.92645
30.77443
30.93145
30.78129
30.93644
30.78712
30.94155
30.79688
30.94659
30.8018
30.95167
30.80722
30.9567
30.81401
30.96173
30.82515
30.96688
30.83042
30.97189
30.83697
30.9769
30.8418
30.982
30.84663
30.98705
30.85254
30.9925
30.86049
30.99758
30.8653
31.00266
30.87118
31.00764
30.87704
31.01275
30.88363
31.01775
30.88846
31.02281
30.89435
31.0278
30.90022
31.03297
30.90767
31.03806
30.91511
31.04306
30.92393
31.04814
30.92962
31.05322
30.93524
31.05823
30.94043
31.06321
30.94526
31.0683
30.95005
31.07335
30.95483
31.07836
30.96137
31.08337
30.96614
31.08846
30.97275
31.09354
30.97857
31.0986
30.9834
31.10367
30.98817
31.10875
30.9935
31.11383
31.00166
31.11894
31.00947
31.12399
31.01474
31.12914
31.01997
31.13433
31.02477
31.13979
31.03148
31.14487
31.03814
31.14996
31.04552
31.15505
31.05084
31.16007
31.05897
31.16506
31.06376
31.17008
31.06903
31.17514
31.0743
31.18128
31.07939
31.18629
31.08424
31.19134
31.09011
31.19648
31.09501
31.20165
31.10152
31.20679
31.10631
31.21191
31.11162
31.21692
31.11903
31.22203
31.12649
31.22708
31.13448
31.2321
31.13939
31.23716
31.14755
31.24227
31.1549
31.24738
31.15975
31.25247
31.16547
31.25757
31.17188
31.2631
31.17673
31.26816
31.18179
31.27324
31.18655
31.27829
31.19234
31.28381
31.19721
31.2889
31.20373
31.294
31.20898
31.29913
31.21475
31.30425
31.21948
31.30925
31.22454
31.3143
31.22943
31.31936
31.23904
31.3244
31.24486
31.32949
31.24968
31.3346
31.25443
31.34011
31.25928
31.34516
31.26514
31.35016
31.27105
31.3552
31.27893
31.36022
31.28417
31.36532
31.28945
31.3704
31.29507
31.37538
31.30241
31.38044
31.30721
31.38593
31.31391
31.39096
31.32353
31.39602
31.32884
31.40118
31.33413
31.40626
31.34001
31.41124
31.3453
31.41632
31.35195
31.42135
31.35861
31.42646
31.36338
31.43258
31.36818
31.43769
31.37407
31.44268
31.37937
31.44778
31.38529
31.45384
31.39341
31.45895
31.40157
31.46404
31.40743
31.46917
31.41233
31.47416
31.41956
31.47919
31.42491
31.48426
31.43078
31.48938
31.43556
31.49446
31.44042
31.49963
31.44567
31.50471
31.4506
31.50973
31.45951
31.51479
31.46444
31.51985
31.47304
31.52493
31.47784
31.52995
31.48443
31.535
31.48928
31.54014
31.49459
31.54624
31.4999
31.55122
31.50721
31.55623
31.51203
31.56131
31.51688
31.56645
31.52171
31.57152
31.52654
31.57651
31.53136
31.58157
31.53656
31.58665
31.54137
31.59171
31.54623
31.59676
31.5536
31.60366
31.55849
31.60916
31.5637
31.61428
31.56852
31.62041
31.57657
31.62551
31.58177
31.63055
31.58652
31.63667
31.59135
31.64178
31.59804
31.64726
31.60538
31.65244
31.61062
31.66075
31.61723
31.66593
31.62383
31.67274
31.63118
31.6778
31.63597
31.68324
31.64073
31.68823
31.64558
31.69331
31.65033
31.69944
31.65513
31.70449
31.66102
31.70956
31.66826
31.7146
31.67307
31.71956
31.67857
31.72456
31.6833
31.73053
31.68809
31.73555
31.69546
31.7424
31.7019
31.74922
31.70919
31.75524
31.71401
31.76071
31.71979
31.76689
31.7245
31.77425
31.73041
31.77918
31.7377
31.78422
31.74497
31.78967
31.75203
31.79473
31.75684
31.80235
31.76269
31.80916
31.76849
31.81598
31.77327
31.82199
31.778
31.82703
31.78281
31.83211
31.78799
31.83894
31.79276
31.84395
31.79795
31.84894
31.80314
31.85427
31.80897
31.86252
31.81532
31.86752
31.8205
31.87251
31.82535
31.87757
31.83041
31.88362
31.8377
31.88868
31.84288
31.89551
31.84808
31.901
31.85283
31.906
31.85756
31.91148
31.86283
31.91823
31.86763
31.92327
31.87496
31.92822
31.88076
31.93331
31.88556
31.93837
31.89079
31.94341
31.89744
31.94849
31.90266
31.95616
31.90739
31.96292
31.91315
31.96805
31.91903
31.973
31.92638
31.97796
31.93125
31.98296
31.93851
31.9898
31.94324
31.99476
31.94806
31.99978
31.95374
32.00483
31.9594
32.00991
31.96417
32.01496
31.97005
32.02008
31.97667
32.02689
31.98245
32.03284
31.98983
32.03782
31.99711
32.04288
32.00303
32.04898
32.01189
32.05407
32.01696
32.05919
32.02185
32.06424
32.02847
32.06933
32.03434
32.07431
32.03919
32.07945
32.04404
32.08453
32.04881
32.08966
32.05357
32.09478
32.05846
32.1
32.06579
32.10506
32.07058
32.11008
32.07546
32.11514
32.08025
32.12018
32.08513
32.12535
32.09194
32.1304
32.10237
32.13551
32.10978
32.14058
32.11647
32.14561
32.12239
32.15076
32.12838
32.1559
32.13503
32.16105
32.14037
32.16627
32.14774
32.17131
32.1527
32.17643
32.16019
32.18148
32.16675
32.18663
32.17208
32.19179
32.17739
32.19699
32.18274
32.20322
32.18806
32.20834
32.19398
32.21347
32.20045
32.21865
32.20527
32.22371
32.21045
32.22893
32.21537
32.23415
32.22209
32.23922
32.2288
32.24435
32.23373
32.24953
32.2389
32.25472
32.24479
32.25992
32.24976
32.26505
32.25509
32.27037
32.26008
32.27554
32.26679
32.28078
32.27331
32.28597
32.27862
32.29164
32.28346
32.29867
32.28837
32.30494
32.29336
32.31115
32.29869
32.31634
32.30355
32.32156
32.30892
32.32667
32.31427
32.33296
32.31918
32.33808
32.32745
32.3433
32.33318
32.34839
32.33854
32.35352
32.34351
32.3587
32.35101
32.36386
32.35849
32.369
32.3634
32.37403
32.36832
32.37917
32.37415
32.38423
32.37904
32.38935
32.38393
32.39442
32.38876
32.39962
32.39474
32.40514
32.40066
32.41024
32.40596
32.41535
32.41087
32.42035
32.41615
32.42537
32.42103
32.43043
32.4259
32.43554
32.43074
32.44232
32.4356
32.44902
32.44042
32.45391
32.44709
32.45988
32.4544
32.46631
32.45922
32.47124
32.46789
32.47614
32.47266
32.48097
32.47736
32.48593
32.48212
32.49083
32.48685
32.49574
32.49211
32.50074
32.49685
32.50566
32.50204
32.51065
32.50687
32.51551
32.51411
32.52044
32.52071
32.52538
32.52602
32.53033
32.53088
32.53535
32.53578
32.54031
32.54142
32.54531
32.54631
32.55028
32.55108
32.55529
32.55595
32.56024
32.56089
32.56524
32.56679
32.57028
32.57157
32.5753
32.5764
32.58036
32.58126
32.58539
32.58612
32.59043
32.591
32.59547
32.59621
32.60059
32.60115
32.60565
32.60708
32.61071
32.61243
32.61578
32.61777
32.62083
32.62272
32.62592
32.62762
32.631
32.63259
32.63618
32.63755
32.64132
32.6424
32.64641
32.64735
32.65158
32.65699
32.65673
32.66177
32.66186
32.66667
32.66707
32.67146
32.67221
32.67632
32.67738
32.68119
32.68253
32.68608
32.68771
32.69098
32.69294
32.69595
32.69812
32.7009
32.70336
32.70576
32.70852
32.71075
32.71367
32.71577
32.71883
32.72083
32.724
32.73086
32.72919
32.73584
32.73441
32.7408
32.73961
32.74579
32.74487
32.75082
32.75013
32.75589
32.75534
32.76091
32.7605
32.76588
32.76576
32.77094
32.77096
32.77601
32.77612
32.78099
32.78129
32.7963
32.7865
32.80142
32.79168
32.80651
32.79686
32.81157
32.80214
32.81663
32.80734
32.82176
32.81254
32.82693
32.81779
32.83207
32.82305
32.83721
32.82829
32.84239
32.83371
32.84754
32.83899
32.85273
32.8443
32.85797
32.84974
32.86315
32.85514
32.86842
32.86053
32.87367
32.86601
32.87889
32.87148
32.88417
32.87695
32.88945
32.88245
32.89484
32.88791
32.90013
32.89337
32.90545
32.8989
32.91079
32.90446
32.91611
32.90993
32.92144
32.91542
32.92688
32.92095
32.93219
32.92643
32.93755
32.93185
32.9429
32.9374
32.9482
32.94288
32.95361
32.94839
32.95904
32.95385
32.96444
32.95934
32.96979
32.96485
32.97521
32.97583
32.9805
32.98137
32.98586
32.98693
32.99134
32.99239
32.99669
32.99791
33.00206
33.00355
33.00751
33.00907
33.01297
33.01472
33.01831
33.02023
33.02384
33.02588
33.02925
33.03148
33.03464
33.03716
33.04018
33.04275
33.04567
33.04841
33.05103
33.05408
33.05648
33.05968
33.06207
33.06537
33.06761
33.07114
33.07325
33.07663
33.07892
33.08219
33.0845
33.08788
33.09044
33.09356
33.0961
33.09923
33.10166
33.10478
33.11263
33.11043
33.11824
33.11614
33.12364
33.12179
33.12902
33.12738
33.1347
33.13319
33.14014
33.13895
33.1456
33.14474
33.15148
33.15054
33.15702
33.15634
33.16301
33.16211
33.16869
33.17293
33.17435
33.17874
33.18016
33.18449
33.1974
33.19031
33.20305
33.19608
33.20869
33.202
33.21407
33.20791
33.21946
33.21386
33.22512
33.21954
33.23091
33.2255
33.23639
33.23737
33.24217
33.24335
33.24804
33.24924
33.25362
33.25509
33.25938
33.26091
33.26511
33.26692
33.27061
33.27254
33.27629
33.27841
33.28185
33.28435
33.28759
33.29028
33.29327
33.29609
33.29876
33.30231
33.30475
33.30814
33.31055
33.31438
33.31629
33.32035
33.32207
33.3264
33.32798
33.3323
33.33363
33.33844
33.33939
33.34442
33.34545
33.35043
33.35125
33.35665
33.35711
33.36264
33.36895
33.36895
33.37488
33.37496
33.38095
33.38118
33.38663
33.38745
33.39261
33.39382
33.39844
33.39998
33.40437
33.40606
33.41014
33.41218
33.4162
33.41808
33.42208
33.42394
33.42793
33.42993
33.43386
33.43568
33.43979
33.44167
33.44571
33.44738
33.45137
33.45357
33.45724
33.45934
33.46335
33.46581
33.46891
33.47159
33.47461
33.47751
33.48055
33.4834
33.48604
33.48942
33.49194
33.49565
33.49777
33.50175
33.50312
33.5078
33.50853
33.51355
33.5141
33.51958
33.51975
33.52525
33.5256
33.53136
33.53125
33.53706
33.53714
33.54323
33.55476
33.54917
33.56065
33.55538
33.56607
33.56185
33.57145
33.56838
33.57681
33.57486
33.58224
33.58134
33.58758
33.58782
33.59296
33.59431
33.59834
33.60085
33.60382
33.60733
33.60913
33.61382
33.61454
33.6203
33.62012
33.62678
33.62582
33.63323
33.63174
33.6396
33.63784
33.64608
33.64396
33.65256
33.65025
33.65889
33.65661
33.66537
33.66828
33.67192
33.67453
33.67834
33.68067
33.68482
33.68671
33.69107
33.69264
33.69754
33.6982
33.70409
33.70371
33.70988
33.70984
33.71618
33.71542
33.72232
33.72116
33.72876
33.72677
33.73519
33.73259
33.74166
33.73874
33.74813
33.7445
33.7545
33.75071
33.76092
33.75716
33.76746
33.76368
33.77375
33.77015
33.78024
33.77651
33.78655
33.78266
33.79303
33.78889
33.79926
33.79497
33.80573
33.8014
33.81207
33.80758
33.81856
33.81405
33.82503
33.82018
33.83152
33.8266
33.83806
33.83276
33.84454
33.83883
33.85102
33.85124
33.85751
33.85692
33.86399
33.8624
33.86998
33.8676
33.87597
33.87309
33.88149
33.87855
33.887
33.88385
33.89257
33.88883
33.89855
33.89954
33.90474
33.90458
33.91103
33.9154
33.91684
33.9207
33.92208
33.92632
33.9284
33.93163
33.93484
33.93704
33.94127
33.94285
33.94772
33.94852
33.95418
33.95404
33.96066
33.95979
33.9672
33.96526
33.97367
33.97121
33.98016
33.97682
33.98664
33.9824
33.99312
33.98856
33.99966
33.99422
34.00528
34.00014
34.01109
34.00586
34.01668
34.01178
34.02218
34.01788
34.02855
34.02348
34.03502
34.02991
34.04146
34.03619
34.04792
34.04249
34.05439
34.04892
34.06086
34.05527
34.06741
34.06154
34.07388
34.06791
34.08036
34.07396
34.08685
34.08042
34.09333
34.08661
34.09987
34.09292
34.10635
34.0991
34.11283
34.1052
34.11932
34.11147
34.1258
34.11767
34.13184
34.12372
34.13811
34.12978
34.14459
34.13583
34.15054
34.14226
34.15673
34.14869
34.16261
34.1548
34.16853
34.16104
34.17448
34.16702
34.18009
34.17309
34.1861
34.17927
34.1918
34.1857
34.1978
34.1919
34.20378
34.19808
34.21017
34.20454
34.21613
34.21071
34.22203
34.21708
34.22822
34.22338
34.23409
34.22961
34.23997
34.23595
34.24583
34.24207
34.25174
34.24809
34.25772
34.25421
34.26388
34.26028
34.27008
34.26651
34.27618
34.27259
34.28231
34.27874
34.28833
34.28489
34.2943
34.29125
34.30045
34.29748
34.30661
34.30363
34.3125
34.30999
34.31895
34.31604
34.32485
34.32227
34.33105
34.32835
34.33708
34.33444
34.34341
34.34055
34.34935
34.34674
34.35532
34.35278
34.36117
34.35932
34.36723
34.36555
34.37341
34.37201
34.37928
34.37849
34.38557
34.38471
34.39203
34.39098
34.3985
34.39743
34.40504
34.40364
34.41151
34.40986
34.418
34.41567
34.42447
34.42134
34.43096
34.42754
34.4375
34.43329
34.44398
34.4394
34.45047
34.44501
34.45695
34.45104
34.4632
34.45684
34.46916
34.46296
34.47488
34.46858
34.48052
34.47465
34.4863
34.4803
34.49192
34.48645
34.49831
34.49231
34.5048
34.49833
34.51124
34.50422
34.51771
34.51062
34.52418
34.51669
34.53065
34.52315
34.5372
34.52939
34.54367
34.53566
34.55015
34.54214
34.55664
34.5485
34.56312
34.55476
34.56966
34.56085
34.57614
34.56689
34.58262
34.57293
34.5891
34.5791
34.59515
34.58501
34.60153
34.5915
34.60774
34.59777
34.61422
34.60373
34.62024
34.6101
34.62671
34.61603
34.63325
34.6221
34.63919
34.6282
34.64565
34.63463
34.65212
34.64068
34.6586
34.64643
34.66508
34.65247
34.67162
34.6583
34.6781
34.66424
34.68459
34.67002
34.69107
34.67644
34.69755
34.68227
34.70387
34.68867
34.71035
34.69477
34.71683
34.70097
34.72331
34.70675
34.72979
34.71284
34.73634
34.71879
34.74282
34.72453
34.7493
34.73073
34.75578
34.73653
34.76226
34.74228
34.76881
34.74869
34.77529
34.75452
34.78177
34.76103
34.78825
34.76749
34.79473
34.77396
34.80128
34.78043
34.80776
34.78686
34.81424
34.79312
34.82072
34.7996
34.8272
34.80608
34.83375
34.81256
34.84024
34.81905
34.84672
34.8256
34.8532
34.83189
34.85968
34.8383
34.86623
34.8446
34.87271
34.85104
34.87919
34.85752
34.88567
34.8636
34.89215
34.86989
34.89864
34.87637
34.90518
34.88264
34.91166
34.88873
34.91815
34.89509
34.92468
34.90089
34.93116
34.90707
34.93771
34.91333
34.94401
34.91936
34.95049
34.92572
34.95697
34.93187
34.96346
34.93827
34.97
34.9447
34.97648
34.95068
34.98296
34.95706
34.98944
34.96322
34.99574
34.96967
35.00229
34.97575
35.00877
34.98203
35.01525
34.98826
35.02173
34.99481
35.02821
35.00098
35.03476
35.00726
35.04124
35.01331
35.04773
35.01947
35.05421
35.02592
35.06069
35.03194
35.06723
35.0378
35.07372
35.04376
35.0799
35.04973
35.08554
35.05572
35.09134
35.06155
35.09707
35.06785
35.10316
35.07408
35.10876
35.08032
35.11444
35.08676
35.12015
35.09309
35.12585
35.09927
35.13167
35.10543
35.13728
35.11191
35.14304
35.11837
35.14866
35.12454
35.15464
35.13076
35.16106
35.13689
35.16725
35.1429
35.17313
35.14937
35.1794
35.15541
35.18586
35.1616
35.19233
35.1678
35.19881
35.17408
35.20535
35.18037
35.21183
35.18639
35.21831
35.19281
35.22479
35.19895
35.23127
35.20491
35.23782
35.21081
35.2443
35.21672
35.25078
35.22247
35.25727
35.22815
35.2638
35.23403
35.27034
35.23996
35.27682
35.2455
35.28325
35.25117
35.28973
35.25722
35.29622
35.26337
35.30276
35.26947
35.30925
35.2753
35.31573
35.28175
35.32221
35.28797
35.32869
35.29449
35.33524
35.30063
35.34172
35.30693
35.34821
35.3134
35.35469
35.31975
35.36117
35.32612
35.36771
35.33249
35.3742
35.33897
35.38068
35.34525
35.38716
35.35166
35.39364
35.35781
35.40019
35.36382
35.40667
35.37
35.41315
35.3763
35.41963
35.38249
35.42611
35.3887
35.43266
35.39494
35.43914
35.4011
35.44563
35.40703
35.45211
35.41305
35.45859
35.41905
35.46507
35.42506
35.47162
35.43105
35.4781
35.43702
35.48458
35.44298
35.49107
35.44866
35.49755
35.45463
35.50409
35.46067
35.51057
35.46646
35.51706
35.47242
35.52354
35.47829
35.52952
35.48422
35.5354
35.4901
35.54109
35.49612
35.54695
35.502
35.55245
35.50772
35.55807
35.51331
35.56431
35.51914
35.56993
35.52475
35.57554
35.53049
35.58182
35.53603
35.58824
35.54165
35.59469
35.54718
35.60122
35.5528
35.60769
35.55864
35.61417
35.56411
35.62064
35.56989
35.62712
35.57571
35.63367
35.58152
35.64015
35.58723
35.64663
35.59318
35.65248
35.59951
35.65834
35.6055
35.66414
35.61153
35.66991
35.618
35.67561
35.62447
35.6813
35.63101
35.68706
35.63749
35.69275
35.64397
35.69856
35.65046
35.70631
35.65694
35.71251
35.66349
35.71897
35.66997
35.72518
35.67646
35.73107
35.68254
35.73706
35.70102
35.74298
35.70715
35.74866
35.71915
35.75495
35.72543
35.76126
35.73149
35.76767
35.73735
35.77389
35.77248
35.77989
35.77832
35.78619
35.78406
35.79252
35.78982
35.79867
35.79572
35.805
35.80124
35.81143
35.80686
35.81779
35.81814
35.82388
35.82405
35.83035
35.82954
35.83689
35.83509
35.84317
35.84049
35.84965
35.84636
35.85613
35.85193
35.86261
35.85744
35.86916
35.8629
35.87564
35.86833
35.88212
35.87375
35.8886
35.87938
35.89508
35.88473
35.90162
35.89006
35.90811
35.89554
35.91459
35.90085
35.92107
35.9063
35.92755
35.91176
35.93409
35.91718
35.94035
35.92276
35.9468
35.92827
35.95294
35.93373
35.95926
35.93908
35.96542
35.94536
35.97182
35.95085
35.97805
35.9565
35.98427
35.96253
35.99072
35.96843
35.99714
35.97393
36.00368
35.97959
36.01005
35.98542
36.01653
35.99102
36.02299
35.99681
36.02923
36.00281
36.03532
36.00845
36.0418
36.01427
36.04778
36.02018
36.05392
36.02586
36.05995
36.03179
36.06599
36.03756
36.07222
36.04371
36.07831
36.04964
36.08424
36.05595
36.09024
36.06236
36.096
36.0682
36.10249
36.07403
36.10856
36.08014
36.11425
36.08584
36.12061
36.09222
36.12699
36.09806
36.13353
36.10424
36.13991
36.11033
36.14639
36.11668
36.15287
36.12301
36.1591
36.12956
36.16558
36.1359
36.17206
36.14204
36.17854
36.14853
36.18502
36.15501
36.19138
36.16156
36.19768
36.16777
36.20395
36.17425
36.21043
36.1805
36.21661
36.18678
36.22285
36.193
36.22933
36.19928
36.23555
36.20576
36.24168
36.21217
36.24816
36.21865
36.25464
36.22486
36.26108
36.23108
36.26741
36.23727
36.27389
36.24375
36.28002
36.25024
36.28638
36.25652
36.29284
36.26256
36.29939
36.26902
36.30527
36.27539
36.31139
36.28132
36.31767
36.28717
36.32413
36.29367
36.33047
36.30013
36.33656
36.3066
36.34303
36.31307
36.34925
36.31955
36.35557
36.32601
36.36206
36.33249
36.3686
36.3389
36.37508
36.34534
36.38147
36.35182
36.38795
36.35836
36.39415
36.36473
36.40038
36.37122
36.40652
36.37772
36.413
36.38424
36.41925
36.39073
36.42573
36.39727
36.43221
36.40376
36.43843
36.40976
36.44447
36.4161
36.45094
36.42257
36.45697
36.42888
36.46336
36.43536
36.4698
36.44147
36.47628
36.44796
36.48217
36.45435
36.48862
36.46074
36.49428
36.46722
36.50014
36.47364
36.50589
36.47989
36.51172
36.48637
36.51753
36.49292
36.52298
36.49939
36.52891
36.50587
36.53482
36.51222
36.54028
36.51871
36.54633
36.52525
36.55185
36.53173
36.55729
36.53822
36.56333
36.54455
36.56898
36.55103
36.57457
36.55723
36.58054
36.56377
36.58612
36.56999
36.59175
36.57646
36.5975
36.58294
36.6031
36.58868
36.60881
36.59505
36.61475
36.60107
36.62034
36.60754
36.62584
36.61398
36.63179
36.62046
36.63745
36.6263
36.6431
36.63275
36.64886
36.63921
36.65441
36.64552
36.66073
36.65194
36.66632
36.658
36.67273
36.66388
36.67841
36.66988
36.68417
36.67596
36.68993
36.68187
36.69572
36.68772
36.70154
36.69364
36.7074
36.6999
36.71362
36.70635
36.71956
36.71244
36.72552
36.71875
36.73136
36.72465
36.73726
36.73117
36.74312
36.73764
36.74925
36.74329
36.75496
36.74973
36.76099
36.75618
36.76719
36.76241
36.7733
36.76846
36.77902
36.77463
36.78545
36.78102
36.79153
36.7875
36.79749
36.79349
36.80402
36.79964
36.80973
36.80543
36.81588
36.81187
36.82211
36.81791
36.82845
36.82361
36.83446
36.82954
36.8406
36.84119
36.84678
36.84701
36.85276
36.85342
36.8587
36.85925
36.86482
36.86541
36.87118
36.87187
36.87764
36.87832
36.88363
36.88447
36.88964
36.89089
36.89601
36.89715
36.90182
36.90318
36.90757
36.90946
36.91345
36.91594
36.91957
36.92226
36.92556
36.92846
36.93158
36.93494
36.93767
36.94132
36.94386
36.94762
36.95034
36.95374
36.95622
36.96029
36.96225
36.96677
36.96862
36.97325
36.97438
36.97963
36.98029
36.98557
36.98607
36.9918
36.99202
36.99779
36.99796
