0.01068724
0.007732049
0.01671818
0.0135548
0.02275909
0.01916741
0.02867573
0.02527341
0.03462361
0.03088187
0.04041103
0.03641107
0.04623603
0.04187111
0.05205078
0.04737568
0.05782779
0.05290253
0.06370277
0.05846678
0.06956359
0.06403184
0.07549216
0.06952323
0.08136017
0.07502517
0.08719147
0.08048961
0.093004
0.08603166
0.0987248
0.09159184
0.104531
0.09709181
0.1102393
0.1025209
0.1159083
0.108021
0.1216417
0.113504
0.1273397
0.1189705
0.1330331
0.124558
0.1386479
0.1300945
0.1442663
0.135553
0.1498058
0.1410737
0.1553599
0.1465549
0.160837
0.1520218
0.1663536
0.1575756
0.1718076
0.1629735
0.1772204
0.1684713
0.1826299
0.1739465
0.1879878
0.17944
0.193369
0.1849712
0.1987294
0.1904796
0.2041397
0.1960711
0.2094855
0.2016085
0.2148166
0.2071293
0.2201561
0.2125982
0.2254978
0.2181461
0.2308413
0.2236752
0.2389521
0.2292356
0.2442814
0.2347417
0.2496273
0.2401708
0.2549708
0.2456273
0.2607438
0.2511248
0.2662167
0.2565956
0.2715585
0.2621414
0.2768872
0.2676516
0.282229
0.2731642
0.2875538
0.278543
0.2930415
0.2839975
0.2983621
0.2894389
0.3037955
0.2948701
0.3091139
0.3001614
0.3144409
0.3055803
0.3197512
0.3109553
0.325072
0.3163906
0.3304869
0.3217594
0.3360638
0.3271467
0.3413324
0.3324363
0.3465239
0.3377174
0.3518113
0.3430486
0.3570882
0.3484021
0.362359
0.3536667
0.3676839
0.3590172
0.3729319
0.3643128
0.3781797
0.3696377
0.3834087
0.3749546
0.3886503
0.3802253
0.394096
0.3855064
0.3992669
0.3908126
0.4044687
0.3961082
0.4097687
0.401402
0.415004
0.4066999
0.4202748
0.4119955
0.4253289
0.4173501
0.4304996
0.4226266
0.4357137
0.4279702
0.4408619
0.4332244
0.445991
0.4384724
0.4511242
0.443741
0.4562407
0.4490574
0.4613366
0.4543222
0.4664756
0.4596198
0.4715465
0.4649178
0.4766047
0.4701903
0.4816802
0.4754488
0.4867357
0.4807076
0.4917821
0.4859612
0.4968116
0.4912822
0.5021342
0.4965754
0.5071945
0.5018358
0.5122174
0.507065
0.5172275
0.5122858
0.5222254
0.5175337
0.5272337
0.5227524
0.5322315
0.5280479
0.5372939
0.5333312
0.5422834
0.5384833
0.547304
0.5437332
0.5523266
0.5489371
0.5573228
0.554158
0.5623264
0.5594349
0.5673619
0.5646166
0.5723178
0.5697783
0.5822228
0.5749615
0.5871663
0.5801241
0.592112
0.5853328
0.5970684
0.5905071
0.6019828
0.595707
0.6068888
0.6008279
0.6118239
0.6059509
0.6167822
0.6109921
0.6217717
0.6161128
0.6267152
0.6212355
0.6316504
0.6264169
0.6366503
0.6314853
0.6415898
0.6365817
0.6465258
0.6416445
0.6514554
0.6466838
0.6563904
0.6517274
0.6613173
0.6567798
0.6663046
0.6618648
0.6712378
0.6668814
0.6761711
0.6719
0.6811606
0.6769144
0.6861332
0.6819288
0.6910747
0.6869308
0.6960685
0.691987
0.7011161
0.6969951
0.7061077
0.7019888
0.7110742
0.7069948
0.7160074
0.712024
0.7209268
0.7170071
0.7258496
0.7219902
0.7307684
0.7269201
0.7357661
0.7319036
0.7407287
0.7368786
0.7456515
0.7418761
0.7505656
0.7468948
0.7554843
0.7518778
0.7604092
0.7568387
0.7653256
0.761888
0.7703195
0.7669026
0.7752901
0.7718711
0.7802085
0.7768294
0.7851301
0.7817917
0.7900425
0.7867959
0.7949592
0.7918477
0.7999465
0.7968454
0.8048549
0.8018212
0.809761
0.806792
0.8146693
0.8118042
0.8195792
0.8168169
0.8245463
0.8218063
0.8294978
0.826831
0.8344725
0.8317704
0.8393766
0.8367288
0.8442912
0.8416869
0.8492565
0.8466285
0.8541772
0.8515721
0.8591165
0.8565198
0.8640354
0.8615364
0.8688934
0.8664883
0.8738475
0.8714298
0.8787433
0.8763639
0.8836407
0.8813056
0.8885368
0.8862638
0.8934367
0.8913282
0.8983699
0.8963385
0.9033195
0.9013448
0.9081962
0.9063133
0.9130742
0.9113173
0.9179428
0.9162921
0.9228344
0.9212544
0.927705
0.926267
0.9326572
0.9312375
0.9375361
0.9362041
0.9424212
0.9411393
0.9473377
0.9460891
0.9522751
0.95104
0.9571945
0.955996
0.9620979
0.9609961
0.967079
0.9659479
0.9719996
0.9708981
0.9769669
0.975854
0.9818899
0.9807976
0.9868105
0.9857515
0.9917771
0.9907098
0.9966978
0.9955867
1.001698
1.000551
1.006748
1.005489
1.011618
1.010438
1.016554
1.015386
1.021487
1.020314
1.026464
1.02533
1.031399
1.030266
1.036265
1.035199
1.041185
1.040134
1.046091
1.045078
1.050993
1.050028
1.055914
1.054886
1.060759
1.059882
1.070567
1.064809
1.075436
1.069754
1.080286
1.074654
1.085144
1.079658
1.090004
1.084653
1.094852
1.089607
1.09979
1.094621
1.104655
1.099567
1.109513
1.104508
1.114392
1.109471
1.119267
1.114415
1.12415
1.119379
1.129021
1.124398
1.133968
1.12935
1.138862
1.134308
1.143747
1.139274
1.148639
1.144291
1.153541
1.149288
1.158487
1.154257
1.163396
1.159264
1.168364
1.164231
1.173325
1.169218
1.178231
1.174153
1.183139
1.179066
1.188055
1.184026
1.19298
1.189009
1.197932
1.193903
1.202922
1.198848
1.207832
1.203796
1.212765
1.20873
1.21774
1.213663
1.222675
1.218606
1.227601
1.223581
1.232594
1.228553
1.237543
1.23348
1.242476
1.238401
1.247396
1.243332
1.252324
1.248238
1.257252
1.253154
1.262185
1.258133
1.267188
1.263047
1.272158
1.267967
1.277096
1.272889
1.282035
1.277827
1.287016
1.282749
1.292004
1.287676
1.296927
1.292668
1.301916
1.297612
1.306841
1.302547
1.311779
1.30752
1.316716
1.312478
1.321647
1.31746
1.326572
1.32243
1.331505
1.327315
1.336499
1.332328
1.341449
1.33729
1.346328
1.342242
1.351248
1.347204
1.356163
1.352217
1.361082
1.357183
1.366074
1.362212
1.370991
1.36719
1.375942
1.372198
1.38092
1.377188
1.385865
1.382169
1.3908
1.387179
1.395733
1.392231
1.400731
1.397204
1.405675
1.402154
1.4106
1.407179
1.415529
1.412145
1.42047
1.417106
1.425401
1.422064
1.430348
1.427103
1.435354
1.432064
1.4403
1.437032
1.445285
1.441993
1.450252
1.446979
1.455235
1.451958
1.460191
1.456958
1.465193
1.462018
1.470072
1.466986
1.47502
1.472009
1.479999
1.477041
1.48494
1.482051
1.489861
1.487036
1.494786
1.492119
1.499784
1.497136
1.504755
1.502102
1.509682
1.507071
1.514607
1.512044
1.519559
1.516989
1.524484
1.521974
1.529397
1.526998
1.534384
1.531965
1.539375
1.536919
1.544346
1.541883
1.549275
1.54684
1.554193
1.551804
1.559104
1.556771
1.564026
1.561801
1.569036
1.566762
1.574021
1.571733
1.579017
1.576707
1.584
1.581686
1.588948
1.58672
1.593925
1.591811
1.598895
1.596801
1.603918
1.601779
1.608895
1.606797
1.613928
1.611837
1.618982
1.616833
1.624018
1.62182
1.629017
1.626899
1.634086
1.631836
1.639132
1.636849
1.644121
1.64188
1.654138
1.646867
1.659124
1.651834
1.664107
1.656819
1.69379
1.661852
1.698685
1.666841
1.708552
1.671821
1.713454
1.676804
1.718367
1.681784
1.723296
1.686781
1.728271
1.691852
1.733304
1.696838
1.738231
1.701825
1.743158
1.706812
1.748091
1.711795
1.753037
1.716766
1.757995
1.721756
1.763003
1.726847
1.768047
1.731828
1.773026
1.736799
1.777913
1.741784
1.782851
1.746786
1.787795
1.751809
1.792755
1.756803
1.797757
1.761847
1.802643
1.766849
1.807587
1.771866
1.812534
1.776911
1.817486
1.781897
1.822428
1.786999
1.827363
1.792142
1.832311
1.797215
1.837317
1.802246
1.842281
1.807265
1.84727
1.812279
1.852218
1.817208
1.857154
1.82219
1.862115
1.827235
1.867187
1.832229
1.872187
1.837195
1.877164
1.842193
1.882058
1.847171
1.887022
1.852079
1.892012
1.857033
1.896927
1.862048
1.901953
1.867017
1.906916
1.872006
1.911872
1.876972
1.916853
1.881928
1.921863
1.886899
1.926815
1.891905
1.931778
1.89687
1.936806
1.901836
1.941774
1.90678
1.946726
1.911759
1.951687
1.916763
1.956659
1.921732
1.961628
1.926762
1.966651
1.931722
1.971627
1.93669
1.97659
1.941661
1.981558
1.946638
1.986519
1.9516
1.991485
1.956571
1.996456
1.961606
2.001493
1.966579
2.006459
1.971533
2.011434
1.976527
2.016408
1.981547
2.021388
1.986514
2.026358
1.991543
2.031343
1.996515
2.036381
2.001479
2.041358
2.006467
2.046399
2.011487
2.051326
2.016456
2.056339
2.02142
2.061366
2.026466
2.06643
2.031433
2.071417
2.036414
2.076411
2.041441
2.081403
2.046434
2.086404
2.051403
2.091399
2.056371
2.096411
2.061425
2.101468
2.066421
2.106474
2.071444
2.111476
2.076441
2.116492
2.081434
2.121496
2.086415
2.126508
2.091474
2.131558
2.096438
2.136598
2.101432
2.141629
2.106361
2.146709
2.111331
2.151789
2.116317
2.156812
2.121323
2.161856
2.126429
2.166978
2.1314
2.172002
2.136376
2.177021
2.141341
2.182037
2.14632
2.18706
2.15134
2.192116
2.156331
2.197127
2.161371
2.202204
2.166389
2.207226
2.171373
2.212278
2.176376
2.217301
2.181402
2.22233
2.186349
2.227399
2.191382
2.232469
2.196332
2.237519
2.201347
2.242548
2.206348
2.247613
2.211296
2.252644
2.21625
2.257698
2.22119
2.262678
2.226192
2.267774
2.231132
2.272821
2.236067
2.277903
2.241003
2.282975
2.245934
2.288071
2.250884
2.293146
2.255809
2.298211
2.260813
2.30335
2.265754
2.308487
2.270683
2.313623
2.27565
2.318739
2.280639
2.323795
2.285612
2.328924
2.290508
2.334139
2.297493
2.33926
2.302445
2.344391
2.307393
2.34952
2.312355
2.354691
2.317317
2.359826
2.322278
2.364972
2.327312
2.370174
2.332274
2.37533
2.337291
2.380474
2.342286
2.385627
2.347249
2.390784
2.352203
2.395945
2.357155
2.401184
2.362176
2.40634
2.367123
2.411513
2.372086
2.416659
2.377088
2.421798
2.382017
2.426938
2.386986
2.432065
2.392048
2.437284
2.397017
2.442354
2.401984
2.447469
2.406959
2.4526
2.411927
2.457706
2.416906
2.462787
2.42185
2.467943
2.426894
2.473039
2.431875
2.478179
2.436891
2.483264
2.441895
2.488345
2.446854
2.493441
2.45182
2.498511
2.456801
2.503657
2.461864
2.508753
2.466778
2.513815
2.471767
2.518894
2.476753
2.523972
2.481708
2.529045
2.486695
2.534187
2.491728
2.539261
2.496699
2.544349
2.501682
2.549409
2.506671
2.55449
2.511657
2.559555
2.51665
2.564653
2.521667
2.56979
2.526777
2.574878
2.531825
2.579964
2.536925
2.585083
2.54201
2.590192
2.547106
2.595323
2.552204
2.600491
2.557304
2.605616
2.562485
2.610729
2.567528
2.615827
2.572633
2.620899
2.577725
2.626026
2.582819
2.631157
2.587891
2.636343
2.593002
2.64149
2.598074
2.646591
2.603173
2.651712
2.608202
2.656824
2.613237
2.661999
2.61826
2.667166
2.623288
2.672272
2.628359
2.677378
2.633382
2.682482
2.638409
2.687597
2.643465
2.692705
2.648465
2.697828
2.653473
2.702886
2.658554
2.708002
2.66361
2.713117
2.668611
2.718237
2.67364
2.723356
2.678655
2.728485
2.683661
2.733708
2.688684
2.738837
2.69364
2.743958
2.698692
2.749137
2.703665
2.754308
2.708693
2.759434
2.713729
2.764574
2.718806
2.772316
2.723845
2.777437
2.728935
2.782564
2.734007
2.787689
2.739022
2.792853
2.744024
2.798032
2.749051
2.803111
2.754076
2.808228
2.759227
2.813349
2.764239
2.818474
2.769256
2.823586
2.774258
2.828707
2.779282
2.83388
2.784307
2.838989
2.789318
2.844098
2.794303
2.849211
2.799386
2.85434
2.804426
2.859525
2.809459
2.864709
2.814475
2.869892
2.819519
2.874979
2.824667
2.880106
2.82976
2.885225
2.834789
2.890333
2.839827
2.895461
2.844883
2.900633
2.849988
2.905744
2.855084
2.91085
2.860223
2.915968
2.865312
2.921074
2.870394
2.926191
2.875437
2.931309
2.880464
2.936499
2.885508
2.94162
2.890552
2.946765
2.895664
2.951913
2.900716
2.957034
2.905753
2.962165
2.910811
2.967392
2.915886
2.972509
2.920869
2.977606
2.925982
2.982709
2.931015
2.987828
2.936071
2.992971
2.941092
2.998028
2.946152
3.003219
2.951249
3.008327
2.956297
3.01344
2.961398
3.018565
2.966438
3.023688
2.971469
3.028857
2.976523
3.034042
2.981555
3.039177
2.986583
3.044287
2.99168
3.049444
2.996712
3.054566
3.001745
3.059695
3.006802
3.064833
3.011852
3.07002
3.016941
3.075161
3.022003
3.080307
3.027101
3.085449
3.032164
3.090607
3.037257
3.095763
3.04232
3.101003
3.047364
3.106155
3.052428
3.111359
3.057526
3.116586
3.06263
3.121798
3.067743
3.127017
3.072809
3.132288
3.077882
3.137585
3.082949
3.142818
3.08804
3.148088
3.09323
3.153357
3.09832
3.169325
3.103396
3.217878
3.108529
3.266552
3.113625
3.315373
3.118702
3.364279
3.123829
3.413284
3.128985
3.418689
3.13406
3.424103
3.139137
3.429528
3.144222
3.435001
3.149291
3.440388
3.15443
3.445778
3.159586
3.451077
3.164646
3.456445
3.169702
3.461786
3.174791
3.467194
3.179874
3.472523
3.184952
3.477869
3.190083
3.483196
3.195262
3.488523
3.200397
3.493879
3.205508
3.499269
3.210651
3.504579
3.215776
3.509862
3.220855
3.515154
3.226023
3.520441
3.231111
3.52572
3.236232
3.530997
3.241348
3.536343
3.246479
3.541618
3.251569
3.546891
3.25666
3.552164
3.261815
3.557434
3.266908
3.562709
3.272037
3.568048
3.277075
3.573318
3.2822
3.578588
3.287317
3.583861
3.292506
3.589136
3.297662
3.594407
3.302796
3.599759
3.307945
3.605036
3.313114
3.610327
3.318297
3.615633
3.323447
3.620923
3.328662
3.626229
3.333877
3.631494
3.339066
3.636833
3.344306
3.642102
3.349501
3.647358
3.354734
3.652624
3.360068
3.657902
3.365389
3.663124
3.370741
3.668458
3.376055
3.673726
3.381426
3.678987
3.386772
3.684255
3.392182
3.689507
3.397572
3.694786
3.402996
3.700161
3.408313
3.705421
3.413748
3.710686
3.419157
3.71595
3.424607
3.721282
3.429973
3.726588
3.435344
3.731865
3.440773
3.737075
3.446187
3.742337
3.451562
3.747585
3.456948
3.752858
3.462402
3.758123
3.467789
3.763368
3.473181
3.768695
3.4786
3.773956
3.483947
3.779235
3.489339
3.784504
3.49482
3.789804
3.500168
3.79507
3.505587
3.800393
3.511001
3.805645
3.51634
3.810911
3.52168
3.816161
3.527078
3.821457
3.532418
3.826705
3.537738
3.831965
3.543108
3.837303
3.548463
3.842553
3.553734
3.847825
3.559125
3.853107
3.564455
3.858367
3.569773
3.863646
3.575123
3.868977
3.580296
3.874283
3.585648
3.879548
3.591019
3.884829
3.596325
3.890127
3.6016
3.895394
3.606923
3.900737
3.612267
3.905981
3.617583
3.911237
3.622924
3.916506
3.628237
3.921778
3.633543
3.927057
3.638808
3.932334
3.644112
3.937687
3.649428
3.942966
3.654728
3.948241
3.660109
3.953514
3.665397
3.958795
3.670676
3.964097
3.675949
3.969303
3.681207
3.974618
3.686494
3.979908
3.691871
3.985249
3.697151
3.990557
3.702407
3.995826
3.707703
4.001184
3.712967
4.006496
3.718229
4.011774
3.723479
4.017078
3.728815
4.022369
3.734069
4.027663
3.739358
4.033028
3.744638
4.038321
3.749937
4.043611
3.755219
4.048958
3.76042
4.054263
3.765716
4.05954
3.771033
4.064846
3.776295
4.070202
3.781541
4.0755
3.786787
4.080856
3.792099
4.086154
3.797341
4.091437
3.802588
4.096716
3.807822
4.102078
3.813082
4.10736
3.818357
4.112639
3.823626
4.117951
3.828799
4.123255
3.834067
4.128549
3.839298
4.133909
3.844531
4.139211
3.849783
4.144524
3.855014
4.149888
3.860318
4.155195
3.865537
4.160486
3.870775
4.165842
3.875987
4.171154
3.881214
4.176469
3.886483
4.181771
3.891781
4.187067
3.897006
4.192392
3.902245
4.197671
3.907514
4.203069
3.912761
4.20836
3.917993
4.213669
3.923226
4.218962
3.928413
4.224265
3.933699
4.22957
3.938934
4.234931
3.944186
4.240233
3.949467
4.245533
3.954715
4.250833
3.960015
4.256133
3.965261
4.261462
3.970496
4.266874
3.975737
4.27217
3.980962
4.277489
3.986209
4.282788
3.991523
4.288109
3.99681
4.293413
4.002094
4.298726
4.007349
4.304088
4.012588
4.309394
4.017834
4.314692
4.023063
4.319996
4.028265
4.325306
4.033508
4.330665
4.038754
4.336059
4.04401
4.341404
4.049308
4.346715
4.054566
4.352031
4.059908
4.357352
4.0652
4.362656
4.070499
4.368056
4.07572
4.373358
4.08103
4.378687
4.086299
4.383989
4.091614
4.389308
4.096893
4.39462
4.102134
4.400012
4.107378
4.405324
4.112614
4.410649
4.117859
4.415993
4.123107
4.421303
4.128409
4.426624
4.133655
4.431961
4.138905
4.437346
4.144135
4.442651
4.149385
4.447953
4.154623
4.453261
4.159919
4.458563
4.165152
4.463871
4.17039
4.469261
4.175619
4.474563
4.180841
4.479865
4.186079
4.485161
4.191368
4.490477
4.196605
4.495802
4.201835
4.501162
4.207067
4.506485
4.212299
4.511766
4.217543
4.517085
4.222782
4.522406
4.227988
4.527714
4.233313
4.533116
4.238557
4.538474
4.243811
4.543799
4.249082
4.54908
4.254386
4.554397
4.259715
4.559701
4.265015
4.564999
4.270333
4.570374
4.2756
4.575667
4.280854
4.580974
4.286137
4.586269
4.291419
4.591559
4.296721
4.596859
4.301987
4.602232
4.307237
4.607509
4.312489
4.612821
4.317739
4.618113
4.323001
4.623423
4.328318
4.628765
4.33358
4.634146
4.338874
4.639425
4.344172
4.644708
4.34942
4.65001
4.354671
4.655304
4.360013
4.660606
4.365313
4.665954
4.370588
4.671237
4.375854
4.676533
4.381134
4.681822
4.386398
4.687118
4.391736
4.692432
4.397015
4.697724
4.402298
4.703082
4.40758
4.708382
4.412869
4.713701
4.418155
4.719009
4.42345
4.724328
4.428686
4.72962
4.433982
4.73499
4.43926
4.74029
4.444552
4.745596
4.449841
4.750909
4.455133
4.756227
4.460492
4.761535
4.465773
4.766911
4.471065
4.772229
4.476352
4.777554
4.481635
4.782849
4.486927
4.788179
4.492279
4.793479
4.497554
4.79878
4.502825
4.804168
4.508106
4.809472
4.513428
4.814791
4.518731
4.820093
4.52412
4.825388
4.529324
4.830695
4.53462
4.836097
4.539958
4.841465
4.545309
4.846771
4.550646
4.852082
4.555946
4.857384
4.561303
4.862707
4.566663
4.86808
4.571998
4.873398
4.577292
4.8787
4.582619
4.884017
4.587919
4.889332
4.593329
4.894711
4.598634
4.900094
4.603927
4.905419
4.609208
4.910735
4.614498
4.916056
4.6198
4.921383
4.62515
4.926702
4.630452
4.93201
4.635718
4.937383
4.641014
4.942699
4.646299
4.947999
4.651574
4.953318
4.656866
4.958611
4.662101
4.963914
4.667409
4.969301
4.672693
4.974616
4.67798
4.979911
4.6833
4.985234
4.688599
4.990541
4.693932
4.995842
4.699207
5.00123
4.704492
5.00654
4.709767
5.011848
4.715069
5.022473
4.720369
5.02779
4.725738
5.033167
4.731017
5.038484
4.736302
5.0438
4.74159
5.049119
4.746879
5.054446
4.752177
5.059756
4.757527
5.065073
4.762837
5.070452
4.768129
5.075818
4.773431
5.081146
4.778706
5.086454
4.784001
5.091785
4.789291
5.09711
4.794645
5.102484
4.799945
5.107808
4.805289
5.113118
4.810543
5.118428
4.815855
5.123739
4.821201
5.129061
4.830877
5.134418
4.836184
5.139749
4.841469
5.145111
4.846813
5.15044
4.852103
5.155759
4.85746
5.161055
4.86274
5.166452
4.868058
5.171783
4.873348
5.177096
4.87865
5.182437
4.883952
5.187815
4.889258
5.193131
4.89452
5.198452
4.899879
5.203825
4.90525
5.209144
4.910562
5.214466
4.915858
5.219787
4.921164
5.225141
4.926532
5.230493
4.931839
5.235866
4.93713
5.241183
4.942441
5.246516
4.947742
5.251832
4.953007
5.257143
4.958351
5.262466
4.963663
5.267841
4.968934
5.273176
4.974236
5.278505
4.979517
5.283861
4.984794
5.289194
4.990084
5.294498
4.995433
5.305703
5.000714
5.310998
5.006004
5.316332
5.011306
5.321642
5.016604
5.326954
5.021894
5.332256
5.02725
5.337634
5.03255
5.342952
5.037854
5.348248
5.04317
5.353533
5.04846
5.35886
5.053755
5.364169
5.059114
5.369545
5.06443
5.374864
5.069788
5.380216
5.075089
5.385532
5.080409
5.390874
5.085715
5.396201
5.091111
5.401588
5.096455
5.406903
5.1018
5.41222
5.107115
5.417544
5.112384
5.422853
5.117702
5.428146
5.123006
5.433522
5.128386
5.438828
5.133687
5.444132
5.13903
5.449454
5.14433
5.454809
5.149629
5.460115
5.154937
5.465425
5.160335
5.470796
5.165591
5.476098
5.17092
5.481406
5.176227
5.486716
5.181535
5.492027
5.186843
5.49735
5.192228
5.502729
5.197524
5.508048
5.202849
5.513358
5.208195
5.518697
5.213511
5.524057
5.218828
5.529368
5.224247
5.534745
5.229574
5.540072
5.234905
5.545372
5.240282
5.550689
5.24559
5.556011
5.2509
5.561324
5.256205
5.56673
5.261581
5.572067
5.26689
5.577378
5.272198
5.582717
5.277496
5.588055
5.282808
5.593386
5.288112
5.598702
5.293468
5.604098
5.298798
5.609421
5.304139
5.614744
5.3095
5.620079
5.314845
5.625406
5.320189
5.630719
5.32557
5.636121
5.330935
5.641444
5.336259
5.646777
5.341572
5.652093
5.346899
5.657423
5.352222
5.662758
5.357601
5.668154
5.362924
5.673487
5.368242
5.67882
5.373559
5.684143
5.378928
5.68947
5.384236
5.694795
5.389538
5.700161
5.394917
5.705474
5.40024
5.710801
5.405588
5.716117
5.410919
5.721448
5.416229
5.726753
5.421535
5.73208
5.426946
5.737467
5.432306
5.742805
5.437648
5.748123
5.442962
5.753458
5.448285
5.758779
5.453652
5.764138
5.459018
5.769519
5.464333
5.77484
5.469645
5.780173
5.474962
5.78551
5.480243
5.79085
5.485562
5.796189
5.490928
5.801593
5.496255
5.806935
5.501547
5.812274
5.506864
5.817604
5.512162
5.822991
5.517488
5.828341
5.522847
5.833762
5.528215
5.839083
5.533528
5.844422
5.538836
5.849753
5.544146
5.855053
5.549454
5.860418
5.55475
5.865772
5.560148
5.871139
5.565494
5.876465
5.570802
5.881817
5.576115
5.887142
5.581419
5.892457
5.586729
5.897788
5.592108
5.903192
5.597445
5.908511
5.602787
5.913842
5.608139
5.919155
5.613447
5.924479
5.618741
5.929794
5.624055
5.935185
5.629416
5.940554
5.634737
5.945912
5.640047
5.951233
5.645376
5.956604
5.650736
5.9619
5.656074
5.967274
5.661451
5.972591
5.666749
5.977885
5.672052
5.98322
5.67739
5.988566
5.682661
5.993891
5.687982
5.999251
5.693371
6.004566
5.698679
6.009866
5.704002
6.015153
5.7093
6.020451
5.714637
6.025749
5.719942
6.031057
5.725314
6.036409
5.730629
6.041703
5.735979
6.047011
5.741293
6.052317
5.746603
6.057623
5.751918
6.062919
5.757228
6.068304
5.762614
6.073583
5.767922
6.078904
5.773243
6.084193
5.778547
6.08951
5.783886
6.094825
5.789249
6.100208
5.794651
6.10553
5.79999
6.110859
5.805363
6.116195
5.810699
6.121524
5.81602
6.126855
5.821334
6.132201
5.826729
6.137611
5.832065
6.142936
5.837386
6.148274
5.842725
6.153599
5.848054
6.15894
5.853446
6.164271
5.858891
6.169644
5.864229
6.17498
5.869571
6.180313
5.874917
6.185644
5.880229
6.190958
5.885587
6.196298
5.89102
6.201686
5.896369
6.207016
5.901689
6.212331
5.907033
6.217633
5.912362
6.222937
5.917683
6.228269
5.923011
6.233641
5.928284
6.23897
5.933618
6.244258
5.938914
6.249587
5.944253
6.254906
5.949568
6.260211
5.954882
6.265524
5.960282
6.270909
5.965652
6.276211
5.970977
6.281551
5.976298
6.286906
5.981611
6.292238
5.986921
6.297557
5.992321
6.302948
5.997648
6.30828
6.003025
6.313623
6.008425
6.318967
6.013746
6.324298
6.01906
6.329638
6.024462
6.335032
6.029783
6.340382
6.035089
6.345711
6.040416
6.351038
6.045733
6.356371
6.051068
6.361709
6.056376
6.367089
6.061756
6.372416
6.067124
6.377744
6.072447
6.383066
6.077765
6.393756
6.083088
6.399133
6.088411
6.404497
6.093815
6.409843
6.099136
6.415172
6.104486
6.420526
6.109824
6.425859
6.115186
6.431203
6.120559
6.436601
6.125982
6.441953
6.131378
6.447313
6.136713
6.452659
6.142084
6.45803
6.147423
6.46337
6.152767
6.468802
6.158202
6.474169
6.163544
6.479526
6.168891
6.4849
6.174254
6.49029
6.179616
6.495655
6.184977
6.501086
6.190317
6.506458
6.195693
6.51184
6.201049
6.51721
6.206412
6.522581
6.211772
6.527973
6.217083
6.533408
6.222456
6.538787
6.227861
6.544162
6.233214
6.549531
6.238536
6.554902
6.243896
6.56031
6.249284
6.56566
6.254636
6.571091
6.260046
6.576478
6.265392
6.581828
6.270742
6.587191
6.276092
6.592553
6.281413
6.597924
6.286754
6.603334
6.292125
6.608717
6.297438
6.614078
6.302761
6.619484
6.308067
6.624886
6.313389
6.630265
6.318689
6.635682
6.324029
6.64104
6.329304
6.646421
6.334645
6.651798
6.339977
6.657148
6.345312
6.662552
6.350624
6.667973
6.355933
6.67336
6.361318
6.67876
6.366662
6.684158
6.37202
6.689564
6.377374
6.694945
6.382703
6.700383
6.388031
6.705792
6.393434
6.711174
6.398815
6.716534
6.404159
6.721913
6.409501
6.727271
6.414863
6.732736
6.420209
6.738133
6.425588
6.743494
6.430986
6.748858
6.436378
6.754236
6.441733
6.7596
6.447117
6.764987
6.452487
6.770443
6.457896
6.77584
6.463254
6.781222
6.468627
6.786596
6.473991
6.791979
6.479324
6.797354
6.484677
6.802791
6.490029
6.808197
6.495445
6.813637
6.500795
6.818999
6.50617
6.824374
6.511457
6.829732
6.51682
6.835195
6.522191
6.840558
6.527605
6.845955
6.532945
6.851334
6.538286
6.856726
6.543618
6.862092
6.548949
6.867532
6.554294
6.872921
6.55971
6.878309
6.565054
6.883671
6.570372
6.889044
6.575715
6.894413
6.581113
6.899861
6.586494
6.905221
6.591971
6.910617
6.597325
6.916038
6.602675
6.921425
6.60804
6.926785
6.613386
6.932164
6.618727
6.937604
6.624131
6.942942
6.629498
6.948318
6.634883
6.953681
6.640296
6.959052
6.645667
6.964412
6.651029
6.969858
6.656314
6.97521
6.66175
6.980593
6.66711
6.985935
6.672445
6.991299
6.67783
6.996659
6.683214
7.002116
6.688603
7.007483
6.694043
7.012845
6.699416
7.01822
6.704822
7.023601
6.710238
7.028986
6.715601
7.034426
6.720944
7.039786
6.726413
7.045153
6.731771
7.050538
6.737142
7.055915
6.742509
7.061277
6.747871
7.066733
6.753217
7.0721
6.758623
7.077448
6.763998
7.082821
6.769379
7.088206
6.774808
7.093587
6.780208
7.098942
6.785625
7.104385
6.791112
7.109773
6.796479
7.115181
6.801829
7.120558
6.807181
7.125945
6.812543
7.13132
6.817887
7.136801
6.823206
7.142212
6.828614
7.147587
6.833974
7.15302
6.839328
7.158439
6.844676
7.163814
6.85003
7.169249
6.855372
7.17463
6.860788
7.180003
6.86614
7.185409
6.871507
7.190759
6.876903
7.196134
6.882252
7.201592
6.887628
7.20695
6.893099
7.212321
6.898452
7.217728
6.903827
7.223154
6.909205
7.22858
6.91462
7.234068
6.920034
7.239418
6.925414
7.244849
6.930761
7.250249
6.936108
7.255653
6.94148
7.261066
6.946828
7.266522
6.952157
7.27192
6.957584
7.277311
6.962924
7.282718
6.968288
7.288122
6.973605
7.293521
6.978961
7.298905
6.984382
7.304382
6.989779
7.309782
6.995094
7.315177
7.000467
7.320584
7.0058
7.326024
7.011169
7.331431
7.016483
7.336957
7.021806
7.342352
7.027202
7.347773
7.032518
7.35315
7.037923
7.358525
7.043231
7.363919
7.048566
7.369381
7.053895
7.374756
7.059291
7.380188
7.064681
7.38556
7.070013
7.390958
7.075343
7.396328
7.080743
7.401793
7.086099
7.40722
7.091532
7.412608
7.096887
7.41802
7.10222
7.423404
7.107563
7.428797
7.112917
7.434259
7.118288
7.439689
7.123644
7.445086
7.128907
7.450495
7.134253
7.455953
7.139588
7.461382
7.144917
7.466915
7.150311
7.472336
7.155706
7.477778
7.161
7.483163
7.166352
7.488598
7.171696
7.494061
7.177031
7.499548
7.182408
7.50495
7.187789
7.510377
7.193221
7.51584
7.198558
7.521258
7.20395
7.526667
7.20935
7.532044
7.214745
7.537527
7.220098
7.542929
7.225555
7.548333
7.230922
7.553743
7.236276
7.559172
7.241664
7.564569
7.24703
7.57004
7.252419
7.575474
7.257861
7.580903
7.263347
7.586303
7.268834
7.591727
7.274244
7.597142
7.279674
7.602623
7.285099
7.608044
7.290551
7.613425
7.295919
7.618846
7.301351
7.624262
7.306717
7.629667
7.312115
7.635156
7.317511
7.640621
7.32289
7.646056
7.328404
7.651525
7.333846
7.656975
7.339246
7.662419
7.344671
7.667892
7.3501
7.673322
7.355546
7.678754
7.365531
7.684154
7.370908
7.689585
7.376368
7.695028
7.38182
7.700495
7.387258
7.70592
7.392576
7.711314
7.397997
7.71672
7.403406
7.722128
7.408781
7.727593
7.414258
7.733076
7.419697
7.738451
7.425245
7.74389
7.43068
7.749355
7.436159
7.754743
7.441505
7.76017
7.446984
7.765593
7.452413
7.771057
7.457894
7.776478
7.46338
7.781888
7.468712
7.787278
7.474165
7.792684
7.479652
7.798113
7.485113
7.803608
7.490501
7.809044
7.495968
7.814486
7.50141
7.819921
7.506836
7.825358
7.512209
7.830812
7.517547
7.839087
7.522892
7.844493
7.528461
7.849905
7.533893
7.855341
7.53932
7.860795
7.544784
7.866301
7.550182
7.871745
7.555582
7.877166
7.560928
7.882588
7.566399
7.887997
7.571861
7.893411
7.577322
7.898847
7.582695
7.904346
7.588065
7.90974
7.593492
7.915186
7.598869
7.920619
7.604344
7.926028
7.609769
7.931438
7.61516
7.936923
7.620552
7.942313
7.626008
7.947752
7.631416
7.953171
7.636958
7.958585
7.64221
7.963996
7.647733
7.969443
7.653169
7.974812
7.658529
7.980177
7.663931
7.985591
7.669347
7.990979
7.674774
7.996345
7.680191
8.001822
7.685568
8.007217
7.691149
8.012609
7.696434
8.018034
7.701847
8.023467
7.707338
8.028951
7.712774
8.03443
7.718203
8.039838
7.72363
8.045271
7.729107
8.050723
7.734503
8.056158
7.740043
8.061546
7.745324
8.067041
7.75073
8.072458
7.756069
8.07787
7.761513
8.083268
7.766904
8.088622
7.7723
8.094037
7.777673
8.099512
7.783052
8.104877
7.788604
8.110276
7.794008
8.115704
7.799392
8.121103
7.804913
8.126508
7.810185
8.131934
7.815608
8.137416
7.821062
8.142754
7.826499
8.147995
7.831778
8.160042
7.837186
8.169405
7.842579
8.17472
7.848069
8.180037
7.853498
8.185382
7.858965
8.190648
7.864338
8.195971
7.86975
8.201134
7.87514
8.206437
7.880521
8.211685
7.885921
8.216825
7.891419
8.222165
7.89684
8.269036
7.902452
8.29498
7.907743
8.300251
7.913218
8.305451
7.918564
8.310659
7.923864
8.315883
7.92942
8.321099
7.934679
8.326313
7.94016
8.331584
7.945516
8.336807
7.950887
8.341988
7.956243
8.347242
7.961697
8.352536
7.967047
8.357855
7.972424
8.363103
7.977938
8.368459
7.983299
8.373709
7.988728
8.378963
7.994178
8.384273
7.999623
8.38951
8.004977
8.394773
8.010299
8.400058
8.015665
8.40526
8.021035
8.410496
8.026529
8.415764
8.032025
8.420958
8.03739
8.426204
8.042636
8.431459
8.048017
8.436774
8.053336
8.441978
8.058727
8.447276
8.064011
8.452618
8.069354
8.457863
8.074706
8.463099
8.080023
8.4685
8.085273
8.473788
8.090588
8.47903
8.095917
8.484359
8.1012
8.489663
8.106488
8.494912
8.111838
8.500229
8.117072
8.505488
8.122376
8.510729
8.127687
8.515984
8.133039
8.521237
8.138322
8.526456
8.143637
8.53172
8.14888
8.537018
8.154138
8.54228
8.15954
8.547589
8.164865
8.552814
8.170156
8.558095
8.17541
8.563307
8.180551
8.568616
8.196183
8.573876
8.217078
8.57919
8.229806
8.584445
8.248428
8.589692
8.26542
8.594944
8.280244
8.600241
8.295035
8.605505
8.309767
8.610842
8.323737
8.616107
8.333428
8.62135
8.348068
8.626611
8.357671
8.631921
8.368604
8.637254
8.378739
8.64251
8.386074
8.647804
8.399265
8.653083
8.408676
8.658301
8.418734
8.66353
8.427413
8.668837
8.435994
8.674083
8.444806
8.679399
8.459492
8.684748
8.469654
8.690097
8.481216
8.695447
8.486352
8.700801
8.494367
8.706047
8.502441
8.71125
8.514839
8.716499
8.522914
8.721791
8.533235
8.726973
8.540616
8.73223
8.553836
8.737461
8.560417
8.742728
8.569944
8.747922
8.579553
8.753114
8.593977
8.758389
8.613081
8.763686
8.618917
8.76901
8.63127
8.77428
8.640739
8.779551
8.656143
8.784852
8.66791
8.790065
8.679463
8.795273
8.686667
8.800635
8.697674
8.805855
8.70634
8.811071
8.720769
8.816359
8.725911
8.821591
8.733717
8.826746
8.740736
8.831961
8.74539
8.837079
8.753354
8.842275
8.762756
8.847477
8.769191
8.852652
8.780462
8.858118
8.794376
8.863264
8.802553
8.869359
8.825511
8.874443
8.838761
8.881171
8.853231
8.8872
8.877654
8.921654
8.892729
8.943091
8.914935
9.004187
8.950443
9.053836
8.98102
9.074312
9.01919
9.125637
9.043138
9.151061
9.062896
9.16744
9.085409
9.226948
9.110762
9.24752
9.139361
9.288699
9.168139
9.315122
9.189301
9.337835
9.208704
9.35062
9.226547
9.401454
9.248087
9.457313
9.26323
9.482615
9.284651
9.496483
9.302017
9.501252
9.320884
9.510419
9.337939
9.524889
9.361537
9.53871
9.377829
9.587052
9.391584
9.599365
9.398818
9.611742
9.412936
9.618473
9.419545
9.63704
9.435203
9.642081
9.445001
9.648375
9.456315
9.655485
9.467556
9.665608
9.475034
9.672776
9.487627
9.695631
9.498014
9.715009
9.513001
9.755267
9.528111
9.768469
9.54409
9.787973
9.560118
9.794135
9.576797
9.804148
9.586227
9.811095
9.60111
9.821071
9.609815
9.827385
9.620192
9.834314
9.628393
9.840453
9.634881
9.845089
9.649405
9.861898
9.657695
9.868626
9.668177
9.884293
9.684741
9.892715
9.693103
9.897309
9.709557
9.902827
9.719407
9.90969
9.73408
9.914602
9.745754
9.919942
9.759084
9.982999
9.774729
9.98856
9.787677
9.994897
9.799004
10.06106
9.81227
10.06621
9.829224
10.07335
9.842518
10.08271
9.859184
10.11929
9.87145
10.13383
9.885746
10.14171
9.911227
10.15058
9.926063
10.15969
9.940084
10.16739
9.951777
10.17702
9.966032
10.18371
9.97666
10.19289
9.988039
10.25043
10.009
10.26948
10.02343
10.27805
10.0388
10.28664
10.05493
10.30226
10.06973
10.3069
10.08503
10.31323
10.09747
10.33025
10.10989
10.36107
10.12818
10.38249
10.14597
10.4251
10.16695
10.43297
10.18492
10.44053
10.20131
10.44897
10.21595
10.45524
10.23216
10.51307
10.24852
10.53841
10.26329
10.54329
10.27816
10.54794
10.2946
10.55356
10.30399
10.55903
10.31883
10.56414
10.33361
10.5813
10.34202
10.63387
10.359
10.63848
10.37287
10.647
10.38425
10.65548
10.39578
10.66492
10.41021
10.67421
10.42354
10.67939
10.43851
10.69166
10.44843
10.69678
10.46496
10.72019
10.47836
10.76605
10.49159
10.79236
10.5094
10.79742
10.52079
10.80266
10.53441
10.80725
10.54456
10.81441
10.5588
10.81943
10.5751
10.82941
10.58926
10.85381
10.6012
10.86352
10.61196
10.90109
10.62692
10.91653
10.63851
10.9211
10.65222
10.92663
10.66684
10.93285
10.6768
10.93751
10.6876
10.94355
10.6988
10.94975
10.71066
10.95615
10.71858
10.96332
10.72757
10.96881
10.74183
10.97435
10.75582
11.01851
10.76562
11.07878
10.78569
11.08339
10.79763
11.08801
10.81023
11.09342
10.81904
11.09884
10.83156
11.10425
10.84441
11.10887
10.86017
11.11373
10.8695
11.11824
10.8878
11.12283
10.89981
11.12745
10.9168
11.132
10.92622
11.13716
10.93951
11.1494
10.95512
11.19866
10.97168
11.22984
10.98889
11.2378
11.00082
11.2442
11.01503
11.27369
11.03535
11.28805
11.04982
11.31978
11.06703
11.32537
11.07814
11.33559
11.10056
11.34908
11.12011
11.35395
11.13933
11.41571
11.15496
11.42354
11.16863
11.42897
11.18023
11.43412
11.19593
11.44115
11.21185
11.44828
11.23081
11.45525
11.24497
11.46089
11.25774
11.468
11.27199
11.47866
11.28334
11.48937
11.29256
11.49562
11.30728
11.50284
11.32659
11.51003
11.33923
11.51942
11.34846
11.54185
11.36207
11.56337
11.37757
11.59854
11.3964
11.60806
11.41151
11.63168
11.42241
11.68364
11.43871
11.68999
11.4547
11.69607
11.4731
11.70078
11.49335
11.74315
11.5071
11.75091
11.52559
11.75859
11.54236
11.76429
11.56616
11.7744
11.5824
11.78382
11.60036
11.86002
11.62147
11.86787
11.64618
11.87799
11.65871
11.88968
11.67847
11.89467
11.69126
11.89939
11.70782
11.90563
11.72206
11.91182
11.73725
11.91797
11.74668
11.9249
11.76155
11.93287
11.77471
11.93988
11.78809
11.94833
11.80231
11.96303
11.81398
11.98474
11.82854
12.04409
11.84453
12.07108
11.85926
12.08284
11.8792
12.09144
11.89195
12.09902
11.91
12.10363
11.92345
12.11654
11.93958
12.15702
11.96278
12.16422
11.97956
12.18142
12.00339
12.19268
12.01561
12.21148
12.0342
12.23109
12.04966
12.26584
12.06465
12.28207
12.08365
12.33924
12.0933
12.34391
12.10551
12.35018
12.11887
12.35645
12.13015
12.36419
12.14616
12.40144
12.16022
12.4065
12.18281
12.41655
12.19936
12.44039
12.21344
12.4498
12.23169
12.45494
12.25078
12.46416
12.26873
12.51968
12.28538
12.52733
12.30634
12.53508
12.3268
12.54127
12.34375
12.54632
12.35998
12.5529
12.37161
12.56201
12.3805
12.56742
12.38946
12.57282
12.39602
12.57785
12.40182
12.5827
12.41089
12.58731
12.42043
12.5924
12.43191
12.60204
12.4388
12.6093
12.44561
12.62069
12.45229
12.62636
12.46288
12.63187
12.4762
12.64049
12.48993
12.6825
12.50032
12.70687
12.51779
12.74408
12.53392
12.7652
12.55182
12.79677
12.57037
12.81288
12.58697
12.81913
12.61365
12.82438
12.62689
12.84237
12.65015
12.8586
12.66944
12.9059
12.69354
12.9318
12.71665
13.00443
12.73122
13.0158
12.7489
13.0209
12.76715
13.0384
12.784
13.04915
12.80091
13.0566
12.81489
13.06351
12.83022
13.06912
12.85066
13.0967
12.87173
13.16323
12.89319
13.1703
12.91815
13.17979
12.93583
13.18771
12.95616
13.19859
12.97355
13.22509
12.98812
13.23656
13.00354
13.24648
13.02974
13.25506
13.04438
13.26226
13.06036
13.27082
13.07559
13.27856
13.09283
13.30546
13.11007
13.37098
13.12695
13.39045
13.14395
13.39688
13.15869
13.40815
13.17341
13.41278
13.19034
13.42015
13.20474
13.42858
13.22199
13.46072
13.24236
13.50664
13.25379
13.55727
13.26702
13.56272
13.28128
13.57048
13.29162
13.57725
13.30102
13.58334
13.31251
13.58958
13.32269
13.59682
13.33433
13.60592
13.34675
13.61056
13.35608
13.65671
13.36861
13.66361
13.38286
13.66977
13.39735
13.67762
13.40877
13.68789
13.42117
13.69282
13.4329
13.70359
13.44531
13.70869
13.46567
13.7188
13.47986
13.7245
13.49401
13.73305
13.50661
13.74312
13.51312
13.75383
13.52674
13.76128
13.53786
13.76992
13.55454
13.77936
13.57406
13.79001
13.5898
13.79928
13.59937
13.80843
13.60709
13.81565
13.61819
13.82116
13.63129
13.82856
13.64296
13.83888
13.65531
13.84752
13.66983
13.85374
13.68287
13.86228
13.69562
13.86878
13.71248
13.87843
13.72358
13.8846
13.73567
13.89004
13.74631
13.89464
13.75697
13.89972
13.76559
13.90522
13.77414
13.91073
13.78154
13.91622
13.78681
13.92079
13.79247
13.92538
13.79886
13.93058
13.80625
13.93743
13.81237
13.94198
13.81779
13.94654
13.82405
13.95107
13.82992
13.95713
13.83723
13.96211
13.84367
13.96675
13.85163
13.97174
13.86115
14.01417
13.86911
14.02834
13.87517
14.04507
13.88486
14.07481
13.89483
14.09491
13.90484
14.12097
13.91691
14.15512
13.92769
14.16205
13.94316
14.16953
13.95081
14.17667
13.96119
14.18362
13.97694
14.18911
13.98441
14.19376
13.99705
14.20154
14.00561
14.20799
14.01439
14.21253
14.02675
14.21799
14.0409
14.22267
14.05365
14.23284
14.06085
14.24071
14.07255
14.24784
14.08904
14.29755
14.1069
14.30547
14.11893
14.31698
14.13469
14.32206
14.14939
14.32911
14.16527
14.34452
14.18158
14.36497
14.19298
14.37816
14.20074
14.38443
14.21531
14.39455
14.22879
14.40144
14.24207
14.40695
14.25532
14.41323
14.26939
14.41774
14.28355
14.43683
14.29047
14.46766
14.30481
14.47214
14.31458
14.48111
14.32487
14.48559
14.34106
14.49015
14.34974
14.49477
14.36018
14.50251
14.37153
14.54808
14.3855
14.5703
14.40061
14.57493
14.41312
14.58489
14.43349
14.59359
14.44592
14.61822
14.46336
14.66762
14.47744
14.68788
14.49977
14.69721
14.51749
14.70884
14.53312
14.75334
14.55376
14.76357
14.56306
14.76983
14.57523
14.77615
14.5894
14.78301
14.60607
14.78813
14.61945
14.80214
14.63738
14.85931
14.65506
14.87462
14.6775
14.88007
14.69742
14.88715
14.72045
14.89729
14.73762
14.90517
14.75954
14.91538
14.77411
14.92397
14.79094
14.93179
14.8036
14.9758
14.82638
14.99414
14.84643
15.01133
14.86355
15.01926
14.8838
15.02626
14.90127
15.0349
14.92697
15.04185
14.95175
15.05112
14.97531
15.05742
14.9888
15.10726
15.00521
15.13012
15.02106
15.13724
15.0335
15.14287
15.04843
15.18942
15.06682
15.21507
15.08672
15.22365
15.10134
15.23073
15.12155
15.23841
15.13421
15.24485
15.14791
15.25226
15.15657
15.26761
15.17198
15.27468
15.17669
15.29839
15.18801
15.35532
15.19522
15.36367
15.20312
15.3688
15.2153
15.37728
15.22834
15.38193
15.23661
15.38819
15.24606
15.3968
15.26362
15.44137
15.27553
15.45231
15.28523
15.45932
15.29902
15.46864
15.31576
15.47332
15.33042
15.48035
15.34443
15.51132
15.36215
15.5162
15.37766
15.52576
15.39241
15.53373
15.4072
15.53977
15.42194
15.55175
15.43258
15.55753
15.44818
15.63372
15.46171
15.66684
15.47543
15.67174
15.48724
15.67732
15.50131
15.68288
15.51032
15.68827
15.5253
15.69947
15.53949
15.72813
15.55391
15.73442
15.57623
15.74782
15.58688
15.77929
15.6017
15.78481
15.61179
15.79279
15.62714
15.8149
15.64347
15.83014
15.65939
15.8519
15.67401
15.87457
15.69387
15.93629
15.70963
15.95683
15.72109
15.96694
15.73843
15.97184
15.75964
15.97877
15.78214
15.98497
15.79677
16.03196
15.81657
16.04991
15.83406
16.05926
15.85483
16.06726
15.8756
16.07501
15.89312
16.08626
15.91282
16.10501
15.93763
16.11363
15.96207
16.13496
15.98325
16.14757
16.01012
16.16417
16.02645
16.21088
16.05247
16.23106
16.06426
16.30028
16.08163
16.31022
16.09632
16.31491
16.11462
16.32348
16.13781
16.33197
16.1547
16.33825
16.18005
16.34531
16.19589
16.35549
16.21754
16.37411
16.23665
16.38022
16.25577
16.40119
16.27509
16.41684
16.29182
16.44422
16.31297
16.46214
16.32741
16.46843
16.34343
16.50628
16.36375
16.53729
16.37836
16.56081
16.3924
16.57167
16.40569
16.58038
16.42659
16.58965
16.44153
16.62688
16.46224
16.65032
16.47174
16.66951
16.48451
16.68903
16.50406
16.71603
16.52077
16.73322
16.54015
16.80817
16.55676
16.81763
16.58007
16.82989
16.60177
16.83714
16.62859
16.84565
16.65457
16.8527
16.66871
16.8583
16.68561
16.8669
16.70101
16.87692
16.71623
16.88548
16.73338
16.89117
16.74559
16.899
16.76201
16.93693
16.77929
16.9542
16.79696
16.97843
16.81365
16.98338
16.8302
16.99032
16.84325
16.99662
16.86121
17.00591
16.87984
17.05651
16.90048
17.08311
16.91486
17.09962
16.92981
17.10655
16.94905
17.13148
16.96377
17.13669
16.97869
17.15696
16.9939
17.16391
17.01085
17.17254
17.02711
17.1782
17.04041
17.19399
17.05943
17.22289
17.08082
17.23276
17.09634
17.28195
17.11118
17.30407
17.13142
17.31582
17.15529
17.35681
17.17075
17.36761
17.1895
17.37486
17.20681
17.38344
17.22712
17.3919
17.24576
17.42148
17.26645
17.43024
17.28713
17.44405
17.30609
17.4518
17.32098
17.4588
17.34239
17.47036
17.35941
17.481
17.37315
17.48685
17.38329
17.52343
17.40058
17.57029
17.41131
17.57633
17.4239
17.58405
17.44472
17.5912
17.46535
17.61502
17.48008
17.62844
17.50408
17.63397
17.52006
17.65685
17.54218
17.68172
17.55462
17.74038
17.57651
17.76213
17.59599
17.7924
17.61572
17.81424
17.63153
17.82362
17.65634
17.83141
17.66935
17.91063
17.68417
17.91625
17.69773
17.92481
17.71394
17.9343
17.73272
17.94291
17.7444
17.95312
17.76311
17.97259
17.77918
17.98192
17.7963
17.9929
17.81554
18.00161
17.82788
18.01182
17.84063
18.02108
17.85936
18.0298
17.86932
18.0393
17.88271
18.04942
17.90006
18.05723
17.91107
18.06408
17.92186
18.07284
17.93427
18.07792
17.9507
18.08918
17.96519
18.09792
17.97753
18.10369
17.99533
18.109
18.00936
18.11869
18.02561
18.12837
18.03507
18.13658
18.04666
18.14537
18.05939
18.20206
18.06958
18.24692
18.081
18.3048
18.09728
18.31038
18.11122
18.31815
18.12761
18.32692
18.14047
18.33704
18.15257
18.34551
18.16891
18.351
18.17852
18.35734
18.20131
18.41798
18.21342
18.42737
18.23472
18.44114
18.24879
18.45069
18.26369
18.46002
18.27988
18.4723
18.29317
18.47872
18.31163
18.51375
18.3276
18.52079
18.34028
18.5259
18.35965
18.53218
18.37743
18.53855
18.39283
18.54363
18.40694
18.54873
18.42031
18.55578
18.43478
18.56598
18.44669
18.57074
18.45848
18.57541
18.46837
18.58315
18.48034
18.58781
18.48636
18.59558
18.497
18.60073
18.50376
18.60848
18.51621
18.613
18.52583
18.61784
18.53601
18.62237
18.54617
18.62737
18.55338
18.63194
18.56253
18.68429
18.57375
18.73487
18.58354
18.7427
18.59321
18.74744
18.60116
18.75824
18.61012
18.76692
18.62321
18.77334
18.63443
18.78114
18.64536
18.78571
18.65972
18.79078
18.66976
18.79631
18.68166
18.80642
18.69373
18.81347
18.70845
18.81811
18.72576
18.87016
18.74331
18.93015
18.76009
18.98437
18.77445
18.99287
18.79019
19.00049
18.80637
19.00845
18.82224
19.01554
18.84012
19.02255
18.85398
19.03189
18.87154
19.0501
18.88699
19.06083
18.90489
19.08454
18.92137
19.10612
18.93832
19.14951
18.96331
19.19556
18.98212
19.20332
18.99922
19.21186
19.01594
19.22581
19.03297
19.26156
19.05367
19.26657
19.07172
19.27225
19.09213
19.28489
19.11472
19.30324
19.1373
19.3149
19.15434
19.32654
19.16916
19.33658
19.18527
19.34281
19.20488
19.3727
19.22826
19.41055
19.2401
19.44178
19.2551
19.47744
19.27218
19.48205
19.2965
19.4882
19.31012
19.49794
19.33114
19.54001
19.35028
19.58435
19.37052
19.60567
19.38849
19.62106
19.41143
19.62571
19.43353
19.6594
19.4551
19.71704
19.47869
19.7227
19.501
19.72974
19.51855
19.73452
19.53861
19.7393
19.56182
19.7456
19.58559
19.75059
19.60685
19.78631
19.61667
19.83561
19.63453
19.88446
19.66076
19.89165
19.67886
19.89797
19.69994
19.90266
19.71744
19.91195
19.73227
19.919
19.74771
19.92377
19.76583
19.93009
19.78829
19.93793
19.80656
19.94417
19.82325
19.94972
19.84839
19.95488
19.86684
19.96116
19.88053
19.96622
19.89643
20.01915
19.91645
20.0811
19.93971
20.11559
19.9557
20.16092
19.97324
20.1855
19.99054
20.23742
20.02044
20.24531
20.03417
20.25315
20.0521
20.25791
20.06889
20.26305
20.08446
20.26829
20.10396
20.28996
20.12223
20.33743
20.14809
20.38373
20.1655
20.38842
20.18261
20.39416
20.20503
20.39887
20.21531
20.40609
20.23223
20.46224
20.2492
20.48522
20.27015
20.4898
20.28514
20.49672
20.29994
20.50812
20.31493
20.51381
20.32819
20.52168
20.34241
20.52653
20.34993
20.53155
20.36167
20.53647
20.37366
20.54107
20.38715
20.54567
20.3989
20.5502
20.41291
20.55481
20.43021
20.60104
20.44696
20.6256
20.46216
20.65604
20.48726
20.67954
20.50454
20.7195
20.51978
20.73124
20.5373
20.75146
20.56026
20.75616
20.57776
20.76118
20.59706
20.80235
20.61707
20.82257
20.63527
20.82739
20.66289
20.84219
20.68424
20.88928
20.7062
20.89931
20.72617
20.90452
20.74448
20.94993
20.76224
20.98254
20.77661
20.99194
20.79573
21.00229
20.81546
21.0075
20.83409
21.01463
20.85536
21.02988
20.87216
21.05715
20.89371
21.08611
20.91534
21.13427
20.938
21.14568
20.95698
21.19055
20.97733
21.19558
20.99693
21.21049
21.0208
21.24884
21.04683
21.26029
21.06658
21.26996
21.08459
21.27466
21.1062
21.27966
21.127
21.29386
21.14392
21.31011
21.16258
21.32992
21.18633
21.33937
21.20172
21.38428
21.22025
21.42813
21.236
21.45244
21.25081
21.46205
21.27693
21.47278
21.29413
21.4833
21.3173
21.4929
21.34337
21.50266
21.36547
21.54567
21.38237
21.57748
21.40176
21.58235
21.424
21.60003
21.44046
21.64053
21.46604
21.65088
21.49225
21.69815
21.51758
21.74162
21.5383
21.78862
21.56676
21.79343
21.58374
21.79981
21.5976
21.8055
21.61385
21.81025
21.62772
21.81507
21.64995
21.81988
21.66883
21.85326
21.69191
21.90008
21.71188
21.9542
21.72655
21.95903
21.7441
21.96389
21.75536
21.97389
21.77245
21.98181
21.79258
22.02806
21.82066
22.04251
21.84335
22.04736
21.86179
22.05293
21.88717
22.09726
21.91232
22.14498
21.93163
22.15691
21.94855
22.16168
21.96905
22.16732
21.98584
22.17213
22.00501
22.18834
22.02363
22.21351
22.0422
22.24357
22.06483
22.29061
22.08338
22.30082
22.10248
22.30571
22.12289
22.33562
22.13914
22.36065
22.16033
22.37493
22.17734
22.41887
22.19971
22.46355
22.22123
22.47821
22.24224
22.48837
22.2624
22.50883
22.28652
22.51374
22.30298
22.56029
22.32312
22.57056
22.35078
22.57535
22.36616
22.58098
22.38606
22.59104
22.40666
22.60834
22.42668
22.6223
22.44526
22.64554
22.4661
22.67886
22.48087
22.69738
22.49764
22.70668
22.51391
22.71134
22.53183
22.74447
22.55622
22.77802
22.57912
22.81174
22.59981
22.83581
22.62316
22.84558
22.64009
22.85197
22.66786
22.88605
22.69712
22.92054
22.71856
22.94952
22.74299
22.96907
22.7586
22.99396
22.77788
23.03743
22.79574
23.04695
22.81707
23.06143
22.83325
23.07115
22.85555
23.08569
22.87723
23.09549
22.89194
23.12613
22.91549
23.17172
22.94005
23.18636
22.96026
23.19118
22.97734
23.19604
22.99826
23.20092
23.02073
23.22518
23.0348
23.24471
23.05645
23.28877
23.08034
23.30828
23.10566
23.31803
23.12346
23.35243
23.14262
23.39623
23.16512
23.41666
23.18949
23.423
23.21931
23.44326
23.24409
23.46748
23.26553
23.51269
23.28333
23.52725
23.2988
23.53264
23.32187
23.53747
23.34204
23.54238
23.36063
23.54718
23.37308
23.55205
23.38466
23.55696
23.39985
23.56678
23.40983
23.57158
23.41687
23.57644
23.42782
23.58132
23.44097
23.59147
23.44821
23.59635
23.46072
23.61099
23.47248
23.65124
23.48649
23.69037
23.50091
23.73529
23.51349
23.767
23.53122
23.78131
23.54506
23.78611
23.55996
23.79083
23.58069
23.80087
23.59772
23.80567
23.61917
23.81514
23.63312
23.8533
23.6486
23.89801
23.67011
23.94246
23.68946
23.9575
23.71195
23.96883
23.72944
23.9837
23.74503
23.99359
23.76441
24.00319
23.78527
24.01472
23.80675
24.03903
23.82524
24.05396
23.84369
24.06356
23.86227
24.07813
23.87935
24.10239
23.89903
24.13153
23.92219
24.17067
23.94943
24.18568
23.96203
24.20059
23.97831
24.22104
24.00045
24.25095
24.02345
24.28534
24.03835
24.2903
24.05925
24.30029
24.08008
24.30527
24.10018
24.31517
24.11933
24.34983
24.12897
24.3943
24.14943
24.4191
24.16639
24.42402
24.18155
24.429
24.19705
24.43439
24.21401
24.43935
24.23322
24.44432
24.24328
24.44918
24.25577
24.45414
24.27131
24.459
24.28608
24.47376
24.30165
24.51786
24.31852
24.56269
24.33702
24.6071
24.36159
24.65118
24.38009
24.69502
24.39481
24.69988
24.40445
24.7048
24.42764
24.7097
24.44474
24.71455
24.46603
24.71945
24.47943
24.7243
24.49273
24.72921
24.51565
24.73421
24.53333
24.73911
24.5434
24.74398
24.54804
24.74887
24.55816
24.75372
24.56265
24.75907
24.56726
24.76442
24.57277
24.76981
24.57736
24.77472
24.58234
24.7796
24.58691
24.78453
24.59155
24.78946
24.59711
24.79429
24.60562
24.79914
24.6101
24.80405
24.61468
24.80898
24.62031
24.81389
24.62686
24.81877
24.6355
24.82359
24.64322
24.82845
24.65234
24.83338
24.66012
24.83831
24.66815
24.88245
24.68487
24.92683
24.69517
24.95189
24.71066
24.9568
24.72696
24.96669
24.74407
24.97164
24.76752
24.97658
24.78001
24.98153
24.79535
24.98642
24.81009
25.03113
24.82489
25.05034
24.83931
25.06515
24.86136
25.07459
24.87605
25.08393
24.88952
25.09441
24.90725
25.10965
24.9208
25.11911
24.93408
25.12426
24.94955
25.12887
24.96508
25.13361
24.98276
25.1383
24.99436
25.17198
25.01086
25.21605
25.03208
25.26037
25.04319
25.26534
25.05477
25.27036
25.06638
25.27523
25.07806
25.28018
25.08818
25.28505
25.10103
25.28997
25.11197
25.29491
25.12293
25.30477
25.13536
25.34898
25.14408
25.39344
25.15752
25.39834
25.16801
25.40321
25.18499
25.43295
25.19957
25.46758
25.21261
25.47252
25.22203
25.47745
25.23078
25.48232
25.24626
25.48727
25.26089
25.49212
25.28221
25.49702
25.29486
25.50198
25.31395
25.50687
25.32551
25.51185
25.33932
25.51671
25.35041
25.52163
25.36803
25.52655
25.3813
25.57097
25.39446
25.61539
25.40781
25.62539
25.42309
25.63038
25.44262
25.63539
25.46339
25.6453
25.47903
25.69005
25.49683
25.70009
25.51188
25.73487
25.52945
25.77525
25.54609
25.81971
25.56446
25.86436
25.58081
25.86932
25.59796
25.87429
25.61873
25.87926
25.63353
25.88425
25.65161
25.88924
25.67027
25.89414
25.68874
25.89914
25.7042
25.90409
25.71436
25.90908
25.723
25.91405
25.73114
25.91902
25.74201
25.92397
25.74868
25.92886
25.75891
25.93387
25.76657
25.93876
25.77825
25.94374
25.78673
25.94867
25.79187
25.95362
25.7998
25.9982
25.80852
26.0428
25.81892
26.05259
25.82914
26.05753
25.83902
26.06243
25.84474
26.06739
25.85514
26.07225
25.86598
26.07707
25.87519
26.08186
25.87969
26.0867
25.88469
26.09157
25.88969
26.09631
25.89412
26.1012
25.89868
26.10607
25.90736
26.11171
25.91669
26.11655
25.92175
26.12135
25.93113
26.1261
25.93615
26.13088
25.94249
26.13559
25.94709
26.14039
25.95345
26.14519
25.959
26.15003
25.96348
26.15486
25.97054
26.15971
25.97613
26.16455
25.98578
26.16935
25.99294
26.17426
25.99936
26.17918
26.00833
26.18412
26.01828
26.18906
26.02922
26.19399
26.03778
26.19894
26.04874
26.23358
26.06037
26.25344
26.0651
26.26833
26.07829
26.27333
26.0885
26.27828
26.09952
26.29361
26.11121
26.29856
26.12086
26.31848
26.14182
26.35837
26.15726
26.38837
26.17343
26.39328
26.18749
26.40829
26.20308
26.45399
26.21939
26.45892
26.23571
26.46384
26.25121
26.46886
26.2713
26.47381
26.28759
26.47875
26.30305
26.48868
26.31934
26.49365
26.33644
26.53356
26.35199
26.5485
26.36732
26.55837
26.37841
26.56333
26.39347
26.56835
26.40898
26.57334
26.42082
26.57829
26.43934
26.5932
26.45417
26.60314
26.47193
26.63301
26.4921
26.66781
26.5069
26.7125
26.52324
26.74255
26.54195
26.74752
26.56778
26.76748
26.58565
26.7775
26.6055
26.78253
26.62079
26.79252
26.63777
26.81256
26.65303
26.85776
26.66423
26.88773
26.68854
26.92272
26.70323
26.95785
26.71883
26.96792
26.73871
26.9729
26.75499
26.97795
26.76988
26.98296
26.78892
26.98801
26.80012
27.02794
26.82138
27.04307
26.83472
27.04845
26.848
27.05346
26.8621
27.06347
26.87834
27.06854
26.89749
27.07345
26.91069
27.07833
26.93309
27.11304
26.95386
27.158
26.97406
27.1979
26.9978
27.20303
27.01415
27.20798
27.03063
27.22283
27.05667
27.24263
27.07696
27.26247
27.09554
27.27715
27.1087
27.28692
27.1265
27.29179
27.14192
27.29673
27.15515
27.30669
27.17212
27.31658
27.18689
27.32642
27.19787
27.33639
27.21121
27.36074
27.22684
27.38508
27.24242
27.41974
27.25648
27.4649
27.27141
27.49008
27.28703
27.50546
27.30335
27.51056
27.31602
27.51571
27.33245
27.52091
27.35247
27.52583
27.36437
27.53081
27.37755
27.53584
27.38873
27.55119
27.40564
27.57686
27.42043
27.58692
27.43016
27.6019
27.44729
27.647
27.46219
27.66693
27.47693
27.69151
27.49186
27.70624
27.50823
27.71098
27.5236
27.71577
27.53846
27.72061
27.55104
27.72542
27.56288
27.73015
27.5715
27.73504
27.58182
27.73985
27.5934
27.74461
27.60063
27.74942
27.60721
27.75424
27.61913
27.75891
27.63873
27.78756
27.646
27.81668
27.66062
27.86049
27.67368
27.88474
27.68255
27.89925
27.69586
27.9136
27.71222
27.91844
27.72335
27.9233
27.73663
27.92798
27.75553
27.93279
27.76632
27.93752
27.77635
27.9425
27.79121
27.94728
27.80538
27.95199
27.82196
27.95673
27.83775
27.96627
27.84828
27.98067
27.86061
28.00458
27.86876
28.01415
27.8835
28.05265
27.89388
28.09674
27.90798
28.11608
27.92347
28.12104
27.93
28.13091
27.9395
28.13594
27.95288
28.14087
27.96675
28.14576
27.97281
28.15067
27.98827
28.15554
27.99413
28.16043
28.00666
28.16534
28.01476
28.17025
28.02427
28.17519
28.03612
28.19469
28.04805
28.20448
28.06223
28.22929
28.07631
28.27417
28.08438
28.30422
28.09617
28.3092
28.10805
28.31414
28.11544
28.31914
28.12515
28.32413
28.13478
28.32908
28.14518
28.33407
28.15616
28.33902
28.1695
28.344
28.17615
28.34895
28.18707
28.35381
28.19601
28.35871
28.20926
28.36367
28.21805
28.3686
28.23137
28.37393
28.24178
28.37882
28.25582
28.38374
28.26394
28.38867
28.2728
28.39361
28.28981
28.3986
28.30175
28.44372
28.31265
28.48929
28.32383
28.53502
28.33583
28.55013
28.34889
28.55521
28.35705
28.56524
28.36755
28.57027
28.38163
28.57531
28.38888
28.58029
28.40156
28.59079
28.41418
28.60087
28.42738
28.61586
28.43852
28.62082
28.45177
28.6258
28.46726
28.63636
28.47683
28.66163
28.4878
28.67664
28.49515
28.68648
28.50899
28.69144
28.51669
28.69637
28.52253
28.7014
28.53599
28.71115
28.55219
28.72589
28.56242
28.74081
28.57397
28.74584
28.5813
28.77176
28.59684
28.78228
28.6033
28.80231
28.61896
28.80734
28.63203
28.81239
28.638
28.81735
28.65066
28.82236
28.66252
28.82731
28.67002
28.83235
28.6856
28.84244
28.69299
28.85759
28.70636
28.86778
28.71753
28.87787
28.72856
28.91323
28.73901
28.94856
28.75308
28.95358
28.76352
28.95864
28.77323
28.96367
28.78811
28.96873
28.79773
28.97373
28.81048
28.98865
28.82766
29.00367
28.84013
29.00866
28.84982
29.0235
28.86242
29.03347
28.87132
29.03845
28.88391
29.04332
28.89507
29.04823
28.90609
29.06787
28.91341
29.07279
28.92445
29.09719
28.93448
29.10205
28.94103
29.107
28.94825
29.15192
28.95704
29.1971
28.96791
29.20216
28.97673
29.20716
28.9868
29.21217
28.99493
29.21723
29.00443
29.22217
29.01103
29.22721
29.02582
29.23219
29.0375
29.23722
29.04549
29.24221
29.05427
29.24715
29.06231
29.25208
29.07026
29.25705
29.07835
29.26205
29.08702
29.26702
29.09811
29.27198
29.10995
29.2769
29.12035
29.28187
29.13295
29.28678
29.14327
29.29174
29.15061
29.30165
29.16017
29.31141
29.17115
29.3163
29.1799
29.32127
29.18563
29.33107
29.19225
29.34555
29.1987
29.36016
29.2083
29.37469
29.21864
29.37961
29.23264
29.38459
29.24152
29.38952
29.25459
29.39447
29.26124
29.39946
29.27068
29.40444
29.28075
29.41436
29.28734
29.45906
29.29761
29.50354
29.30347
29.51839
29.31444
29.52332
29.32156
29.52832
29.3288
29.53333
29.33671
29.53829
29.34679
29.54323
29.35326
29.54816
29.35806
29.55312
29.36595
29.55805
29.37465
29.56307
29.38176
29.56816
29.3876
29.57307
29.39937
29.57797
29.40735
29.58293
29.41309
29.58795
29.41942
29.59291
29.42879
29.59788
29.43598
29.60336
29.44071
29.60837
29.44793
29.61333
29.45368
29.61822
29.46065
29.62315
29.46539
29.62808
29.47407
29.63302
29.47875
29.63796
29.48447
29.64279
29.49017
29.64776
29.49578
29.65261
29.50074
29.6575
29.50714
29.66239
29.51291
29.66732
29.52085
29.67219
29.5256
29.67705
29.53134
29.68666
29.53926
29.6915
29.54786
29.69631
29.55295
29.70603
29.55796
29.71083
29.56517
29.71564
29.57088
29.72045
29.5758
29.73017
29.58092
29.73513
29.58735
29.7399
29.59533
29.74964
29.60109
29.75943
29.6098
29.76433
29.61774
29.76927
29.62288
29.77423
29.63011
29.78426
29.63524
29.79422
29.64239
29.83433
29.65107
29.83937
29.65576
29.84439
29.66088
29.84942
29.66607
29.85439
29.67613
29.85931
29.68411
29.8643
29.69053
29.86921
29.69622
29.87425
29.70131
29.87929
29.70679
29.8842
29.71161
29.8892
29.72021
29.8941
29.72814
29.89915
29.73609
29.9042
29.74084
29.90919
29.75107
29.9142
29.76129
29.91921
29.76699
29.92414
29.7742
29.9291
29.77994
29.93414
29.78716
29.93912
29.79436
29.94412
29.80156
29.94912
29.80732
29.95411
29.81525
29.95914
29.82034
29.96413
29.82506
29.96904
29.82974
29.974
29.83486
29.9789
29.83996
29.98387
29.84636
29.98887
29.85152
29.99387
29.85865
29.99883
29.86378
30.00389
29.86954
30.00885
29.87888
30.01898
29.8875
30.0517
29.8963
30.06178
29.90501
30.06678
29.91053
30.07172
29.91529
30.07673
29.9256
30.08175
29.9364
30.08667
29.94213
30.09167
29.94918
30.09668
29.96012
30.10164
29.96883
30.10665
29.97609
30.11164
29.98476
30.12153
29.99133
30.12652
29.9993
30.14156
30.00504
30.15154
30.01153
30.16149
30.01805
30.17164
30.02687
30.17661
30.03711
30.18166
30.04361
30.1867
30.05079
30.19174
30.05808
30.19858
30.06309
30.2035
30.07175
30.20856
30.0774
30.21869
30.08399
30.22874
30.09431
30.2389
30.10231
30.25398
30.11031
30.25896
30.11593
30.27085
30.12251
30.28084
30.13115
30.28582
30.13756
30.29079
30.14274
30.29578
30.14991
30.30075
30.15944
30.30573
30.16506
30.31074
30.16986
30.31567
30.175
30.32064
30.17967
30.32562
30.18439
30.33057
30.19013
30.33557
30.19805
30.3405
30.20291
30.34537
30.20943
30.35031
30.21586
30.35527
30.22063
30.3602
30.22653
30.3652
30.23154
30.37017
30.24141
30.37508
30.25089
30.38008
30.25576
30.38499
30.26104
30.39001
30.26842
30.39493
30.27505
30.39995
30.27988
30.41
30.28576
30.41504
30.29115
30.42516
30.29632
30.43518
30.30159
30.44526
30.30654
30.47054
30.31419
30.47563
30.32261
30.48075
30.33243
30.48623
30.34083
30.49125
30.34789
30.49634
30.35558
30.50144
30.36279
30.5075
30.3712
30.5125
30.37917
30.51754
30.38716
30.52262
30.39196
30.52766
30.39677
30.53277
30.40197
30.5378
30.40835
30.54284
30.41637
30.54787
30.42443
30.55289
30.43073
30.55797
30.43805
30.56342
30.44463
30.60958
30.45344
30.65032
30.46449
30.65534
30.47705
30.6603
30.48638
30.66532
30.49135
30.67037
30.49862
30.67539
30.50421
30.68034
30.51151
30.68537
30.52103
30.69041
30.53055
30.69542
30.53698
30.70043
30.54272
30.70549
30.55146
30.71051
30.55726
30.71655
30.56248
30.72163
30.56823
30.72667
30.57344
30.73164
30.58053
30.74167
30.58543
30.76693
30.5934
30.77696
30.59867
30.78204
30.60818
30.78713
30.61339
30.79224
30.62144
30.79733
30.62794
30.80237
30.63449
30.80736
30.64177
30.81247
30.64693
30.81746
30.65176
30.82253
30.65701
30.82759
30.66578
30.83314
30.67297
30.83825
30.67786
30.84328
30.68367
30.84834
30.69081
30.85343
30.6989
30.85857
30.70625
30.86464
30.71351
30.86971
30.71935
30.87476
30.72461
30.87985
30.73123
30.88496
30.74143
30.88998
30.74867
30.89509
30.75445
30.90018
30.76249
30.90524
30.76981
30.91078
30.77788
30.91626
30.78647
30.92645
30.7929
30.93644
30.79945
30.94155
30.80593
30.97189
30.81066
30.98705
30.81562
30.9925
30.8259
30.99758
30.83541
31.00266
30.84007
31.00764
30.84502
31.01275
30.85308
31.01775
30.86101
31.02281
30.86587
31.0278
30.87455
31.03297
30.88242
31.03806
30.88722
31.04306
30.89249
31.04814
30.8977
31.05322
30.90479
31.05823
30.9106
31.06321
30.91717
31.0683
30.92306
31.07335
30.93255
31.07836
30.9382
31.08846
30.94763
31.10875
30.95719
31.11383
30.96362
31.11894
30.96832
31.12399
30.97408
31.12914
30.9827
31.13433
30.98982
31.13979
30.99858
31.14487
31.00874
31.14996
31.01528
31.15505
31.02636
31.16007
31.0344
31.16506
31.03923
31.17008
31.04803
31.17514
31.05388
31.19134
31.06199
31.19648
31.07136
31.22708
31.0786
31.23716
31.08517
31.25247
31.09183
31.25757
31.10063
31.2631
31.10935
31.27324
31.11415
31.27829
31.11995
31.28381
31.12798
31.2889
31.13683
31.294
31.14345
31.29913
31.15147
31.30425
31.15954
31.30925
31.16445
31.3143
31.16967
31.31936
31.17607
31.3244
31.18465
31.32949
31.19059
31.3346
31.20236
31.34011
31.21046
31.34516
31.22078
31.3552
31.22873
31.3704
31.2344
31.37538
31.23962
31.38044
31.24589
31.38593
31.25173
31.39602
31.26054
31.40118
31.26533
31.40626
31.27109
31.41124
31.27736
31.41632
31.2826
31.42135
31.2899
31.42646
31.29471
31.43258
31.30196
31.43769
31.30681
31.44268
31.31567
31.44778
31.32373
31.45384
31.33175
31.45895
31.3383
31.46404
31.34348
31.46917
31.34824
31.47416
31.35618
31.47919
31.36359
31.48426
31.37078
31.48938
31.37644
31.49446
31.38367
31.49963
31.39032
31.50471
31.39919
31.51479
31.40503
31.51985
31.41026
31.52493
31.41678
31.52995
31.42709
31.535
31.43201
31.54014
31.43935
31.54624
31.44728
31.55122
31.45251
31.55623
31.45839
31.56131
31.46568
31.56645
31.47217
31.57152
31.47797
31.57651
31.48276
31.58157
31.48857
31.58665
31.4944
31.59171
31.4992
31.59676
31.51002
31.60366
31.51724
31.60916
31.52209
31.61428
31.52691
31.62041
31.53345
31.62551
31.53997
31.63055
31.54478
31.63667
31.55281
31.64178
31.55805
31.64726
31.56326
31.65244
31.57043
31.66075
31.57622
31.66593
31.58348
31.67274
31.58865
31.6778
31.59513
31.68324
31.60242
31.68823
31.60894
31.69331
31.61413
31.69944
31.6214
31.74922
31.6272
31.75524
31.63237
31.76071
31.63814
31.76689
31.64548
31.77425
31.65565
31.77918
31.66041
31.78422
31.66516
31.78967
31.67167
31.79473
31.67805
31.80235
31.68322
31.83894
31.68972
31.84395
31.69495
31.84894
31.7014
31.85427
31.70934
31.86252
31.71587
31.86752
31.72241
31.87251
31.72824
31.87757
31.737
31.88362
31.74279
31.88868
31.75005
31.89551
31.75581
31.901
31.76098
31.906
31.76573
31.91148
31.77298
31.91823
31.77874
31.92327
31.78738
31.92822
31.7932
31.93331
31.80049
31.93837
31.81
31.94341
31.81789
31.94849
31.82597
31.95616
31.83549
31.96292
31.84353
31.973
31.8508
31.98296
31.8589
31.9898
31.86827
31.99476
31.87548
31.99978
31.88488
32.00483
31.88965
32.00991
31.89613
32.01496
31.90263
32.02689
31.90843
32.03284
31.9136
32.03782
31.91942
32.04288
31.92888
32.04898
31.93402
32.05407
31.93893
32.05919
31.94925
32.06424
31.95869
32.06933
31.96352
32.07431
31.97381
32.08453
31.98118
32.08966
31.99077
32.1
31.99946
32.10506
32.00532
32.11008
32.01418
32.11514
32.02534
32.12018
32.03409
32.12535
32.04513
32.1304
32.05775
32.13551
32.0659
32.14058
32.07632
32.14561
32.08817
32.15076
32.09783
32.1559
32.10801
32.16105
32.12057
32.16627
32.1287
32.17131
32.13652
32.17643
32.14179
32.18148
32.14919
32.18663
32.15574
32.19179
32.16388
32.19699
32.17034
32.20322
32.18064
32.20834
32.188
32.21347
32.19988
32.21865
32.20655
32.22371
32.21537
32.22893
32.22398
32.23415
32.23151
32.23922
32.23958
32.24435
32.24984
32.24953
32.25571
32.25472
32.26319
32.25992
32.27134
32.26505
32.27877
32.27037
32.28764
32.27554
32.29419
32.28078
32.29901
32.28597
32.30645
32.29164
32.31232
32.29867
32.3173
32.30494
32.32628
32.31115
32.33292
32.31634
32.33776
32.32156
32.34313
32.32667
32.35136
32.33296
32.35883
32.33808
32.3638
32.3433
32.37204
32.34839
32.3787
32.35352
32.38544
32.3587
32.39287
32.36386
32.40182
32.369
32.41153
32.37403
32.42114
32.39962
32.42651
32.44902
32.43468
32.45391
32.44282
32.45988
32.45007
32.46631
32.45749
32.47124
32.46629
32.47614
32.47182
32.48097
32.48204
32.48593
32.4909
32.50074
32.49678
32.50566
32.50937
32.51065
32.519
32.52538
32.53015
32.53033
32.54047
32.53535
32.54859
32.54531
32.55666
32.55028
32.56332
32.55529
32.56814
32.56024
32.57626
32.56524
32.582
32.57028
32.5868
32.5753
32.59172
32.58036
32.59649
32.58539
32.60133
32.59043
32.60621
32.59547
32.61111
32.60059
32.61778
32.60565
32.62308
32.61071
32.6279
32.61578
32.63325
32.62083
32.63986
32.62592
32.64516
32.631
32.65005
32.63618
32.65491
32.64132
32.65981
32.64641
32.66555
32.65158
32.67084
32.65673
32.67725
32.66186
32.68311
32.66707
32.68796
32.67221
32.69286
32.67738
32.69776
32.68253
32.70361
32.68771
32.70853
32.69294
32.71337
32.69812
32.71831
32.70336
32.7232
32.70852
32.72813
32.71367
32.73304
32.71883
32.73788
32.724
32.74281
32.72919
32.74775
32.73441
32.75304
32.73961
32.75792
32.74487
32.76276
32.75013
32.76767
32.75534
32.77262
32.7605
32.77759
32.76576
32.78246
32.77096
32.7878
32.77612
32.79279
32.78129
32.79771
32.7865
32.80792
32.79168
32.81283
32.79686
32.81775
32.80214
32.82267
32.80734
32.82751
32.81254
32.83235
32.81779
32.83736
32.82305
32.84242
32.82829
32.84748
32.83371
32.85259
32.83899
32.8577
32.8443
32.86284
32.84974
32.86797
32.85514
32.87304
32.86053
32.87812
32.86601
32.88319
32.87148
32.88838
32.87695
32.8936
32.88245
32.89872
32.88791
32.90388
32.89337
32.90918
32.8989
32.91443
32.90446
32.91964
32.90993
32.925
32.91542
32.93039
32.92095
32.93577
32.92643
32.94114
32.93185
32.94651
32.9374
32.95181
32.94288
32.9572
32.94839
32.96251
32.95385
32.96791
32.95934
32.97336
32.96485
32.97876
32.97032
32.98422
32.97583
32.9896
32.98137
32.99514
32.98693
33.00056
32.99239
33.00603
32.99791
33.01142
33.00355
33.01683
33.00907
33.02229
33.01472
33.02773
33.02023
33.03307
33.02588
33.03856
33.03148
33.0441
33.03716
33.04959
33.04275
33.05514
33.04841
33.0607
33.05408
33.06627
33.05968
33.07179
33.06537
33.07745
33.07114
33.08304
33.07663
33.08877
33.08219
33.09436
33.08788
33.09993
33.09356
33.10555
33.09923
33.11111
33.10478
33.12233
33.11043
33.12777
33.11614
33.13326
33.12179
33.13901
33.12738
33.14431
33.13319
33.14983
33.13895
33.1551
33.14474
33.16051
33.15054
33.16592
33.15634
33.17133
33.16211
33.17718
33.17293
33.1829
33.17874
33.18863
33.18449
33.19434
33.19031
33.20546
33.19608
33.21714
33.202
33.22252
33.20791
33.22806
33.21386
33.23396
33.21954
33.2394
33.2255
33.24499
33.23167
33.25077
33.23737
33.25666
33.24335
33.26264
33.24924
33.26852
33.25509
33.27452
33.26091
33.28056
33.26692
33.28653
33.27254
33.29288
33.27841
33.29861
33.28435
33.30473
33.29028
33.31078
33.29609
33.3166
33.30231
33.32238
33.31438
33.32832
33.32035
33.33411
33.3264
33.33981
33.3323
33.34594
33.33844
33.35236
33.34442
33.35862
33.35043
33.36497
33.35665
33.37125
33.36264
33.37731
33.36895
33.38928
33.37496
33.39558
33.38118
33.40184
33.38745
33.40777
33.39382
33.41381
33.39998
33.41963
33.40606
33.42572
33.41218
33.43179
33.41808
33.43824
33.42394
33.44464
33.42993
33.45111
33.43568
33.45766
33.44167
33.46413
33.44738
33.47062
33.45357
33.4771
33.45934
33.48358
33.46581
33.49006
33.47159
33.49654
33.47751
33.50303
33.4834
33.50951
33.48942
33.51599
33.49565
33.52247
33.50175
33.52901
33.5078
33.5355
33.51355
33.54185
33.51958
33.54833
33.52525
33.55481
33.53136
33.56136
33.53706
33.56784
33.54323
33.57432
33.54917
33.5808
33.55538
33.58728
33.56185
33.59383
33.56838
33.60031
33.57486
33.6068
33.58134
33.61327
33.58782
33.61975
33.59431
33.6263
33.60085
33.63278
33.60733
33.63926
33.61382
33.64575
33.63323
33.65223
33.6396
33.65878
33.64608
33.66527
33.65256
33.67175
33.65889
33.67823
33.66537
33.68472
33.67192
33.69126
33.67834
33.69774
33.68482
33.70422
33.69107
33.71071
33.69754
33.71719
33.70409
33.72367
33.70988
33.73022
33.71618
33.7367
33.72232
33.74318
33.72876
33.74967
33.73519
33.75615
33.74166
33.7627
33.74813
33.76918
33.7545
33.77566
33.76092
33.78214
33.76746
33.78862
33.77375
33.79517
33.78024
33.80165
33.78655
33.80813
33.79303
33.81461
33.79926
33.82109
33.80573
33.82764
33.81207
33.83412
33.81856
33.8406
33.82503
33.84708
33.83152
33.85356
33.83806
33.8601
33.84454
33.86659
33.85102
33.87307
33.85751
33.87955
33.86399
33.88603
33.86998
33.89256
33.87597
33.89867
33.88149
33.90474
33.887
33.91066
33.89257
33.91648
33.89855
33.92271
33.90474
33.92906
33.91103
33.93535
33.91684
33.94169
33.92208
33.94807
33.9284
33.9545
33.93484
33.96102
33.94127
33.96748
33.94772
33.9738
33.95418
33.98026
33.96066
33.98673
33.9672
33.99327
33.97367
33.99975
33.98016
34.00623
33.98664
34.01271
33.99312
34.0192
34.00528
34.02574
34.01109
34.03223
34.01668
34.0387
34.02218
34.04519
34.02855
34.05167
34.03502
34.05821
34.04146
34.06469
34.04792
34.07117
34.05439
34.07765
34.06086
34.08413
34.06741
34.09061
34.07388
34.09716
34.08036
34.10363
34.08685
34.11012
34.09333
34.1166
34.09987
34.12308
34.10635
34.12962
34.11283
34.1361
34.11932
34.14259
34.1258
34.14906
34.13184
34.15554
34.13811
34.16209
34.14459
34.16857
34.15054
34.17505
34.15673
34.18153
34.16261
34.18801
34.16853
34.19456
34.17448
34.20104
34.18009
34.20752
34.1861
34.214
34.1918
34.22048
34.1978
34.22702
34.20378
34.23351
34.21017
34.23998
34.21613
34.24646
34.22203
34.25295
34.22822
34.25949
34.23409
34.26597
34.23997
34.27245
34.24583
34.27893
34.25174
34.28542
34.25772
34.29196
34.26388
34.29844
34.27008
34.30492
34.27618
34.3114
34.28231
34.31788
34.28833
34.32442
34.2943
34.3309
34.30045
34.33738
34.30661
34.34387
34.3125
34.35035
34.31895
34.35682
34.32485
34.36337
34.33105
34.36985
34.33708
34.37634
34.34341
34.38282
34.34935
34.3893
34.35532
34.39584
34.36117
34.40232
34.36723
34.4088
34.37341
34.41528
34.37928
34.42176
34.38557
34.42831
34.39203
34.43479
34.40504
34.44127
34.41151
34.44775
34.418
34.45422
34.4375
34.46077
34.44398
34.46725
34.45047
34.47373
34.45695
34.48021
34.4632
34.48669
34.46916
34.49324
34.47488
34.49972
34.48052
34.5062
34.4863
34.51268
34.49192
34.51916
34.51771
34.52571
34.52418
34.53219
34.53065
34.53867
34.5372
34.54515
34.54367
34.55163
34.55015
34.55818
34.55664
34.56466
34.56312
34.57114
34.56966
34.57763
34.57614
34.58411
34.58262
34.59059
34.5891
34.59713
34.59515
34.60361
34.60153
34.6101
34.60774
34.61658
34.61422
34.62306
34.62024
34.6296
34.62671
34.63609
34.63325
34.64257
34.63919
34.64906
34.64565
34.65555
34.65212
34.6621
34.6586
34.66858
34.66508
34.67507
34.67162
34.68156
34.6781
34.68805
34.68459
34.6946
34.69107
34.70108
34.69755
34.70757
34.70387
34.71405
34.71035
34.72054
34.71683
34.72709
34.72331
34.73357
34.72979
34.74006
34.73634
34.74654
34.74282
34.75303
34.7493
34.75958
34.75578
34.76606
34.76226
34.77255
34.76881
34.77904
34.77529
34.78552
34.78177
34.79207
34.78825
34.79856
34.79473
34.80504
34.80128
34.81153
34.80776
34.81801
34.81424
34.82458
34.82072
34.83107
34.8272
34.83757
34.83375
34.84407
34.84024
34.85056
34.84672
34.85706
34.8532
34.86363
34.85968
34.87012
34.86623
34.87663
34.87271
34.88312
34.87919
34.88962
34.88567
34.89619
34.89215
34.90268
34.89864
34.90918
34.90518
34.91568
34.91166
34.92218
34.91815
34.92875
34.92468
34.93525
34.93116
34.94175
34.93771
34.94825
34.94401
34.95475
34.95049
34.96132
34.95697
34.96781
34.96346
34.97431
34.97
34.9808
34.97648
34.9873
34.98296
34.99386
34.98944
35.00036
34.99574
35.00686
35.00229
35.01336
35.00877
35.01985
35.01525
35.02642
35.02173
35.03292
35.02821
35.03942
35.03476
35.04592
35.04124
35.05242
35.04773
35.05899
35.05421
35.06549
35.06069
35.07199
35.06723
35.07849
35.07372
35.08499
35.0799
35.09156
35.08554
35.09805
35.09134
35.10455
35.09707
35.11105
35.10316
35.11755
35.10876
35.12405
35.11444
35.13062
35.12015
35.13712
35.12585
35.14362
35.13167
35.15012
35.13728
35.15662
35.14304
35.16319
35.14866
35.16969
35.15464
35.17619
35.16106
35.18269
35.16725
35.18919
35.17313
35.19576
35.1794
35.20226
35.18586
35.20876
35.19233
35.21526
35.19881
35.22176
35.20535
35.23153
35.21183
35.23803
35.21831
35.24452
35.22479
35.25103
35.23127
35.2576
35.23782
35.2641
35.2443
35.2706
35.25078
35.2771
35.25727
35.28361
35.2638
35.29011
35.27034
35.29668
35.27682
35.30318
35.28325
35.30968
35.28973
35.31618
35.30276
35.32268
35.30925
35.32925
35.31573
35.33575
35.32221
35.34225
35.32869
35.34875
35.33524
35.35525
35.35469
35.36182
35.36117
35.36832
35.36771
35.37483
35.3742
35.38133
35.38068
35.38783
35.38716
35.39441
35.39364
35.40091
35.40019
35.40741
35.40667
35.41391
35.41315
35.42041
35.41963
35.42698
35.43914
35.43348
35.44563
35.43998
35.45211
35.44649
35.47162
35.45299
35.48458
35.45956
35.49107
35.46606
35.49755
35.47256
35.50409
35.47907
35.51057
35.48557
35.51706
35.49215
35.52354
35.49865
35.52952
35.50515
35.5354
35.51165
35.54109
35.51815
35.54695
35.52473
35.55245
35.53123
35.55807
35.53773
35.56431
35.54423
35.56993
35.55074
35.57554
35.55724
35.58182
35.56381
35.58824
35.57032
35.59469
35.57682
35.60122
35.58332
35.60769
35.58983
35.61417
35.5964
35.62064
35.6029
35.62712
35.60941
35.63367
35.61591
35.64015
35.62242
35.64663
35.62899
35.65248
35.63549
35.65834
35.642
35.66414
35.6485
35.66991
35.655
35.67561
35.66158
35.6813
35.66808
35.68706
35.67458
35.69275
35.68109
35.69856
35.68759
35.70631
35.69417
35.71251
35.70068
35.71897
35.70718
35.72518
35.71369
35.73107
35.7202
35.73706
35.72678
35.74298
35.73328
35.74866
35.73978
35.75495
35.74629
35.76126
35.7528
35.76767
35.75937
35.77389
35.76588
35.77989
35.77238
35.78619
35.77889
35.79252
35.78539
35.79867
35.79197
35.805
35.79847
35.81143
35.80499
35.81779
35.81149
35.82388
35.818
35.83035
35.82457
35.83689
35.83108
35.84317
35.83759
35.84965
35.84409
35.85613
35.8506
35.86261
35.85711
35.86916
35.86369
35.87564
35.8702
35.88212
35.87671
35.8886
35.88322
35.89508
35.88973
35.90162
35.89631
35.90811
35.90282
35.91459
35.90934
35.92107
35.91585
35.92755
35.92236
35.93409
35.92893
35.94035
35.93544
35.9468
35.94195
35.95294
35.94846
35.95926
35.95497
35.96542
35.96156
35.97182
35.96806
35.97805
35.97458
35.98427
35.98108
35.99072
35.98759
35.99714
35.99418
36.00368
36.00069
36.01005
36.00721
36.01653
36.01373
36.02299
36.02024
36.02923
36.02682
36.03532
36.03333
36.0418
36.03984
36.04778
36.04635
36.05392
36.05286
36.05995
36.05945
36.06599
36.06596
36.07222
36.07441
36.07831
36.08081
36.08424
36.08732
36.09024
36.0939
36.096
36.10042
36.10249
36.10693
36.10856
36.11344
36.11425
36.11995
36.12061
36.12653
36.12699
36.13305
36.13353
36.13957
36.13991
36.14608
36.14639
36.1526
36.15287
36.15919
36.1591
36.1657
36.16558
36.17222
36.17206
36.17874
36.17854
36.18526
36.18502
36.19184
36.19138
36.19836
36.19768
36.20488
36.20395
36.2114
36.21661
36.21792
36.22285
36.22451
36.22933
36.23103
36.23555
36.23755
36.24168
36.24407
36.24816
36.25059
36.25464
36.25711
36.26108
36.26369
36.26741
36.27021
36.27389
36.27674
36.28002
36.28326
36.28638
36.28978
36.29284
36.29637
36.29939
36.30289
36.30527
36.3094
36.31139
36.31592
36.31767
36.32244
36.32413
36.32903
36.33047
36.33555
36.33656
36.34206
36.34303
36.34858
36.34925
36.3551
36.35557
36.36169
36.36206
36.36821
36.3686
36.37473
36.38147
36.38125
36.38795
36.38777
36.39415
36.39435
36.40652
36.40086
36.413
36.40738
36.41925
36.41389
36.42573
36.42041
36.43221
36.42699
36.43843
36.43349
36.44447
36.44001
36.45094
36.44652
36.45697
36.45303
36.46336
36.4596
36.4698
36.46611
36.47628
36.47261
36.48217
36.47912
36.48862
36.48561
36.49428
36.49218
36.50014
36.49866
36.50589
36.50515
36.51172
36.51163
36.51753
36.51811
36.52298
36.52466
36.52891
36.53114
36.54028
36.53762
36.55729
36.54411
36.56898
36.55059
36.57457
36.55707
36.58054
36.56361
36.58612
36.5701
36.59175
36.57658
36.5975
36.58306
36.6031
36.58955
36.60881
36.5961
36.61475
36.60258
36.62584
36.60906
36.63179
36.61554
36.63745
36.62202
36.6431
36.62857
36.64886
36.63505
36.65441
36.64153
36.66632
36.64801
36.67273
36.65449
36.67841
36.66103
36.68417
36.66751
36.68993
36.67399
36.69572
36.68047
36.70154
36.68695
36.7074
36.69349
36.71362
36.69997
36.71956
36.70645
36.72552
36.71293
36.73136
36.71941
36.73726
36.72595
36.74312
36.73243
36.74925
36.73891
36.75496
36.74539
36.76099
36.75187
36.76719
36.75841
36.7733
36.76488
36.77902
36.77137
36.78545
36.77785
36.79153
36.78433
36.79749
36.79085
36.80402
36.79736
36.80973
36.80384
36.81588
36.81031
36.82211
36.8168
36.82845
36.82328
36.83446
36.82982
36.8406
36.8363
36.84678
36.84278
36.85276
36.84923
36.8587
36.85571
36.86482
36.86226
36.87118
36.86874
36.87764
36.87522
36.88363
36.8817
36.88964
36.88819
36.90182
36.89473
36.90757
36.90121
36.91345
36.90769
36.91957
36.91418
36.92556
36.92066
36.93158
36.9272
36.93767
36.93369
36.94386
36.94034
36.95034
36.94682
36.95622
36.95331
36.96225
36.95986
36.96862
36.96635
36.97438
36.97283
36.98029
36.97931
36.98607
36.9858
36.99202
36.99236
36.99796
36.99884
