10.0097
10.00992
10.01521
10.01546
10.02074
10.021
10.02629
10.02779
10.03185
10.03336
10.03742
10.039
10.043
10.04578
10.04862
10.05138
10.05425
10.057
10.05991
10.06265
10.06557
10.06826
10.07124
10.07391
10.07689
10.07956
10.08256
10.08524
10.0883
10.09093
10.09401
10.09662
10.09973
10.10236
10.10545
10.1081
10.11119
10.11389
10.11699
10.12082
10.12281
10.1266
10.1286
10.13236
10.13439
10.13812
10.14019
10.14392
10.14594
10.14967
10.15769
10.15545
10.16346
10.16122
10.17042
10.16696
10.17622
10.17277
10.18215
10.17847
10.18803
10.18422
10.19393
10.19
10.19981
10.19583
10.20565
10.20163
10.21153
10.20738
10.21745
10.21316
10.2233
10.21892
10.22913
10.22474
10.23501
10.2305
10.24094
10.23622
10.24678
10.24197
10.25268
10.24774
10.25861
10.25346
10.26451
10.25922
10.27035
10.26503
10.27626
10.27079
10.28224
10.2766
10.28811
10.28235
10.29402
10.28812
10.29991
10.29391
10.30582
10.29964
10.31168
10.3054
10.3176
10.31119
10.32364
10.31697
10.32956
10.32275
10.3355
10.32854
10.34136
10.33435
10.34723
10.34005
10.35308
10.34584
10.35899
10.35159
10.36483
10.35747
10.37074
10.36322
10.37661
10.36906
10.38245
10.37492
10.38828
10.38068
10.39415
10.38646
10.40004
10.39224
10.40595
10.39806
10.41182
10.40382
10.41768
10.40961
10.42354
10.41539
10.42937
10.42131
10.43521
10.42926
10.44228
10.43509
10.44819
10.44088
10.45403
10.44674
10.45988
10.45254
10.46578
10.45836
10.47162
10.46419
10.47749
10.46999
10.48335
10.47578
10.48922
10.48167
10.4951
10.48748
10.5009
10.4933
10.50675
10.49914
10.5154
10.50492
10.52124
10.51079
10.52711
10.51669
10.53296
10.5237
10.53881
10.52951
10.54469
10.53535
10.55056
10.5412
10.55642
10.54701
10.56819
10.5528
10.57406
10.55861
10.57993
10.56445
10.5858
10.5703
10.59171
10.57612
10.59757
10.58195
10.60342
10.58775
10.60925
10.59359
10.61512
10.59943
10.62105
10.60529
10.62694
10.61116
10.63286
10.61697
10.63872
10.62278
10.64463
10.62866
10.65049
10.6345
10.65635
10.64035
10.6622
10.64621
10.66805
10.65209
10.67387
10.65794
10.67973
10.66382
10.68558
10.66972
10.69152
10.67558
10.69737
10.68142
10.70325
10.68723
10.70914
10.69309
10.71507
10.69895
10.72095
10.70479
10.72681
10.71061
10.73267
10.71645
10.73852
10.72234
10.74437
10.7282
10.75025
10.73408
10.75612
10.73995
10.76194
10.74586
10.76782
10.75173
10.7737
10.75764
10.77957
10.76353
10.78546
10.76947
10.79135
10.77544
10.79725
10.78252
10.80315
10.7885
10.80904
10.79442
10.81495
10.80032
10.82205
10.80632
10.8279
10.81225
10.83383
10.81934
10.8397
10.82524
10.84557
10.83113
10.85151
10.83705
10.85739
10.84296
10.86333
10.84895
10.86921
10.85483
10.87514
10.86078
10.88106
10.86684
10.88698
10.87275
10.8941
10.8787
10.9
10.88473
10.90594
10.89062
10.9119
10.89655
10.91786
10.90254
10.92378
10.90856
10.92981
10.91455
10.93581
10.92059
10.94176
10.92663
10.94777
10.93267
10.95377
10.93873
10.95977
10.94471
10.96585
10.95074
10.97185
10.95681
10.97785
10.96286
10.98388
10.96902
10.98986
10.97505
10.99585
10.98121
11.00192
10.98854
11.00798
10.99475
11.01403
11.0009
11.02004
11.0071
11.02606
11.01318
11.03208
11.01936
11.03816
11.02559
11.04428
11.03182
11.05038
11.03805
11.05645
11.04429
11.06254
11.05053
11.06861
11.05677
11.07467
11.06299
11.08073
11.06921
11.08689
11.07556
11.09303
11.08192
11.09914
11.08821
11.10526
11.0945
11.11139
11.101
11.11745
11.10748
11.12359
11.11382
11.12973
11.12015
11.13593
11.12778
11.14216
11.13426
11.14839
11.14065
11.15454
11.1471
11.16067
11.1536
11.16682
11.16006
11.17298
11.16651
11.17916
11.17304
11.18539
11.17956
11.19165
11.18615
11.19793
11.1927
11.20419
11.19926
11.21409
11.20585
11.2203
11.21235
11.22652
11.219
11.23275
11.22555
11.24021
11.23205
11.24645
11.23872
11.25278
11.24545
11.259
11.252
11.26529
11.25865
11.27154
11.26526
11.27791
11.27194
11.28418
11.27856
11.29049
11.28528
11.29676
11.29177
11.30314
11.2985
11.30947
11.30522
11.31585
11.31194
11.32218
11.31866
11.32854
11.32538
11.33487
11.3321
11.34124
11.33883
11.34764
11.34555
11.35394
11.35227
11.36028
11.35899
11.37293
11.36693
11.37925
11.37365
11.38554
11.38037
11.42288
11.38709
11.42909
11.39382
11.43528
11.40054
11.44144
11.40726
11.44758
11.41398
11.45374
11.42071
11.45998
11.42743
11.46623
11.43409
11.47252
11.44081
11.47876
11.44751
11.48503
11.45423
11.49135
11.46095
11.49773
11.46768
11.50415
11.4744
11.51063
11.48112
11.51721
11.48903
11.52376
11.49575
11.5304
11.50247
11.53696
11.5092
11.54356
11.51605
11.55019
11.52277
11.55687
11.52949
11.56481
11.53622
11.57153
11.54294
11.57816
11.54966
11.58483
11.55638
11.59156
11.56311
11.59827
11.56983
11.60499
11.57655
11.61171
11.58328
11.61843
11.59
11.62514
11.59672
11.63186
11.60345
11.63858
11.61017
11.6453
11.6169
11.65201
11.62362
11.65873
11.63034
11.66545
11.63706
11.67216
11.64378
11.67888
11.65051
11.68559
11.65723
11.69231
11.66395
11.69903
11.67068
11.70575
11.6774
11.71246
11.68412
11.71918
11.69084
11.7259
11.69757
11.73261
11.70429
11.73933
11.71101
11.74604
11.71774
11.75276
11.72447
11.75947
11.73119
11.76619
11.73792
11.7729
11.74464
11.77962
11.75136
11.78634
11.75809
11.79305
11.76481
11.79977
11.77153
11.80649
11.77826
11.81321
11.78498
11.81993
11.7917
11.82664
11.79843
11.83336
11.80515
11.84007
11.81188
11.84679
11.8186
11.85351
11.82532
11.86022
11.83204
11.86694
11.83876
11.87365
11.84548
11.88036
11.8522
11.88708
11.85893
11.89379
11.86565
11.9005
11.87237
11.90722
11.8791
11.91393
11.88582
11.92064
11.89254
11.92736
11.89927
11.93407
11.90599
11.94077
11.91271
11.94736
11.91943
11.95389
11.92615
11.96051
11.93287
11.96699
11.93959
11.97348
11.94632
11.98012
11.95304
11.98678
11.95976
11.99342
11.96648
12.00007
11.9732
12.00672
11.97993
12.01334
11.98665
12.01988
11.99337
12.02654
12.00009
12.03319
12.00682
12.0399
12.01354
12.04655
12.02026
12.05324
12.02699
12.05984
12.03371
12.0665
12.04043
12.07321
12.04716
12.07988
12.05388
12.0866
12.0606
12.09331
12.06733
12.10003
12.07405
12.10675
12.08077
12.11346
12.0875
12.12011
12.09422
12.12681
12.10094
12.13352
12.10766
12.14024
12.11438
12.14695
12.12111
12.15366
12.12783
12.16037
12.13456
12.16708
12.14128
12.1737
12.148
12.18034
12.15472
12.187
12.16145
12.19371
12.16817
12.20043
12.1749
12.20714
12.18162
12.21385
12.18834
12.22056
12.19506
12.22727
12.20179
12.23399
12.20851
12.24071
12.21523
12.24742
12.22195
12.25414
12.22867
12.26086
12.2354
12.26758
12.24212
12.27549
12.24884
12.28221
12.25675
12.28893
12.26347
12.29564
12.27019
12.30236
12.27691
12.30908
12.28363
12.3158
12.29036
12.32251
12.29708
12.32923
12.3038
12.33595
12.31052
12.34266
12.31725
12.34938
12.32397
12.3561
12.33069
12.36282
12.33742
12.36954
12.34414
12.37626
12.35086
12.38419
12.35758
12.39091
12.3643
12.39762
12.37102
12.40434
12.37775
12.41105
12.38447
12.41777
12.39119
12.42449
12.39792
12.4312
12.40464
12.43792
12.41136
12.44464
12.41808
12.45135
12.4248
12.45807
12.43153
12.46478
12.43825
12.4715
12.44497
12.47822
12.4517
12.48494
12.45842
12.49166
12.46514
12.49837
12.47186
12.50509
12.47859
12.51181
12.48531
12.51852
12.49203
12.52524
12.49875
12.53196
12.50548
12.53867
12.5122
12.54539
12.51892
12.5521
12.52564
12.55882
12.53236
12.56554
12.53908
12.57225
12.5458
12.57897
12.55253
12.58568
12.55925
12.5924
12.56597
12.60192
12.5727
12.60863
12.57942
12.61535
12.58614
12.62206
12.59285
12.62878
12.59958
12.63549
12.60631
12.64221
12.61303
12.64891
12.61975
12.65563
12.62646
12.66235
12.63319
12.66906
12.6399
12.67578
12.64662
12.6825
12.65334
12.68921
12.66005
12.69593
12.66678
12.70264
12.67349
12.70936
12.68021
12.71607
12.68694
12.72279
12.69365
12.7295
12.70038
12.73622
12.7071
12.74294
12.71381
12.74965
12.72054
12.75636
12.72726
12.76308
12.73398
12.7698
12.7407
12.77651
12.74742
12.78323
12.75414
12.78994
12.76086
12.79666
12.76759
12.80338
12.77431
12.81009
12.78104
12.81681
12.78776
12.82353
12.79447
12.83024
12.8012
12.83696
12.80791
12.84368
12.81464
12.85039
12.82136
12.8571
12.82808
12.86382
12.8348
12.87053
12.84152
12.87725
12.84824
12.88397
12.85496
12.89068
12.86169
12.89738
12.86841
12.9041
12.87512
12.9108
12.88184
12.91751
12.88857
12.92423
12.89529
12.93094
12.90201
12.93765
12.90873
12.94437
12.91545
12.95108
12.92217
12.9578
12.92889
12.96452
12.93561
12.97123
12.94233
12.97795
12.94905
12.98466
12.95577
12.99138
12.96249
12.9981
12.96922
13.00599
12.97594
13.01271
12.98266
13.01942
12.98938
13.02614
12.9961
13.03285
13.00282
13.03957
13.00954
13.04628
13.01626
13.053
13.02299
13.05972
13.0297
13.06643
13.03642
13.07315
13.04313
13.07987
13.04986
13.08658
13.05657
13.0933
13.0633
13.10002
13.07002
13.10673
13.07674
13.11345
13.08346
13.12016
13.09018
13.12688
13.0969
13.1336
13.10362
13.14032
13.11035
13.14703
13.11707
13.15375
13.12379
13.16046
13.13052
13.16718
13.13724
13.1739
13.14397
13.18061
13.15069
13.18732
13.15742
13.19404
13.16414
13.20075
13.17086
13.20747
13.17758
13.21419
13.1843
13.2209
13.19102
13.22761
13.19775
13.23432
13.20448
13.24103
13.2112
13.24775
13.21793
13.25445
13.22466
13.26117
13.23139
13.26789
13.23811
13.27459
13.24484
13.28131
13.25156
13.28803
13.25829
13.29474
13.26501
13.30145
13.27174
13.30817
13.27846
13.31488
13.28519
13.3216
13.29191
13.32831
13.29864
13.33503
13.30536
13.34175
13.31209
13.34846
13.31881
13.35518
13.32553
13.36189
13.33226
13.36861
13.33898
13.37532
13.3457
13.38204
13.35242
13.38875
13.35915
13.39547
13.36586
13.40218
13.37259
13.4089
13.37932
13.41561
13.38604
13.42233
13.39276
13.42904
13.39948
13.43575
13.40621
13.44247
13.41293
13.44919
13.41965
13.4559
13.42637
13.46262
13.43309
13.46933
13.4398
13.47605
13.44652
13.48277
13.45323
13.48948
13.45996
13.4962
13.46667
13.50291
13.47339
13.50963
13.48011
13.51634
13.48684
13.52306
13.49356
13.52977
13.50027
13.53649
13.50699
13.5432
13.51371
13.54992
13.52043
13.55663
13.52715
13.56335
13.53388
13.57006
13.5406
13.57677
13.54733
13.58349
13.55405
13.5902
13.56077
13.59692
13.5675
13.60363
13.57421
13.61034
13.58094
13.61705
13.58766
13.62376
13.59439
13.63047
13.60111
13.63719
13.60783
13.6439
13.61456
13.65062
13.62128
13.65733
13.628
13.66405
13.63473
13.67076
13.64145
13.6803
13.64817
13.68823
13.65489
13.69494
13.66162
13.70166
13.66833
13.70837
13.67506
13.71509
13.68462
13.7218
13.69255
13.72851
13.69928
13.73641
13.706
13.74313
13.71273
13.74984
13.71945
13.75656
13.72617
13.76328
13.7329
13.76999
13.7408
13.77671
13.74752
13.78343
13.75424
13.79014
13.76097
13.79685
13.76769
13.80357
13.77442
13.81028
13.78114
13.817
13.78786
13.82371
13.79458
13.83043
13.80131
13.83714
13.80803
13.84385
13.81476
13.85057
13.82148
13.85729
13.8282
13.864
13.83492
13.87072
13.84165
13.87743
13.84837
13.88414
13.8551
13.89086
13.86182
13.89757
13.86855
13.90429
13.87527
13.91101
13.882
13.91772
13.88872
13.92444
13.89545
13.93115
13.90218
13.93787
13.9089
13.94459
13.91563
13.9513
13.92235
13.95802
13.92908
13.96474
13.93581
13.97145
13.94253
13.97817
13.94926
13.98489
13.95598
13.9916
13.96271
13.99831
13.96944
14.00502
13.97616
14.01174
13.98289
14.01845
13.98962
14.02637
13.99634
14.03309
14.00308
14.0398
14.0098
14.04652
14.01652
14.05323
14.02325
14.05995
14.03118
14.06667
14.0379
14.07339
14.04464
14.08011
14.05137
14.08683
14.0581
14.09476
14.06483
14.10147
14.07156
14.10818
14.07828
14.11489
14.08501
14.12161
14.09173
14.12832
14.09846
14.13503
14.10518
14.14174
14.11191
14.14845
14.11864
14.15516
14.12537
14.16188
14.1321
14.1686
14.13882
14.17531
14.14555
14.18203
14.15227
14.18875
14.159
14.19547
14.16572
14.20337
14.17245
14.21127
14.17918
14.21799
14.18591
14.2247
14.19263
14.23142
14.19936
14.23814
14.20608
14.24606
14.21281
14.25278
14.22071
14.25949
14.22744
14.26621
14.23417
14.27293
14.2446
14.28086
14.25133
14.28757
14.25806
14.29429
14.26478
14.301
14.27151
14.30772
14.27824
14.31443
14.28496
14.32114
14.29169
14.32786
14.29842
14.33457
14.30514
14.34128
14.31187
14.35081
14.31859
14.35752
14.32532
14.36424
14.33325
14.37095
14.33997
14.37767
14.34669
14.38439
14.35342
14.3911
14.36014
14.39782
14.36807
14.40453
14.37479
14.41125
14.38152
14.41797
14.38824
14.42469
14.39497
14.4314
14.40167
14.43812
14.4084
14.44484
14.41512
14.45156
14.42185
14.45827
14.42857
14.46498
14.4353
14.47169
14.44199
14.47841
14.44871
14.48513
14.45544
14.49184
14.46337
14.49977
14.47009
14.50648
14.47681
14.5132
14.48354
14.51991
14.49148
14.53034
14.4982
14.53706
14.50493
14.54378
14.51166
14.5505
14.51838
14.55721
14.52511
14.56393
14.53305
14.57719
14.53977
14.58391
14.5465
14.59063
14.55323
14.59743
14.55995
14.60415
14.56788
14.61086
14.5746
14.61758
14.58133
14.6243
14.58805
14.63101
14.59478
14.63773
14.60151
14.64445
14.60823
14.65116
14.61614
14.65787
14.62286
14.66578
14.62959
14.67249
14.63631
14.67921
14.64304
14.68593
14.64977
14.69385
14.65649
14.70056
14.6644
14.70728
14.67233
14.714
14.68187
14.72071
14.68859
14.72743
14.69532
14.73415
14.70205
14.74087
14.70995
14.74759
14.71788
14.75798
14.7246
14.7647
14.73133
14.77141
14.73806
14.77813
14.74478
14.78485
14.75151
14.79828
14.75824
14.84651
14.76777
14.88009
14.7745
14.89353
14.78122
14.90024
14.78794
14.91368
14.79466
14.9204
14.80139
14.92712
14.80811
14.93384
14.81484
14.94055
14.82156
14.94727
14.82829
14.95399
14.83502
14.9686
14.85045
14.97532
14.85718
14.99247
14.8639
15.0004
14.87062
15.00834
14.88358
15.0285
14.8903
15.03522
14.89702
15.04312
14.90749
15.04984
14.91421
15.05656
14.92093
15.06327
14.92766
15.06999
14.93438
15.07789
14.94104
15.08459
14.95375
15.09131
14.96024
15.09804
14.96671
15.1047
14.97435
15.11756
14.98435
15.12427
14.99191
15.13095
14.99816
15.13756
15.00436
15.14418
15.01334
15.15087
15.02073
15.15748
15.02688
15.16399
15.03301
15.17175
15.03915
15.17826
15.04642
15.18486
15.0525
15.19144
15.05861
15.19796
15.06591
15.20449
15.07324
15.21103
15.07933
15.21753
15.08543
15.22402
15.09162
15.23179
15.10068
15.23829
15.10695
15.24476
15.11332
15.25124
15.11972
15.26404
15.12978
15.27058
15.13617
15.27719
15.14262
15.28498
15.14903
15.29165
15.15666
15.29827
15.16313
15.30493
15.16964
15.31285
15.17742
15.31956
15.19174
15.32628
15.19843
15.3342
15.20516
15.34212
15.21309
15.35167
15.221
15.35838
15.22765
15.36509
15.23431
15.37181
15.24222
15.37852
15.24894
15.38643
15.25567
15.39435
15.26772
15.40106
15.27444
15.40778
15.28117
15.42066
15.28789
15.42738
15.30081
15.43409
15.30753
15.44081
15.31796
15.44753
15.32589
15.46096
15.33261
15.46768
15.33934
15.4744
15.34607
15.48112
15.3528
15.48784
15.35953
15.49456
15.36625
15.50919
15.37417
15.51591
15.38089
15.52263
15.38762
15.52934
15.39555
15.53606
15.40227
15.54278
15.409
15.54949
15.41694
15.55743
15.42367
15.56534
15.43039
15.57326
15.43711
15.57997
15.44504
15.58669
15.45176
15.59461
15.45848
15.60414
15.46641
15.61086
15.47434
15.61758
15.48106
15.62429
15.48779
15.63101
15.49451
15.63773
15.50243
15.64564
15.51285
15.65236
15.51958
15.65908
15.53001
15.6658
15.53794
15.67251
15.54466
15.68205
15.55139
15.69248
15.55811
15.69919
15.56603
15.70591
15.57276
15.71263
15.57948
15.71935
15.58621
15.72607
15.59665
15.73279
15.60337
15.7395
15.6101
15.74741
15.61802
15.75534
15.62475
15.76206
15.63148
15.76877
15.6382
15.7817
15.64492
15.78842
15.65283
15.79513
15.66323
15.80185
15.67366
15.81476
15.68038
15.82148
15.6871
15.82819
15.69383
15.83861
15.70055
15.84814
15.70728
15.85606
15.72018
15.86277
15.7269
15.86949
15.73362
15.8762
15.74155
15.89083
15.74827
15.89754
15.75499
15.90426
15.76713
15.91712
15.77385
15.92383
15.78058
15.93338
15.79343
15.94009
15.80011
15.94681
15.8068
15.95726
15.82218
15.96397
15.82885
15.97189
15.83549
15.97861
15.84221
15.98532
15.84894
15.99203
15.85567
15.99876
15.86239
16.00548
15.87033
16.0122
15.88324
16.01892
15.88996
16.02933
15.89669
16.03605
15.90341
16.04277
15.91133
16.04948
15.91927
16.0562
15.92599
16.06292
15.93267
16.06964
15.94052
16.07636
15.94844
16.08308
15.95509
16.09599
15.96177
16.10271
15.96972
16.10943
15.97645
16.11615
15.98317
16.12287
15.98989
16.12959
16.0003
16.13751
16.00822
16.14422
16.01778
16.15094
16.02451
16.15766
16.03123
16.16438
16.03796
16.1711
16.04589
16.18064
16.05382
16.19407
16.06175
16.20079
16.06969
16.20871
16.08012
16.21663
16.08685
16.22334
16.09357
16.23006
16.1003
16.2435
16.10703
16.27156
16.11375
16.28618
16.12048
16.29289
16.12721
16.29961
16.13393
16.30752
16.14186
16.31424
16.14858
16.32095
16.15531
16.32767
16.16204
16.33439
16.16995
16.34111
16.17667
16.35063
16.1834
16.35734
16.19013
16.36406
16.19805
16.37078
16.20478
16.3812
16.2115
16.38791
16.2219
16.39463
16.22863
16.40134
16.23536
16.40806
16.24209
16.41478
16.25002
16.4215
16.25793
16.42822
16.26466
16.43494
16.27139
16.44284
16.27812
16.44956
16.28603
16.45627
16.29275
16.46298
16.29949
16.4697
16.30622
16.48509
16.31294
16.49181
16.32583
16.49853
16.33255
16.50525
16.33928
16.52656
16.3663
16.53327
16.37302
16.5437
16.37975
16.55162
16.40014
16.56506
16.40687
16.57969
16.41359
16.58641
16.42401
16.61306
16.43073
16.62096
16.43746
16.62888
16.45038
16.64231
16.45706
16.64903
16.46379
16.65575
16.47041
16.66247
16.47712
16.66916
16.48503
16.67587
16.49167
16.68257
16.4984
16.68926
16.505
16.69595
16.51701
16.70264
16.52364
16.71055
16.53029
16.72392
16.53802
16.7318
16.54577
16.75303
16.5523
16.75973
16.55878
16.77395
16.56528
16.78728
16.57174
16.80049
16.58928
16.80824
16.5956
16.82866
16.60197
16.84153
16.61944
16.85519
16.62575
16.86277
16.63203
16.87284
16.65206
16.87922
16.65841
16.88559
16.66591
16.89309
16.67339
16.90312
16.68243
16.93122
16.70729
16.93759
16.71347
16.94401
16.72837
16.95162
16.74322
16.96429
16.74939
16.97194
16.75557
16.97841
16.77457
16.98482
16.78071
16.99125
16.78691
16.99766
16.79917
17.00404
16.80529
17.01039
16.8114
17.02302
16.8287
17.02934
16.83485
17.04209
16.84097
17.05598
16.86748
17.06235
16.87364
17.06873
16.8798
17.08375
16.89717
17.09135
16.90343
17.10807
16.90971
17.11809
16.91596
17.1357
16.9234
17.14211
16.93884
17.14858
16.94641
17.15878
16.96398
17.16644
16.97043
17.17408
16.97686
17.1834
16.98331
17.19115
16.9935
17.2014
17.00124
17.20913
17.00902
17.21564
17.01558
17.22215
17.0222
17.23493
17.02885
17.24146
17.03662
17.248
17.05193
17.25456
17.05975
17.26402
17.06762
17.27425
17.07555
17.28202
17.08344
17.28861
17.09135
17.31079
17.10091
17.32397
17.10884
17.33722
17.11556
17.34386
17.12229
17.35055
17.12901
17.35722
17.13573
17.38213
17.14246
17.38885
17.15038
17.39557
17.15711
17.40228
17.16384
17.409
17.17426
17.41692
17.18098
17.42731
17.18771
17.44779
17.20566
17.45451
17.21359
17.47578
17.22403
17.4837
17.23443
17.49162
17.24234
17.4995
17.24907
17.50742
17.25578
17.51675
17.26251
17.52344
17.26915
17.53013
17.2894
17.53805
17.29723
17.54841
17.31257
17.55626
17.31915
17.57157
17.32568
17.58195
17.35328
17.59237
17.36257
17.60688
17.38762
17.61724
17.41012
17.62762
17.41634
17.63547
17.42262
17.64573
17.43922
17.65346
17.44544
17.67108
17.45167
17.67755
17.46902
17.68406
17.47515
17.7017
17.48127
17.70811
17.49111
17.71458
17.50834
17.72967
17.51448
17.73607
17.52053
17.74249
17.53286
17.75014
17.53902
17.75776
17.54513
17.77359
17.55242
17.78113
17.56474
17.79873
17.57086
17.80512
17.57697
17.81146
17.59425
17.82663
17.60331
17.83309
17.60945
17.83955
17.61932
17.85626
17.62671
17.86267
17.6366
17.86914
17.64396
17.87678
17.65381
17.88316
17.66003
17.88959
17.66619
17.89721
17.67854
17.90482
17.68756
17.91241
17.70498
17.9199
17.71492
17.92902
17.72981
17.93529
17.73598
17.94273
17.74213
17.94893
17.74821
17.95514
17.75435
17.96738
17.76328
17.98561
17.77303
18.01196
17.78762
18.02477
17.79469
18.03859
17.81415
18.04794
17.82356
18.06222
17.83286
18.07149
17.83967
18.08078
17.85296
18.08753
17.85847
18.10587
17.8769
18.12004
17.88231
18.12669
17.8877
18.13585
17.90681
18.14502
17.91215
18.15047
17.91747
18.15711
17.94397
18.16624
17.96215
18.17539
17.97111
18.19118
17.98007
18.19784
17.99563
18.21449
18.00461
18.22114
18.02268
18.22781
18.03165
18.24642
18.05314
18.2519
18.05844
18.26606
18.06375
18.27153
18.08523
18.27704
18.09054
18.28373
18.11621
18.30044
18.12526
18.30962
18.14932
18.31887
18.17845
18.32442
18.18673
18.32996
18.21846
18.33552
18.22772
18.3423
18.23451
18.35578
18.25137
18.36262
18.25701
18.37196
18.26268
18.37888
18.28462
18.39825
18.29036
18.4222
18.31663
18.44162
18.33624
18.52295
18.37084
18.55362
18.39548
18.56849
18.40265
18.6147
18.42479
18.63721
18.43356
18.65854
18.45955
18.66504
18.46924
18.6752
18.48391
18.68451
18.49109
18.6921
18.49709
18.69852
18.50304
18.70488
18.51939
18.71131
18.52537
18.71771
18.53135
18.73281
18.54351
18.73924
18.55075
18.74563
18.55792
18.75833
18.56388
18.76672
18.56984
18.7819
18.5945
18.78835
18.60048
18.81624
18.60644
18.83047
18.63114
18.83693
18.64084
18.84877
18.6564
18.86173
18.66241
18.87687
18.67964
18.91367
18.68957
18.9307
18.70686
18.94832
18.71288
18.95598
18.71889
18.97378
18.73847
18.99662
18.7631
19.003
18.77815
19.02309
18.78526
19.03223
18.80434
19.04473
18.81023
19.05106
18.81608
19.05732
18.84065
19.06726
18.84934
19.07466
18.8639
19.08213
18.86972
19.09204
18.87553
19.0983
18.88763
19.10576
18.89464
19.11568
18.90919
19.12186
18.91621
19.1281
18.9307
19.13552
18.93652
19.14798
18.94236
19.15547
18.95442
19.16292
18.96397
19.1691
18.97352
19.1754
18.9931
19.1845
19.01245
19.19204
19.02829
19.19823
19.03537
19.20452
19.05245
19.21203
19.05836
19.22213
19.07678
19.23219
19.09229
19.2398
19.10107
19.26853
19.10823
19.3509
19.13042
19.3994
19.15373
19.40964
19.1634
19.42994
19.17063
19.44688
19.19695
19.45355
19.2067
19.46008
19.22383
19.47786
19.23107
19.48562
19.25078
19.49599
19.2568
19.50639
19.27318
19.51586
19.28041
19.52359
19.28766
19.53393
19.29991
19.5406
19.30968
19.54732
19.3194
19.5577
19.33662
19.56437
19.34557
19.57965
19.36544
19.59002
19.37166
19.60409
19.37801
19.61079
19.40054
19.61751
19.40803
19.63042
19.42951
19.64084
19.43864
19.68358
19.46614
19.72027
19.50114
19.7674
19.54016
19.81619
19.56936
19.82661
19.57927
19.8485
19.60414
19.85883
19.61208
19.87905
19.63436
19.8855
19.64169
19.8918
19.65647
19.91049
19.66361
19.92042
19.67323
19.93342
19.69404
19.93964
19.71718
19.94576
19.72304
19.9728
19.74621
19.98007
19.7532
19.99984
19.77181
20.00592
19.77757
20.01195
19.80201
20.03172
19.82408
20.03774
19.83101
20.04369
19.85303
20.06339
19.88156
20.0776
19.91109
20.08481
19.93681
20.10205
19.9582
20.10808
19.96778
20.12031
19.98743
20.12757
19.99458
20.15359
20.01419
20.17928
20.02295
20.25931
20.05013
20.28974
20.08002
20.29964
20.08974
20.33209
20.10105
20.33956
20.11075
20.35862
20.1205
20.36862
20.13018
20.38352
20.14744
20.3898
20.16717
20.39605
20.17328
20.41603
20.18166
20.42349
20.20399
20.43769
20.23047
20.4441
20.25286
20.45047
20.25906
20.45807
20.27396
20.46573
20.28142
20.48081
20.28894
20.49337
20.29645
20.49976
20.31384
20.50614
20.32011
20.51533
20.33744
20.52534
20.34649
20.53536
20.35635
20.55018
20.37612
20.62228
20.40066
20.64432
20.42629
20.65126
20.43493
20.66565
20.4539
20.67132
20.46085
20.69232
20.48024
20.71906
20.48957
20.72578
20.5188
20.74245
20.54877
20.74793
20.58247
20.7534
20.58911
20.77028
20.62263
20.77693
20.64522
20.79357
20.66648
20.79899
20.67183
20.83236
20.67718
20.84554
20.69743
20.85373
20.70646
20.87531
20.74201
20.8819
20.77999
20.93828
20.81656
21.0086
20.85337
21.118
20.88778
21.12607
20.89615
21.16014
20.93458
21.16831
20.97194
21.23372
21.00715
21.26404
21.04506
21.28974
21.08134
21.31718
21.11769
21.36208
21.15346
21.38673
21.1892
21.42772
21.22576
21.45317
21.25239
21.46241
21.28217
21.49045
21.29129
21.52356
21.31456
21.5436
21.3437
21.5741
21.3732
21.60628
21.40648
21.65829
21.4394
21.67007
21.47398
21.71032
21.50121
21.73647
21.53597
21.77424
21.55884
21.80602
21.58315
21.85143
21.61435
21.88546
21.6414
21.9127
21.66667
21.91823
21.67208
21.95228
21.69776
22.00337
21.73116
22.048
21.7577
22.07111
21.77706
22.07766
21.78236
22.11639
21.81506
22.13793
21.83647
22.14697
21.85421
22.17348
21.86219
22.18966
21.89261
22.23677
21.92819
22.24732
21.96102
22.27295
21.9699
22.32202
22.00891
22.34102
22.03388
22.36477
22.05701
22.38704
22.06217
22.39351
22.06733
22.41811
22.09121
22.44231
22.13169
22.46043
22.1548
22.46941
22.17448
22.4859
22.19499
22.49242
22.20862
22.51143
22.22983
22.51809
22.25017
22.53615
22.25902
22.55923
22.28441
22.61082
22.31217
22.64071
22.3451
22.67014
22.36819
22.71651
22.39894
22.75924
22.42524
22.77007
22.43046
22.79964
22.44695
22.80881
22.4646
22.82052
22.47103
22.83719
22.4925
22.8502
22.49894
22.86826
22.52739
22.87748
22.53266
22.91076
22.55517
22.94242
22.5631
22.97089
22.59465
23.00188
22.62971
23.03238
22.66741
23.03963
22.6954
23.07139
22.72924
23.10403
22.76418
23.13122
22.7899
23.148
22.80635
23.15678
22.81167
23.17828
22.83097
23.22218
22.86049
23.22894
22.8695
23.24734
22.9035
23.25662
22.93618
23.28575
22.96368
23.29439
22.98693
23.31622
23.0148
23.32562
23.02141
23.37831
23.04305
23.39978
23.06592
23.4495
23.0988
23.49048
23.13084
23.50888
23.15004
23.53221
23.17765
23.56961
23.20724
23.59477
23.23337
23.60071
23.2425
23.60665
23.26443
23.62871
23.27369
23.64486
23.31284
23.69643
23.33916
23.70601
23.37081
23.7656
23.40534
23.77518
23.43122
23.80835
23.458
23.85476
23.49088
23.89363
23.50004
23.94325
23.53535
23.95502
23.56744
23.97386
23.57661
23.99815
23.6099
24.00526
23.618
24.03792
23.6504
24.08875
23.68284
24.14846
23.72136
24.16814
23.73554
24.17778
23.74471
24.19922
23.7797
24.20625
23.80298
24.23696
23.83669
24.27395
23.87287
24.30713
23.902
24.31555
23.92261
24.34737
23.9306
24.36638
23.96055
24.39826
23.96856
24.42439
23.99859
24.52597
24.03489
24.5818
24.06173
24.60596
24.09569
24.62693
24.10468
24.63602
24.13833
24.66506
24.14471
24.68462
24.17906
24.69352
24.21429
24.72871
24.24428
24.76632
24.24938
24.79313
24.25448
24.80069
24.28912
24.81958
24.31234
24.82837
24.32061
24.84865
24.34312
24.85378
24.34939
24.87175
24.36818
24.87809
24.37327
24.89193
24.37835
24.89826
24.39081
24.91212
24.39591
24.91727
24.40101
24.92243
24.42348
24.93661
24.44096
24.95629
24.44606
24.96269
24.45118
24.98113
24.4675
24.98759
24.48636
25.01027
24.49516
25.02569
24.51153
25.04241
24.54079
25.06795
24.56586
25.07452
24.59413
25.10341
24.60322
25.10886
24.622
25.12704
24.62722
25.15718
24.63245
25.18315
24.65679
25.18867
24.67625
25.1942
24.69355
25.2092
24.70123
25.22574
24.72532
25.23502
24.73299
25.25932
24.75711
25.26781
24.7925
25.28618
24.80151
25.30376
24.82287
25.31516
24.83191
25.32085
24.84043
25.32654
24.8602
25.34706
24.88082
25.36197
24.88618
25.36895
24.91032
25.39606
24.93869
25.40555
24.96271
25.44174
24.97181
25.46053
25
25.46747
25.0179
25.53308
25.03917
25.54004
25.07124
25.5755
25.07779
25.60125
25.11017
25.60936
25.13655
25.63622
25.14561
25.65565
25.16643
25.66138
25.17547
25.66707
25.20193
25.68149
25.21021
25.69754
25.22927
25.70444
25.23582
25.71706
25.26688
25.7422
25.30112
25.76177
25.3282
25.88194
25.36187
25.93351
25.38877
25.95864
25.41981
25.97927
25.44289
26.0002
25.4756
26.00723
25.49476
26.02495
25.5039
26.03453
25.52229
26.05662
25.52892
26.06248
25.55066
26.07704
25.55609
26.08413
25.56153
26.09373
25.59208
26.11134
25.615
26.12096
25.63037
26.13791
25.6578
26.14379
25.6661
26.14989
25.68632
26.17117
25.71032
26.19216
25.73671
26.20161
25.75308
26.22853
25.7586
26.23806
25.76411
26.26539
25.7861
26.29161
25.79535
26.29866
25.82232
26.32855
25.85045
26.3859
25.87737
26.41535
25.91367
26.43465
25.92026
26.45193
25.94905
26.46125
25.97993
26.49924
26.01101
26.53348
26.01755
26.56503
26.04894
26.59102
26.08313
26.59657
26.10895
26.67106
26.13533
26.69983
26.1619
26.74419
26.19567
26.76567
26.22453
26.81127
26.2585
26.84378
26.29524
26.85013
26.3303
26.88477
26.33659
26.89362
26.36487
26.91498
26.37118
26.92011
26.38999
26.94728
26.39628
26.95363
26.41738
26.96996
26.4225
26.97755
26.44874
27.00389
26.47059
27.01278
26.49937
27.05036
26.50823
27.05935
26.53974
27.09742
26.57256
27.12855
26.60739
27.22558
26.61451
27.23088
26.6352
27.23619
26.64158
27.26021
26.66687
27.26833
26.67201
27.29371
26.67714
27.30014
26.70688
27.33664
26.71321
27.36037
26.73554
27.39237
26.74186
27.39879
26.76578
27.41597
26.78093
27.44174
26.78725
27.47552
26.80863
27.4845
26.83266
27.50342
26.85436
27.5115
26.86985
27.52742
26.875
27.53266
26.90021
27.5379
26.91334
27.55691
26.91972
27.56587
26.95032
27.58237
26.9567
27.59133
26.97994
27.61204
26.98886
27.61861
27.01707
27.62766
27.02223
27.66417
27.04143
27.68665
27.0503
27.72147
27.07609
27.74911
27.08248
27.75581
27.10778
27.78892
27.13555
27.81134
27.15908
27.82057
27.17794
27.82981
27.20244
27.85406
27.23265
27.86252
27.25936
27.88863
27.29181
27.89792
27.31487
27.92977
27.34236
27.93675
27.37517
27.96858
27.40157
27.97747
27.40807
27.99927
27.44687
28.00857
27.45605
28.03386
27.49379
28.0727
27.52557
28.10731
27.55436
28.14001
27.58746
28.16751
27.62192
28.20228
27.6547
28.22419
27.69289
28.23104
27.73057
28.25453
27.7633
28.28382
27.79743
28.32095
27.83463
28.35828
27.85787
28.39071
27.89691
28.3998
27.91437
28.43048
27.9437
28.46585
27.96388
28.49935
27.98518
28.53187
27.99155
28.55838
28.0017
28.57828
28.00686
28.58687
28.02025
28.60292
28.02662
28.61181
28.04369
28.62693
28.04884
28.63476
28.0646
28.66497
28.08845
28.69645
28.10941
28.70165
28.13641
28.70685
28.16757
28.7435
28.19036
28.75993
28.1985
28.768
28.23122
28.80673
28.24013
28.83868
28.27056
28.8694
28.29818
28.89692
28.3371
28.93093
28.37412
28.95408
28.39297
28.96301
28.39933
28.98376
28.41704
29.00674
28.42341
29.01195
28.45148
29.04283
28.48818
29.04925
28.52512
29.08449
28.55923
29.11949
28.59042
29.14416
28.61722
29.17577
28.63847
29.18377
28.66232
29.20868
28.66743
29.23488
28.70082
29.25637
28.72446
29.28111
28.73324
29.28741
28.75841
29.32095
28.76582
29.34263
28.7833
29.34966
28.80153
29.37476
28.80992
29.39108
28.82105
29.39739
28.82734
29.42369
28.83861
29.4288
28.84739
29.4339
28.86495
29.4566
28.87004
29.47659
28.87511
29.50022
28.88378
29.50651
28.91164
29.5304
28.91792
29.54788
28.92842
29.56167
28.93469
29.56915
28.95409
29.59555
28.96292
29.60331
28.98856
29.63967
29.01264
29.66017
29.03938
29.6665
29.04746
29.69028
29.07173
29.71072
29.07919
29.71586
29.10735
29.73905
29.11243
29.75797
29.11751
29.77747
29.143
29.78499
29.15051
29.80889
29.17574
29.81777
29.1845
29.83182
29.19831
29.84071
29.21145
29.85826
29.21773
29.86654
29.23319
29.88542
29.25462
29.89298
29.27775
29.90862
29.28602
29.91626
29.30481
29.92266
29.31229
29.9332
29.3349
29.93842
29.34368
29.94362
29.36239
29.96252
29.38661
29.97144
29.39539
29.99038
29.4166
29.99932
29.43893
30.03142
29.45273
30.0603
29.45784
30.08927
29.47167
30.09458
29.478
30.09987
29.49681
30.1227
29.51866
30.12921
29.52497
30.1534
29.5463
30.16257
29.55264
30.17762
29.5693
30.1867
29.57563
30.20506
29.58195
30.23668
29.6095
30.24516
29.62333
30.27048
29.64537
30.27588
29.6538
30.2813
29.66256
30.29926
29.68815
30.30836
29.70144
30.3238
29.70963
30.34784
29.71832
30.3632
29.7414
30.37212
29.76315
30.39365
29.76942
30.40255
29.78694
30.42424
29.79203
30.42942
29.79712
30.4346
29.81714
30.44852
29.82223
30.45739
29.82852
30.47875
29.84484
30.49879
29.85116
30.50514
29.85993
30.51949
29.86622
30.52584
29.87132
30.54473
29.87641
30.5511
29.88151
30.56933
29.8866
30.57821
29.90438
30.59708
29.91904
30.61995
29.92535
30.62631
29.99672
30.65519
30.00302
30.66407
30.03385
30.69202
30.06322
30.69836
30.12455
30.7311
30.13204
30.73746
30.15455
30.77388
30.16085
30.80918
30.1821
30.84057
30.20456
30.86318
30.21085
30.87201
30.22714
30.88588
30.23224
30.89101
30.23733
30.91241
30.24953
30.91877
30.25727
30.93678
30.29046
30.94313
30.30514
30.96703
30.31022
30.97588
30.31531
31.00583
30.3411
31.02623
30.36445
31.05069
30.392
31.074
30.4008
31.08045
30.42628
31.09939
30.43509
31.10583
30.45813
31.13849
30.49205
31.14737
30.52074
31.17855
30.54572
31.20662
30.5709
31.2392
30.59473
31.24811
30.62479
31.27117
30.63361
31.29639
30.6663
31.30392
30.69845
31.33399
30.71802
31.35159
30.7513
31.3779
30.78022
31.40303
30.79531
31.42929
30.80412
31.43569
30.82882
31.46834
30.85266
31.47478
30.88653
31.49632
30.90786
31.50527
30.94254
31.52925
30.9765
31.55078
31.00282
31.56684
31.02612
31.57587
31.06321
31.60842
31.0895
31.61616
31.09712
31.64775
31.12475
31.68299
31.1474
31.69205
31.1714
31.71531
31.19543
31.72461
31.20432
31.75125
31.22839
31.8311
31.25374
31.84039
31.27275
31.86565
31.30185
31.88253
31.33753
31.90949
31.36476
31.93896
31.3979
31.96856
31.42723
32.00877
31.46248
32.10003
31.49664
32.1251
31.52927
32.15456
31.56598
32.19184
31.60001
32.22035
31.63281
32.22718
31.66814
32.26796
31.69872
32.30939
31.73637
32.34367
31.77116
32.37903
31.80109
32.38696
31.83521
32.42337
31.8632
32.4504
31.89433
32.4892
31.92949
32.52486
31.96772
32.56265
31.99886
32.57082
32.03296
32.60775
32.06776
32.63725
32.07538
32.64634
32.10821
32.67858
32.13492
32.68765
32.15752
32.72337
32.1931
32.75114
32.22503
32.81895
32.25946
32.856
32.26788
32.89159
32.30355
32.92689
32.32934
32.95287
32.36445
32.9823
32.3872
33.00502
32.39352
33.02674
32.40858
33.03554
32.41488
33.06691
32.43065
33.09575
32.4538
33.11357
32.46135
33.11869
32.4846
33.12382
32.50886
33.13518
32.51513
33.14151
32.53705
33.16153
32.54331
33.16785
32.56592
33.18939
32.59258
33.19736
32.61882
33.21993
32.62513
33.22747
32.63901
33.2438
32.64413
33.25266
32.66548
33.27414
32.69183
33.30308
32.71735
33.32613
32.75256
33.33262
32.78704
33.3704
32.79585
33.40656
32.82182
33.43309
32.82812
33.47071
32.85536
33.50738
32.87086
33.5439
32.89348
33.57934
32.90094
33.58566
32.92349
33.62158
33.00306
33.65025
33.0325
33.68524
33.04107
33.72177
33.05791
33.73058
33.07453
33.76062
33.07959
33.76572
33.08466
33.77084
33.10315
33.78466
33.10942
33.79343
33.12831
33.82593
33.13845
33.85424
33.16795
33.8856
33.18764
33.89071
33.21268
33.89582
33.23423
33.92905
33.24945
33.95891
33.29159
33.98385
33.33072
34.01374
33.34878
34.04943
33.38048
34.08726
33.41011
34.11831
33.42761
34.12342
33.4339
34.12854
33.46056
34.14172
33.48811
34.14687
33.53013
34.15201
33.55758
34.18328
33.56645
34.21827
33.58838
34.24997
33.62247
34.28895
33.65731
34.32518
33.73954
34.35698
33.77488
34.36522
33.80671
34.40268
33.81559
34.40909
33.85447
34.44699
33.87465
34.4811
33.88219
34.48742
33.91241
34.52536
33.93963
34.55293
33.97843
34.58819
34.0057
34.62446
34.03134
34.65582
34.03763
34.69352
34.07242
34.72952
34.09856
34.76455
34.11803
34.79561
34.1405
34.82757
34.14681
34.83648
34.16304
34.87222
34.18343
34.90825
34.19054
34.94356
34.21939
34.97725
34.25154
35.00393
34.27405
35.04137
34.30291
35.0739
34.3222
35.07941
34.34623
35.0848
34.38112
35.12406
34.41542
35.15767
34.44259
35.19348
34.47565
35.22923
34.51067
35.25475
34.54542
35.2799
34.58224
35.28529
34.61345
35.31336
34.6492
35.33867
34.68417
35.36142
34.71949
35.38446
34.74738
35.41895
34.77868
35.42791
34.80563
35.45182
34.84257
35.46073
34.87264
35.48466
34.89979
35.51232
34.90863
35.51997
34.93895
35.5436
34.9595
35.55756
34.96833
35.56398
34.9975
35.59042
35.03378
35.59937
35.06807
35.6258
35.09951
35.64224
35.11533
35.65055
35.13387
35.66825
35.16688
35.67471
35.1757
35.6911
35.19272
35.70006
35.22605
35.73329
35.24868
35.76749
35.28012
35.77559
35.28768
35.8141
35.31934
35.83813
35.32572
35.87529
35.3623
35.90821
35.39441
35.94405
35.42846
35.97829
35.46683
35.98762
35.50225
36.02107
35.54197
36.05224
35.57253
36.08337
35.6057
36.14394
35.64666
36.17781
35.67829
36.20135
35.71595
36.25426
35.75092
36.28829
35.78624
36.34298
35.82261
36.36524
35.85603
36.40583
35.89638
36.44267
35.93047
36.4803
35.966
36.5122
36.00302
36.55145
36.04094
36.58708
36.07341
36.61887
36.10017
36.65316
36.13499
36.67746
36.17087
36.7057
36.20116
36.73948
36.22699
36.74872
36.23358
36.7867
36.27062
36.82596
36.30605
36.85298
36.34237
36.88839
36.3797
36.92266
36.41621
36.95866
36.45106
36.98607
36.48552
37.01798
36.52005
37.03838
36.55655
37.07021
36.59498
37.10776
36.63013
37.14379
36.66235
37.18099
36.69776
37.21931
36.72846
37.25341
36.76119
37.29002
36.7692
37.32785
36.80026
37.36631
36.83277
37.40289
36.86531
37.43639
36.9027
37.47541
36.95439
37.51224
36.97258
37.55101
37.00706
37.58724
37.04401
37.62299
37.07823
37.66055
37.11142
37.69576
37.14967
37.73498
37.18458
37.76249
37.21748
37.79874
37.25056
37.83642
37.2897
37.87658
37.32285
37.91312
37.35534
37.94912
37.39041
37.98758
37.42865
38.02513
37.46516
38.06006
37.50193
38.09882
37.5345
38.13712
37.57029
38.17468
37.60754
38.21215
37.64265
38.25095
37.67703
38.28633
37.71128
38.32312
37.74773
38.35878
37.78197
38.39556
37.81626
38.42965
37.8536
38.46953
37.88913
38.50566
37.9236
38.54296
37.96046
38.58133
37.99397
38.62048
38.03046
38.65731
38.10114
38.69299
38.13806
38.73241
38.16861
38.73919
38.19762
38.77752
38.22132
38.8144
38.25993
38.84607
38.29108
38.8829
38.32745
38.91748
38.35374
38.95332
38.38381
38.99314
38.41671
39.02467
38.45092
39.06205
38.48639
39.10029
38.52296
39.13693
38.56359
39.17533
38.59995
39.21317
38.62838
39.2503
38.66004
39.28744
38.69529
39.3261
38.72714
39.3601
38.74978
39.39845
38.78569
39.43467
38.82225
39.4714
38.85861
39.50903
38.93193
39.53884
38.96729
39.57291
39.00145
39.60054
39.03051
39.63942
39.04971
39.67812
39.08354
39.71293
39.1161
39.74989
39.15062
39.7879
39.18546
39.82564
39.22327
39.86441
39.25977
39.87238
39.2954
39.91017
39.33165
39.94319
39.35813
39.9671
39.39263
39.97345
39.40143
39.99732
39.43307
40.0281
39.46762
40.06245
39.49946
40.06882
39.50825
40.09628
39.53739
40.11701
39.57286
40.15596
39.59932
40.19118
39.63162
40.23022
39.63942
40.2694
39.67835
40.3023
39.71647
40.31145
39.74926
40.35072
39.78514
40.38874
39.81755
40.42553
39.85277
40.46373
39.88885
40.49717
39.92255
40.53367
39.95827
40.57204
39.9936
40.60884
40.02803
40.64433
40.058
40.68209
40.09253
40.72097
40.12809
40.75897
40.16285
40.78627
40.1974
40.82226
40.23287
40.85337
40.26845
40.88948
40.30346
40.92534
40.34097
40.96366
40.37544
40.99203
40.40762
41.01002
40.43896
41.03592
40.47045
41.07354
40.49833
41.07932
40.53461
41.10627
40.55596
41.11407
40.59176
41.1411
40.62681
41.1734
40.66099
41.21129
40.69904
41.24588
40.73519
41.29662
40.77122
41.33069
40.80571
41.34025
40.84299
41.37621
40.8783
41.41318
40.91214
41.45118
40.94906
41.49007
40.98434
41.52628
41.01919
41.57168
41.05318
41.60862
41.08892
41.64702
41.12402
41.6822
41.16259
41.72176
41.19852
41.75961
41.23258
41.7928
41.25921
41.83094
41.29564
41.867
41.33191
41.90535
41.33821
41.9117
41.3657
41.94748
41.39204
41.97545
41.39838
41.98433
41.43546
42.01212
41.46843
42.01847
41.50509
42.05102
41.5241
42.05988
41.53294
42.09755
41.56896
42.128
41.60328
42.16248
41.63351
42.20009
41.669
42.23992
41.70535
42.27426
41.74327
42.30954
41.75082
42.34684
41.78419
42.37762
41.84091
42.41441
41.87736
42.45334
41.90883
42.45853
41.91514
42.46371
41.9404
42.49124
41.94551
42.5162
41.9605
42.5436
41.99829
42.58253
42.02224
42.6045
42.04428
42.64256
42.07988
42.67604
42.15252
42.71432
42.1879
42.75053
42.21951
42.78497
42.22842
42.82492
42.26435
42.85056
42.30025
42.88077
42.33692
42.90386
42.36985
42.93499
42.39888
42.97596
42.43786
43.01277
42.47314
43.04722
42.50903
43.08444
42.54347
43.12405
42.58032
43.15876
42.61456
43.19074
42.64671
43.231
42.68242
43.26837
42.71983
43.30768
42.75623
43.31471
42.79282
43.3443
42.82742
43.3684
42.86495
43.40458
42.90034
43.43887
42.93952
43.44651
42.97747
43.4846
43.00976
43.52155
43.04466
43.55972
43.0826
43.59805
43.11755
43.6386
43.15552
43.67543
43.18623
43.71463
43.22077
43.74538
43.25623
43.78239
43.29282
43.814
43.32402
43.85253
43.36051
43.88852
43.39906
43.92625
43.4354
43.96088
43.47125
44.00028
43.50362
44.07322
43.53843
44.08234
43.57547
44.12079
43.61107
44.15125
43.64357
44.18172
43.66608
44.21975
43.67242
44.24787
43.70136
44.25672
43.70994
44.27599
43.73123
44.28482
43.77003
44.30283
43.78868
44.30796
43.80959
44.32433
43.81591
44.33066
43.82472
44.3395
43.85398
44.35968
43.88422
44.377
43.89057
44.38589
43.92791
44.42226
43.96061
44.42993
43.98818
44.46754
43.99453
44.50657
44.03342
44.54634
44.07268
44.58554
44.11034
44.62162
44.14975
44.66162
44.18609
44.69856
44.22089
44.73695
44.25761
44.77454
44.2927
44.81273
44.32809
44.85181
44.36398
44.88961
44.40084
44.92842
44.43771
44.96929
44.4763
45.0019
44.51358
45.04035
44.54797
45.07887
44.5795
45.11562
44.61692
45.15588
44.65324
45.19434
44.68966
45.23317
44.72393
45.27145
44.76151
45.31012
44.79597
45.3418
44.8321
45.37736
44.86843
45.39652
44.90342
45.42298
44.93892
45.46199
44.9769
45.50103
45.00823
45.53725
45.04514
45.57465
45.07523
45.61235
45.11235
45.64759
45.1465
45.68544
45.18549
45.72329
45.21787
45.75769
45.25594
45.79644
45.29234
45.83261
45.32906
45.84047
45.36414
45.87449
45.39692
45.88359
45.42947
45.92142
45.46789
45.95718
45.50552
45.99538
45.54363
46.03202
45.57819
46.06852
45.61497
46.10641
45.64902
46.14413
45.68406
46.18015
45.71793
46.21659
45.7534
46.2553
45.78547
46.29478
45.81816
46.33003
45.85404
46.33901
45.89004
46.37774
45.91647
46.41395
45.95333
46.45088
45.98394
46.48664
46.01781
46.52501
46.05206
46.5619
46.08729
46.59942
46.12208
46.64028
46.15905
46.67583
46.1958
46.7122
46.2328
46.75098
46.26542
46.78781
46.3024
46.82611
46.34143
46.86555
46.37653
46.9032
46.41287
46.93994
46.44735
46.97947
46.48166
47.01894
46.52053
47.0567
46.55718
47.09614
46.59397
47.13644
46.631
47.17421
46.66686
47.21125
46.70292
47.24935
46.7364
47.28579
46.77336
47.32627
46.80814
47.36359
46.84435
47.39999
46.87823
47.43676
46.91561
47.47359
46.95321
47.50253
46.98809
47.53753
47.0218
47.56755
47.05838
47.5739
47.09476
47.60788
47.13164
47.64172
47.16364
47.64806
47.19375
47.68275
47.2278
47.7041
47.23412
47.71294
47.27132
47.74876
47.30593
47.78765
47.34372
47.82145
47.38005
47.85889
47.41627
47.89376
47.4513
47.93136
47.48645
47.96389
47.51783
47.99731
47.55231
48.0025
47.58906
48.00769
47.62674
48.04663
47.66464
48.08244
47.69976
48.11964
47.73163
48.15818
47.76828
48.19443
47.80243
48.23247
47.82875
48.26958
47.86266
48.30874
47.89965
48.34644
47.92268
48.38366
47.9278
48.42116
47.93292
48.4581
47.96966
48.46696
48.00599
48.50587
48.04293
48.53696
48.07474
48.57405
48.10721
48.602
48.14462
48.63768
48.1764
48.66894
48.21196
48.70536
48.25099
48.74367
48.28451
48.77942
48.31605
48.81494
48.35206
48.853
48.38535
48.89146
48.42125
48.9289
48.45267
48.96546
48.4904
49.00426
48.52341
49.04316
48.55905
49.07885
48.59192
49.1161
48.62903
49.15128
48.66701
49.18507
48.70012
49.21646
48.73545
49.22538
48.76304
49.2462
48.79271
49.2771
48.83158
49.31485
48.86771
49.34645
48.90359
49.38548
48.93792
49.41956
48.97499
49.45753
49.01153
49.49168
49.04835
49.5238
49.08403
49.5627
49.12103
49.60137
49.15924
49.63808
49.19685
49.67492
49.23286
49.71412
49.26823
49.75365
49.30415
49.79438
49.3423
49.83259
49.38022
49.87095
49.41756
49.90863
49.4537
49.94698
49.48722
49.98689
49.52502
50.02294
49.56039
50.06041
49.59831
50.09987
49.63556
50.12721
49.67183
50.16653
49.70786
50.20304
49.74587
50.24129
49.7751
50.27912
49.81279
50.31964
49.85069
50.3581
49.89101
50.3951
49.92899
50.43466
49.96606
50.4743
50.00389
50.51242
50.0378
50.54968
50.07381
50.58902
50.11156
50.62775
50.1422
50.66462
50.17968
50.70407
50.21595
50.74114
50.25353
50.78051
50.29148
50.82039
50.3299
50.85891
50.36646
50.89537
50.39943
50.93489
50.43628
50.97277
50.47552
51.0104
50.50484
51.04841
50.54239
51.0847
50.57923
51.12218
50.61445
51.15759
50.65169
51.19432
50.68629
51.23243
50.71983
51.27095
50.75388
51.31047
50.7902
51.34961
50.82546
51.38723
50.86273
51.42549
50.89844
51.46545
50.9271
51.50262
50.96513
51.54273
51.00264
51.58143
51.04069
51.61701
51.0771
51.64927
51.11087
51.6742
51.14975
51.70843
51.18039
51.74336
51.21674
51.772
51.24963
51.81147
51.27539
51.84046
51.31321
51.86236
51.32076
51.88987
51.35739
51.90873
51.37492
51.91761
51.38004
51.94755
51.39636
51.98175
51.41695
52.0054
51.42208
52.02824
51.44709
52.05611
51.45593
52.0864
51.48247
52.12282
51.51926
52.15773
51.55368
52.1967
51.61785
52.23657
51.6906
52.26941
51.73219
52.30226
51.75992
52.34137
51.76876
52.37452
51.78392
52.40642
51.79277
52.44289
51.82803
52.45141
51.85555
52.48717
51.86322
52.52569
51.89864
52.55507
51.93623
52.56404
51.97183
52.59525
52.00838
52.63058
52.04593
52.66936
52.08311
52.70774
52.1208
52.74591
52.15421
52.78347
52.19073
52.79004
52.22964
52.8213
52.26676
52.82791
52.30376
52.86464
52.34287
52.90396
52.38202
52.94323
52.41988
52.98044
52.45646
53.01995
52.49461
53.04984
52.52925
53.08886
52.56676
53.12421
52.60255
53.15985
52.64273
53.19711
52.68151
53.22319
52.71729
53.26259
52.75601
53.30153
52.79446
53.33852
52.83276
53.37092
52.86984
53.38066
52.90631
53.41996
52.94527
53.46007
52.98306
53.49961
53.01974
53.53868
53.05827
53.57875
53.09531
53.61848
53.13388
53.65992
53.16959
53.69582
53.2105
53.73501
53.24847
53.77306
53.28516
53.81439
53.32353
53.85395
53.36095
53.89355
53.39909
53.93105
53.43497
53.96887
53.47203
54.00853
53.50905
54.04759
53.54607
54.08587
53.58366
54.12525
53.61931
54.16633
53.65716
54.20594
53.69597
54.24514
53.73235
54.28395
53.76773
54.32165
53.80389
54.3561
53.84101
54.39201
53.87726
54.43056
53.90935
54.54648
53.94524
54.58584
53.97728
54.62358
54.01591
54.66226
54.05055
54.70111
54.08825
54.73734
54.12472
54.7719
54.15943
54.80489
54.19463
54.8439
54.22831
54.87862
54.26595
54.90881
54.29959
54.91521
54.3222
54.95345
54.36113
54.97387
54.39571
55.00914
54.43184
55.01801
54.46698
55.05351
54.50167
55.08268
54.53868
55.11039
54.5678
55.1497
54.60373
55.18665
54.62833
55.22438
54.65641
55.25535
54.66526
55.28904
54.72208
55.29546
54.75858
55.32937
54.7954
55.3596
54.80424
55.39761
54.83984
55.43333
54.87102
55.47153
54.90973
55.51024
55.05751
55.54865
55.09522
55.58627
55.16251
55.62074
55.19713
55.65974
55.23117
55.69827
55.26746
55.7272
55.30431
55.74985
55.33743
55.78013
55.37444
55.81996
55.39332
55.85763
55.39846
55.89663
55.40362
55.93176
55.44235
55.96423
55.47663
56.00324
55.51345
56.04271
55.58305
56.07958
55.62117
56.11628
55.6554
56.15504
55.69405
56.19436
55.72913
56.2321
55.76831
56.2714
55.80738
56.30839
55.84025
56.34555
55.8763
56.38499
55.91185
56.42455
55.95012
56.46365
55.98642
56.50261
56.01998
56.54163
56.05834
56.58075
56.09385
56.619
56.13475
56.65645
56.17008
56.69393
56.20777
56.73479
56.24599
56.77158
56.28345
56.81137
56.32128
56.84793
56.35839
56.88482
56.38996
56.92331
56.42725
56.96131
56.46081
56.99533
56.49847
57.03132
56.53505
57.06863
56.56918
57.10432
56.59312
57.14169
56.59823
57.17756
56.63205
57.21425
56.6606
57.25109
56.69841
57.25996
56.73689
57.293
56.77073
57.32868
56.80343
57.36644
56.83873
57.40297
56.87534
57.44017
56.91362
57.47451
56.94811
57.4835
56.98655
57.52216
57.02446
57.55969
57.06223
57.59566
57.09822
57.63403
57.13279
57.67331
57.16912
57.71233
57.20618
57.7513
57.24478
57.78908
57.28287
57.82478
57.31416
57.86324
57.34956
57.90332
57.39043
57.94202
57.42618
57.97959
57.46144
58.01688
57.49198
58.05688
57.52736
58.09231
57.56426
58.12843
57.60323
58.16605
57.64217
58.203
57.67595
58.23792
57.71414
58.27698
57.74991
58.30469
57.78704
58.34312
57.82113
58.37612
57.88832
58.41313
57.92649
58.45109
57.96487
58.4897
58.00079
58.52892
58.0374
58.56532
58.07713
58.60404
58.11286
58.64209
58.14862
58.67876
58.22234
58.71647
58.29492
58.75558
58.33378
58.79475
58.36916
58.83355
58.40795
58.86867
58.44241
58.90785
58.47483
58.94486
58.5103
58.97843
58.54523
59.01581
58.58316
59.05149
58.61596
59.08894
58.65521
59.12312
58.68872
59.15969
58.72538
59.18645
58.76085
59.2229
58.79691
59.25416
58.8297
59.28942
58.86579
59.32545
58.90139
59.36279
58.93777
59.39692
58.97242
59.43599
59.00738
59.47488
59.04673
59.51393
59.08121
59.55323
59.11896
59.58901
59.15537
59.62846
59.19301
59.66713
59.23022
59.70562
59.26859
59.74389
59.30426
59.78108
59.33986
59.81842
59.37582
59.8574
59.41032
59.89599
59.44653
59.93439
59.48293
59.97149
59.51861
60.0099
59.55664
60.0508
59.59452
60.08826
59.63342
60.12788
59.67165
60.16596
59.70654
60.20549
59.74464
60.24551
59.78393
60.2851
59.82317
60.32394
59.86172
60.36138
59.89882
60.40257
59.93468
60.43854
60.04903
60.47865
60.08472
60.51731
60.12355
60.5577
60.16149
60.59718
60.20005
60.63828
60.23912
60.67779
60.27711
60.71671
60.31514
60.75599
60.35387
60.79725
60.39228
60.83681
60.42889
60.8781
60.46821
60.91672
60.50586
60.95637
60.58527
60.99626
60.62392
61.03451
60.6624
61.07486
60.70097
61.11348
60.73718
61.15384
60.77444
61.19303
60.81214
61.23111
60.85078
61.26994
60.89036
61.30917
60.92897
61.34775
60.96419
61.38482
61.00003
61.42321
61.03679
61.46139
61.07581
61.50066
61.11067
61.53927
61.14877
61.58002
61.18465
61.61926
61.22234
61.65679
61.26015
61.69596
61.29782
61.73478
61.33496
61.77276
61.3686
61.81331
61.40433
61.8503
61.44271
61.88786
61.4801
61.92704
61.51901
61.96528
61.59641
62.00406
61.63353
62.04105
61.67044
62.08026
61.70788
62.11786
61.74361
62.15716
61.77867
62.19656
61.81705
62.23417
61.89103
62.27275
61.92763
62.31122
61.96577
62.35067
62.00159
62.39133
62.03948
62.427
62.07709
62.46669
62.11228
62.50504
62.14931
62.54435
62.18724
62.58327
62.22352
62.62227
62.26016
62.66238
62.29513
62.70037
62.33229
62.73929
62.36734
62.77672
62.40167
62.8145
62.43954
62.85233
62.47756
62.88942
62.51608
62.92789
62.55229
62.96737
62.58847
63.00662
62.6277
63.04579
62.6648
63.08527
62.70333
63.12453
62.74151
63.16579
62.77894
63.20325
62.81693
63.24375
62.85175
63.28314
62.89267
63.32363
62.93132
63.36301
62.96845
63.40249
63.00753
63.44208
63.04553
63.48162
63.0833
63.51992
63.12262
63.56141
63.15993
63.60128
63.19833
63.64292
63.23944
63.68304
63.27813
63.72477
63.31849
63.76495
63.3568
63.80656
63.39795
63.84665
63.43698
63.88817
63.47583
63.92806
63.51521
63.95964
63.55555
63.99982
63.5951
64.04017
63.63618
64.08215
63.67502
64.11993
63.71502
64.16125
63.75467
64.20118
63.79571
64.24265
63.83514
64.28265
63.87405
64.32405
63.91516
64.36401
63.95435
64.40549
63.99244
64.44518
64.03045
64.48576
64.07037
64.52552
64.10976
64.5667
64.14864
64.60623
64.18691
64.64574
64.22601
64.68487
64.2629
64.72602
64.30153
64.76546
64.33886
64.80589
64.37872
64.84526
64.49431
64.88574
64.52673
64.92312
64.56238
64.96175
64.59828
64.99715
64.63313
65.03418
64.66057
65.06952
64.69483
65.10358
64.73196
65.1125
64.76865
65.15018
64.79509
65.18926
64.80141
65.22335
64.83884
65.25677
64.87359
65.28471
64.90594
65.32033
64.94492
65.35933
64.98093
65.39545
65.01557
65.43362
65.05421
65.47195
65.09211
65.507
65.12805
65.54726
65.16615
65.58656
65.20338
65.62373
65.24246
65.66196
65.27895
65.70113
65.31906
65.74062
65.35788
65.78006
65.3947
65.82111
65.43198
65.86054
65.47066
65.90028
65.50907
65.93989
65.54828
65.97965
65.58749
66.01931
65.62676
66.05912
65.6659
66.09898
65.70348
66.13897
65.74111
66.17899
65.77928
66.21867
65.81893
66.25858
65.85841
66.29853
65.89936
66.33342
65.93597
66.37096
65.97665
66.41263
66.01558
66.445
66.05548
66.47418
66.09496
66.51427
66.13464
66.55625
66.17441
66.5964
66.21574
66.63847
66.25543
66.6786
66.29575
66.72031
66.33313
66.7601
66.37185
66.80138
66.41072
66.84082
66.44983
66.87981
66.56554
66.91785
66.59451
66.95555
66.60337
66.99612
66.63505
67.03515
66.64397
67.07356
66.68156
67.11262
66.71969
67.15121
66.75749
67.18944
66.79212
67.22871
66.82964
67.26556
66.86771
67.30373
66.90745
67.34259
66.94663
67.3836
66.98619
67.42294
67.02506
67.46398
67.06361
67.50301
67.10047
67.54417
67.13916
67.58381
67.17654
67.62141
67.21415
67.66024
67.25134
67.69768
67.28918
67.73898
67.32858
67.77867
67.36567
67.81729
67.40285
67.85706
67.44022
67.89838
67.47495
67.93673
67.51412
67.97643
67.63446
68.01546
67.67175
68.05544
67.70756
68.09362
67.7451
68.13453
67.78312
68.17355
67.82304
68.2132
67.86025
68.25231
67.89847
68.29156
67.93726
68.33051
67.97812
68.36987
68.01648
68.40941
68.05733
68.44867
68.09582
68.48985
68.13129
68.52932
68.16909
68.57048
68.20984
68.61002
68.24839
68.64995
68.28717
68.68937
68.32687
68.72911
68.36327
68.76798
68.40247
68.80746
68.44083
68.84703
68.47794
68.88642
68.51392
68.92527
68.55244
68.96513
68.59107
69.00475
68.62933
69.0444
68.66859
69.08412
68.70801
69.12394
68.74754
69.1638
68.78652
69.20397
68.82487
69.24543
68.86417
69.28509
68.90165
69.32641
68.94023
69.36583
68.97812
69.40668
69.016
69.44563
69.05469
69.48525
69.09402
69.5249
69.13219
69.56457
69.16824
69.60439
69.20589
69.64423
69.24447
69.68407
69.32311
69.72179
69.36224
69.76154
69.40328
69.80269
69.44175
69.8421
69.48141
69.88146
69.51736
69.91945
69.55554
69.95772
69.59293
69.99692
69.62922
70.0323
69.66623
70.07066
69.70438
70.10918
69.73384
70.14718
69.74015
70.18625
69.77411
70.21936
69.7962
70.2585
69.82646
70.28993
69.86236
70.29636
69.90179
70.33553
69.94085
70.37375
69.9769
70.41084
70.01204
70.44951
70.05096
70.49048
70.08878
70.52869
70.12823
70.56665
70.16678
70.60589
70.20572
70.64606
70.24462
70.68428
70.28355
70.71693
70.32419
70.72331
70.3596
70.76041
70.39783
70.79956
70.43561
70.82407
70.46458
70.83301
70.4995
70.87198
70.5386
70.91232
70.57235
70.94875
70.61082
70.98745
70.68324
71.02428
70.72136
71.06424
70.75699
71.10196
70.79013
71.14082
70.82803
71.17875
70.86592
71.21581
70.90562
71.25502
70.94233
71.2942
70.98134
71.33315
71.01817
71.37227
71.05443
71.41209
71.09356
71.45172
71.13073
71.49142
71.16805
71.52983
71.20623
71.5683
71.24397
71.60641
71.28187
71.64424
71.31658
71.68378
71.3554
71.72504
71.39407
71.76461
71.43126
71.80563
71.47228
71.8451
71.51038
71.88488
71.54905
71.92377
71.58842
71.9629
71.6279
71.99858
71.66389
72.03824
71.70229
72.07806
71.74183
72.1178
71.7795
72.15936
71.8204
72.19896
71.8585
72.23961
71.89838
72.27932
71.93764
72.32073
71.9767
72.35946
72.01513
72.39957
72.05472
72.43774
72.09258
72.4786
72.13356
72.51817
72.17302
72.55762
72.21195
72.59666
72.25138
72.63604
72.29079
72.67525
72.32886
72.71261
72.36488
72.7521
72.40299
72.7905
72.44162
72.82831
72.48016
72.86793
72.51792
72.90771
72.55673
72.94716
72.59384
72.98725
72.63323
73.02609
72.67049
73.06612
72.74831
73.1058
72.78793
73.14714
72.82767
73.18645
72.86725
73.22769
72.90814
73.26737
72.94622
73.30868
72.98672
73.34817
73.02641
73.38767
73.06519
73.42741
73.10353
73.46769
73.14407
73.50739
73.18365
73.54865
73.225
73.58831
73.26373
73.62906
73.30352
73.66856
73.34314
73.70795
73.38431
73.74879
73.42309
73.7877
73.46185
73.82553
73.50103
73.86484
73.53886
73.90282
73.5799
73.94231
73.61737
73.9833
73.6563
74.02271
73.69259
74.06258
73.73143
74.10216
73.76967
74.14251
73.80899
74.18027
73.84686
74.2198
73.88448
74.25914
73.9239
74.29906
73.96388
74.33785
74.00137
74.37753
74.03889
74.41693
74.07793
74.4565
74.11525
74.49612
74.15498
74.53474
74.19147
74.5759
74.23266
74.61555
74.272
74.65673
74.31139
74.69612
74.34923
74.73495
74.38807
74.77444
74.42669
74.81558
74.46449
74.85494
74.50388
74.89409
74.54141
74.93244
74.58092
74.96991
74.62026
75.00938
74.65962
75.05048
74.6989
75.09007
74.73824
75.12994
74.77647
75.16937
74.81538
75.21047
74.8547
75.25001
74.89149
75.28859
74.93086
75.32732
74.97203
75.3668
75.01086
75.40787
75.05071
75.44733
75.08939
75.48622
75.12659
75.52555
75.16584
75.56489
75.20511
75.60423
75.24118
75.64277
75.27881
75.68116
75.31779
75.72221
75.35699
75.76129
75.39452
75.8022
75.43354
75.84045
75.47082
75.87926
75.5089
75.91843
75.547
75.95771
75.58578
75.99528
75.62187
76.03317
75.66116
76.0735
75.69861
76.11159
75.73693
76.1516
75.77524
76.1885
75.81459
76.22865
75.85208
76.26672
75.89301
76.30544
75.93082
76.34357
75.96799
76.38248
76.0071
76.42139
76.04625
76.46085
76.08378
76.49863
76.12136
76.53652
76.14385
76.57552
76.20253
76.60159
76.21139
76.64059
76.28339
76.67841
76.30946
76.70431
76.33584
76.73699
76.35381
76.77238
76.38921
76.80241
76.42317
76.83926
76.4593
76.87325
76.49722
76.89971
76.53043
76.93725
76.56773
76.97788
76.60595
77.01087
76.64368
77.04858
76.67748
77.08381
76.71443
77.11829
76.78472
77.15904
76.82061
77.19345
76.85686
77.23188
76.89301
77.2707
76.92999
77.30944
76.96874
77.34874
77.00377
77.38703
77.04059
77.42183
77.07813
77.45502
77.11719
77.49178
77.15408
77.53088
77.19329
77.56904
77.23018
77.60799
77.26776
77.64738
77.30348
77.6868
77.34274
77.72795
77.379
77.7661
77.41707
77.80544
77.45504
77.84427
77.49323
77.88393
77.53095
77.92322
77.57016
77.96312
77.60772
78.00113
77.64611
78.04027
77.68267
78.0784
77.72103
78.11646
77.75623
78.15658
77.79436
78.19598
77.83329
78.23521
77.87125
78.27472
77.90958
78.31549
78.02611
78.3553
78.06451
78.39594
78.10245
78.43577
78.13993
78.47511
78.17928
78.51488
78.21889
78.55615
78.25838
78.59592
78.29385
78.63698
78.33331
78.67661
78.37281
78.71773
78.41085
78.75722
78.48846
78.79726
78.52766
78.83347
78.56673
78.87331
78.60476
78.91448
78.64498
78.953
78.68405
78.99334
78.72241
79.03314
78.75856
79.07384
78.79492
79.11353
78.82829
79.15457
78.86741
79.19314
78.90596
79.23161
78.94505
79.27042
78.98073
79.30685
79.01693
79.34513
79.05782
79.38609
79.09521
79.42554
79.13396
79.46548
79.17014
79.50484
79.20402
79.54503
79.24287
79.5837
79.28193
79.62289
79.31775
79.66026
79.35262
79.6991
79.39333
79.73711
79.43129
79.77632
79.46575
79.81651
79.50369
79.855
79.54018
79.89474
79.57671
79.93185
79.61557
79.97298
79.65654
80.01131
79.69592
80.05031
79.73396
80.08902
79.77338
80.13027
79.81276
80.1698
79.88991
80.21103
79.92859
80.25059
79.96962
80.29016
80.00892
80.33022
80.04753
80.36973
80.08385
80.41029
80.16011
80.44987
80.19958
80.48985
80.23923
80.52868
80.27693
80.56906
80.31824
80.6087
80.35795
80.64732
80.43808
80.6869
80.47935
80.72569
80.51756
80.76473
80.55874
80.80337
80.59815
80.84214
80.6373
80.87851
80.67574
80.91785
80.71329
80.95667
80.75248
80.99495
80.79025
81.03446
80.82829
81.07311
80.86555
81.11271
80.90667
81.14916
80.94614
81.18874
80.98321
81.22799
81.02134
81.26749
81.06094
81.30868
81.09754
81.34731
81.13641
81.38674
81.17574
81.42628
81.21382
81.46742
81.25308
81.50182
81.29179
81.54083
81.33101
81.58047
81.36703
81.61989
81.40637
81.66089
81.44566
81.69857
81.48068
81.73829
81.51869
81.77559
81.5573
81.81508
81.59503
81.84998
81.62979
81.8896
81.66663
81.92899
81.70303
81.96725
81.73961
82.00662
81.77683
82.04726
81.815
82.0866
81.85335
82.12642
81.89401
82.16597
81.93192
82.20226
81.96777
82.23967
82.00515
82.27799
82.04323
82.31855
82.08177
82.35789
82.11951
82.39887
82.15847
82.43835
82.19785
82.47941
82.23721
82.51756
82.27651
82.55518
82.31594
82.59445
82.35335
82.63396
82.3932
82.6734
82.43171
82.71343
82.46883
82.75288
82.50478
82.79307
82.54399
82.83262
82.58244
82.87136
82.62186
82.91049
82.66119
82.9498
82.69857
82.9909
82.77509
83.03036
82.81352
83.06654
82.85012
83.10593
82.8895
83.14491
82.92824
83.18439
82.96683
83.22352
83.0056
83.26224
83.04608
83.30235
83.08426
83.34171
83.12125
83.38064
83.16193
83.41858
83.19916
83.45646
83.23828
83.49434
83.27659
83.53373
83.31589
83.57254
83.3541
83.61198
83.39097
83.65142
83.43007
83.69095
83.46686
83.72955
83.54398
83.76862
83.58147
83.80721
83.62082
83.84518
83.66187
83.8846
83.70107
83.92384
83.77528
83.96452
83.81072
84.00246
83.84718
84.04102
83.88484
84.07868
83.92051
84.1165
83.96474
84.14867
84.00215
84.18023
84.03882
84.21049
84.07633
84.24826
84.11406
84.28474
84.15354
84.32497
84.18925
84.36279
84.22742
84.40244
84.26299
84.44176
84.3018
84.48177
84.34106
84.52
84.37768
84.55898
84.41616
84.59459
84.45436
84.63396
84.49234
84.67352
84.53075
84.71412
84.56547
84.75354
84.6047
84.79167
84.64252
84.83104
84.68199
84.87037
84.72117
84.90854
84.75836
84.94516
84.79578
84.98399
84.83395
85.0234
84.87189
85.06262
84.90959
85.10089
84.94527
85.14029
84.9836
85.17977
85.02135
85.21934
85.06242
85.25704
85.09952
85.29312
85.13799
85.33278
85.17535
85.37266
85.2141
85.41402
85.2534
85.45379
85.29181
85.49506
85.33063
85.53486
85.37
85.57598
85.40944
85.61525
85.44797
85.65176
85.4876
85.6913
85.52372
85.73202
85.56391
85.77149
85.60207
85.80916
85.64136
85.84837
85.67945
85.88924
85.72012
85.92905
85.75952
85.97028
85.79796
86.00853
85.83546
86.04897
85.86909
86.08868
85.90977
86.13013
85.94912
86.16927
85.99014
86.20982
86.0272
86.24943
86.06602
86.28896
86.10428
86.3275
86.14297
86.36592
86.18089
86.40445
86.21924
86.44408
86.25716
86.48368
86.2973
86.52337
86.33669
86.56298
86.37416
86.60284
86.41298
86.64206
86.45223
86.68134
86.49129
86.72102
86.52972
86.76015
86.56948
86.80067
86.60892
86.84032
86.64966
86.87972
86.68903
86.91921
86.72716
86.96021
86.76683
86.99976
86.80727
87.03931
86.84606
87.07903
86.88565
87.11875
86.92519
87.15816
86.96494
87.19798
87.00446
87.23891
87.04487
87.27866
87.08344
87.31947
87.12301
87.35922
87.16409
87.40033
87.20377
87.43954
87.24278
87.47904
87.28187
87.5186
87.32233
87.55831
87.36181
87.59792
87.40176
87.63918
87.44035
87.67744
87.47913
87.71738
87.51868
87.75733
87.55685
87.79724
87.59584
87.83455
87.63364
87.87445
87.67325
87.91409
87.71287
87.95386
87.7507
87.98884
87.7903
88.02834
87.83057
88.06872
87.87003
88.09556
87.90875
88.12968
87.94845
88.1597
87.98685
88.19981
88.02646
88.30597
88.06699
88.34557
88.10485
88.384
88.14157
88.42321
88.17971
88.46159
88.2181
88.5007
88.25624
88.53856
88.29605
88.57652
88.33434
88.61544
88.3724
88.65205
88.40519
88.69127
88.44437
88.72943
88.48347
88.76198
88.52135
88.80058
88.55994
88.83974
88.59797
88.88066
88.63879
88.91846
88.67802
88.95744
88.71848
88.99564
88.75637
89.03447
88.79649
89.11158
88.83568
89.15083
88.87209
89.19014
88.9103
89.22918
88.94826
89.26586
88.98531
89.30509
89.02209
89.34424
89.06104
89.38286
89.10028
89.42118
89.1376
89.45748
89.17678
89.49606
89.2138
89.53526
89.25199
89.57279
89.28687
89.6105
89.32596
89.64891
89.36304
89.68823
89.3979
89.72733
89.43576
89.76669
89.47501
89.80554
89.51302
89.84499
89.55214
89.88315
89.58965
89.92268
89.6279
89.96355
89.66535
90.00316
89.70472
90.04404
89.74287
90.08381
89.78236
90.12299
89.82209
90.16193
89.8615
90.20134
89.90203
90.23528
89.9404
90.25763
89.98158
90.29159
90.02117
90.32147
90.06136
90.36163
90.10029
90.39284
90.14038
90.59214
90.179
90.61852
90.21806
90.6504
90.25443
90.68874
90.29215
90.72321
90.32796
90.76162
90.3566
90.79772
90.36346
90.83681
90.40004
90.85487
90.439
90.86005
90.46178
90.86517
90.46812
90.88665
90.49706
90.91973
90.52113
90.92776
90.54318
90.9644
90.57348
90.99352
90.59861
91.00254
90.63824
91.03693
90.67406
91.06644
90.71428
91.10569
90.7523
91.14454
90.79076
91.18385
90.8278
91.22317
90.86694
91.2625
90.90417
91.30099
90.9405
91.33947
90.97549
91.37886
91.01479
91.41418
91.05374
91.4535
91.09296
91.49216
91.13193
91.53191
91.17155
91.57073
91.20937
91.61061
91.24766
91.64776
91.28574
91.68747
91.32648
91.71626
91.36603
91.75097
91.40711
91.78088
91.447
91.82
91.48819
91.85462
91.52795
91.89632
91.56786
91.92905
91.60767
91.9555
91.64811
91.99214
91.68784
92.01202
91.72919
92.0461
91.76872
92.06847
91.8102
92.08839
91.85019
92.12505
91.89204
92.15241
91.93124
92.25915
91.97131
92.27825
92.01125
92.30323
92.05266
92.34251
92.09183
92.36827
92.13281
92.40833
92.1719
92.44811
92.21334
92.48463
92.25287
92.52446
92.29256
92.55351
92.33153
92.59325
92.37124
92.62286
92.41261
92.6577
92.45142
92.69617
92.49054
92.7342
92.52995
92.764
92.56966
92.80361
92.60927
92.83332
92.64908
92.87318
92.68842
92.90156
92.72808
92.94137
92.76767
92.98104
92.80508
93.01325
92.84489
93.053
92.88461
93.0827
92.92443
93.12242
92.96426
93.16369
93.00414
93.19578
93.04391
93.25453
93.08358
93.29617
93.12331
93.34315
93.16288
93.397
93.20258
93.42935
93.24232
93.46085
93.28167
93.54653
93.3225
93.56129
93.3623
93.57112
93.40245
93.59598
93.44194
93.70429
93.48331
93.71149
93.52311
93.73392
93.56442
93.88052
93.60404
93.91294
93.64394
93.94528
93.68356
93.98665
93.72347
94.02399
93.76325
94.06549
93.80467
94.10467
93.84398
94.14196
93.88377
94.1668
93.92351
94.19159
93.96231
94.22041
94.00168
94.26276
94.0415
94.33206
94.08282
94.37955
94.12287
94.4395
94.1642
94.46346
94.20322
94.48579
94.24467
94.53967
94.28447
94.54581
94.32386
94.55186
94.36373
94.57421
94.40265
94.60168
94.44232
94.62063
94.48286
94.69723
94.52264
94.74909
94.56257
94.85147
94.60252
94.91399
94.64397
94.94677
94.68391
95.00767
94.72433
95.02421
94.75903
95.04642
94.80009
95.07881
94.83949
95.11115
94.87946
95.14013
94.91927
95.17249
94.95913
95.21411
95.00066
95.2415
95.04062
95.27359
95.08218
95.30067
95.12209
95.36661
95.16357
95.42092
95.20316
95.44796
95.24217
95.4724
95.2823
95.50945
95.31127
95.53183
95.35129
95.55903
95.38783
95.5826
95.42792
95.59731
95.46954
95.62978
95.50713
95.7339
95.54306
95.79136
95.58318
95.90057
95.62328
95.92802
95.65986
95.94949
95.69981
95.96692
95.72374
95.9994
95.76107
96.00923
95.80269
96.0257
95.8426
96.08286
95.88423
96.11868
95.9238
96.24673
95.96478
96.25636
96.00481
96.29387
96.04477
96.32103
96.08487
96.35342
96.12462
96.37992
96.16512
96.4071
96.20492
96.42687
96.24634
96.43411
96.28629
96.44884
96.32624
96.48078
96.36629
96.51283
96.40793
96.53013
96.44794
96.536
96.48902
96.5582
96.52649
96.59053
96.56788
96.62705
96.60761
96.66687
96.64841
96.69896
96.68835
96.74048
96.72818
96.7797
96.76691
96.82093
96.80747
96.8606
96.8481
96.89888
96.88619
96.93777
96.92673
96.97651
96.96746
97.01261
97.00549
97.05118
97.04234
97.09042
97.08128
97.13124
97.11801
97.16649
97.15467
97.20239
97.19067
97.24326
97.2289
97.28188
97.26591
97.32274
97.30585
97.36181
97.34496
97.40096
97.3832
97.43664
97.41808
97.47527
97.45335
97.51447
97.49104
97.55524
97.52909
97.56045
97.56927
97.59431
97.60701
97.6024
97.64272
97.65724
97.67933
97.68914
97.70503
97.69814
97.72642
97.71716
97.74538
97.72869
97.76434
97.73519
97.7707
97.75178
97.78966
97.76076
97.79482
97.76889
97.80611
97.77787
97.81495
97.83088
97.83382
97.83615
97.85234
97.84144
97.85747
97.85299
97.8626
97.85949
97.87881
97.86857
97.88515
97.87508
97.89151
97.88039
97.9054
97.8857
97.91055
97.89223
97.92361
97.90129
97.92876
97.91724
97.93391
97.92255
97.9469
97.93618
97.95329
97.94527
97.95974
97.95431
97.96869
97.96339
97.98476
97.98148
97.99119
97.98799
98.00514
97.997
98.0117
98.00228
98.02065
98.01939
98.04217
98.02467
98.04864
98.08478
98.0577
98.09004
98.07426
98.0953
98.07949
98.10583
98.0847
98.11109
98.09323
98.11756
98.09971
98.12404
98.11632
98.13311
98.12157
98.13961
98.1268
98.14485
98.13688
98.15009
98.14339
98.15534
98.1499
98.16056
98.15517
98.16579
98.16042
98.17103
98.16568
98.17625
98.17094
98.18147
98.17621
98.18669
98.1827
98.19821
98.19169
98.20342
98.19695
98.20866
98.20222
98.2151
98.20871
98.22034
98.21399
98.22558
98.21925
98.23081
98.22453
98.23604
98.23353
98.24129
98.23882
98.24651
98.24782
98.25173
98.25307
98.25818
98.25833
98.27905
98.26732
98.28545
98.27258
98.29066
98.27784
98.29585
98.28985
98.30367
98.29884
98.31005
98.31435
98.31525
98.31956
98.32041
98.32475
98.32558
98.32996
98.33074
98.33516
98.3359
98.34037
98.34106
98.35179
98.34748
98.35699
98.35265
98.36217
98.35783
98.36737
98.36299
98.37377
98.36815
98.38269
98.37332
98.38914
98.41702
98.39559
98.42216
98.40078
98.42731
98.40596
98.43245
98.41236
98.4376
98.42126
98.44276
98.42644
98.44789
98.43161
98.45304
98.43679
98.45818
98.44569
98.46332
98.45085
98.46848
98.45602
98.47361
98.46491
98.47875
98.47008
98.48391
98.47523
98.48904
98.48412
98.49419
98.48929
98.49934
98.49446
98.50449
98.49962
98.50964
98.50477
98.51479
98.50994
98.51992
98.51511
98.52507
98.52027
98.53022
98.52667
98.53538
98.53184
98.54051
98.53701
98.54566
98.54591
98.55081
98.5548
98.55596
98.56367
98.56111
98.57007
98.56625
98.57647
98.57141
98.58537
98.57655
98.59055
98.59822
98.60321
98.60458
98.60838
98.62122
98.61356
98.62637
98.62762
98.63898
98.63279
98.64413
98.63795
98.64928
98.65675
98.6633
98.66193
98.66845
98.66708
98.67359
98.68559
98.68523
98.69076
98.70902
98.6959
98.71415
98.70602
98.71929
98.71117
98.72816
98.71632
98.7333
98.72804
98.73844
98.73444
98.74483
98.74081
98.75116
98.74596
98.75889
98.75111
98.76551
98.75877
98.77065
98.76391
98.77579
98.76905
98.78092
98.77419
98.78606
98.78054
98.79119
98.78568
98.79633
98.79082
98.80145
98.79716
98.80659
98.8023
98.81171
98.80743
98.81805
98.81257
98.82317
98.81771
98.82829
98.82285
98.83342
98.83425
98.83855
98.83939
98.84369
98.84454
98.84881
98.84968
98.85395
98.85483
98.85908
98.85998
98.86421
98.86514
98.86935
98.87029
98.87447
98.87544
98.8796
98.88183
98.88471
98.88698
98.89497
98.89214
98.90009
98.90353
98.91547
98.91242
98.92059
98.91759
98.92573
98.92397
98.93208
98.93109
98.93845
98.93999
98.94357
98.94638
98.94992
98.95153
98.95505
98.95669
98.96018
98.96307
98.96531
98.96825
98.97044
98.9734
98.97557
98.97857
98.98069
98.98614
98.98583
98.99394
98.99097
98.9991
98.9961
99.00426
99.00496
99.01128
99.01009
99.02013
99.01522
99.03527
99.02033
99.04043
99.03172
99.04559
99.03811
99.05585
99.04959
99.061
99.10313
99.06617
99.10826
99.07132
99.1134
99.07774
99.11974
99.08291
99.1286
99.08807
99.13374
99.09608
99.13888
99.10124
99.14524
99.10641
99.15037
99.12038
99.1555
99.12555
99.16064
99.13071
99.16698
99.13587
99.17211
99.14104
99.17724
99.14619
99.18237
99.15258
99.18752
99.15775
99.19266
99.16293
99.1978
99.1721
99.20415
99.18015
99.20931
99.18533
99.21446
99.19049
99.2196
99.19566
99.22473
99.20203
99.22987
99.20838
99.23502
99.21481
99.24015
99.21997
99.24528
99.22514
99.25163
99.23029
99.25677
99.23547
99.26191
99.24064
99.26704
99.25138
99.28368
99.25777
99.29641
99.26478
99.30156
99.27118
99.30671
99.27878
99.31186
99.28517
99.317
99.29034
99.32215
99.29552
99.3273
99.30193
99.33247
99.3071
99.3376
99.31229
99.34275
99.31747
99.34791
99.32642
99.35309
99.3316
99.35824
99.33678
99.3634
99.3457
99.36856
99.35088
99.37372
99.35607
99.38009
99.37502
99.38766
99.3802
99.39403
99.38538
99.39918
99.3958
99.40434
99.401
99.40949
99.40617
99.42091
99.41908
99.42731
99.42714
99.43247
99.43607
99.43763
99.44496
99.44652
99.45383
99.46199
99.46024
99.46715
99.46816
99.48256
99.47334
99.48772
99.47853
99.49287
99.48775
99.5006
99.49294
99.50575
99.49812
99.5109
99.5033
99.51606
99.50848
99.52492
99.51366
99.53132
99.51884
99.53648
99.52402
99.54164
99.5292
99.5468
99.53437
99.55318
99.54076
99.55956
99.54711
99.56471
99.55599
99.56989
99.56117
99.57504
99.56636
99.5802
99.57429
99.58657
99.57945
99.59173
99.58463
99.59689
99.59102
99.60204
99.5974
99.60718
99.60256
99.61234
99.60773
99.6175
99.61292
99.62267
99.62325
99.62782
99.62966
99.63419
99.63856
99.63935
99.64748
99.6445
99.65389
99.64969
99.66283
99.65482
99.67176
99.65997
99.67695
99.66513
99.68214
99.67149
99.69254
99.67855
99.69772
99.68372
99.7029
99.68887
99.70931
99.70292
99.71823
99.72478
99.7263
99.72994
99.73394
99.73633
99.74036
99.74149
99.74677
99.74664
99.75196
99.75794
99.75716
99.76435
99.76234
99.77077
99.76878
99.77592
99.77642
99.7811
99.7816
99.78628
99.78678
99.79144
99.79317
99.8068
99.80145
99.82856
99.80785
99.83373
99.81306
99.83891
99.81826
99.84756
99.82345
99.85274
99.82987
99.85795
99.8378
99.86311
99.84299
99.86829
99.84818
99.87345
99.8546
99.8786
99.85979
99.88376
99.86498
99.88896
99.87019
99.89534
99.87536
99.90426
99.88055
99.90943
99.88824
99.91459
99.89462
99.91977
99.90102
99.92493
99.90742
99.93012
99.91382
99.93531
99.92024
99.94051
99.92543
99.94569
99.93063
99.95087
99.93703
99.95605
99.9422
99.96121
99.94741
99.96638
99.95261
99.97156
99.96027
99.97673
99.96548
99.98191
99.9707
99.98708
99.9771
99.99226
99.9823
99.99744
99.98751
100.0026
99.99896
100.0078
100.0054
100.013
100.0118
100.0182
100.0171
100.0234
100.0223
100.0285
100.0313
100.0337
100.0365
100.0389
100.0417
100.0441
100.047
100.0493
100.0534
100.0545
100.0586
100.0596
100.0651
100.0649
100.0703
100.0701
100.0756
100.0752
100.0888
100.0804
100.094
100.0856
100.0993
100.0972
100.1045
100.1387
100.111
100.1503
100.1163
100.1555
100.1215
100.1659
100.1304
100.1711
100.1357
100.1763
100.1409
100.1815
100.1473
100.1867
100.1538
100.1918
100.159
100.197
100.1642
100.2034
100.1705
100.2085
100.1794
100.2137
100.1883
100.2188
100.1997
100.224
100.2048
100.2291
100.2099
100.2342
100.2184
100.2405
100.2247
100.2457
100.2336
100.2508
100.2386
100.2559
100.2437
100.261
100.2597
100.2661
100.2648
100.2712
100.2699
100.2763
100.2763
100.2814
100.2826
100.2865
100.2889
100.2928
100.2977
100.2979
100.3028
100.303
100.3091
100.3081
100.3142
100.3132
100.3193
100.3183
100.3244
100.3247
100.3358
100.3298
100.3432
100.3349
100.3484
100.3412
100.3535
100.3464
100.3586
100.3515
100.3637
100.3566
100.3701
100.3618
100.3753
100.3669
100.3804
100.372
100.3867
100.3772
100.3919
100.3836
100.397
100.3899
100.4034
100.3951
100.4086
100.4002
100.4137
100.4066
100.4189
100.4118
100.4241
100.417
100.4394
100.4221
100.4446
100.4273
100.451
100.4325
100.4562
100.4376
100.4702
100.4428
100.4754
100.4492
100.4806
100.4544
100.487
100.4595
100.4922
100.4647
100.4974
100.4698
100.5026
100.475
100.5078
100.4802
100.513
100.4854
100.526
100.4906
100.5342
100.497
100.5456
100.5022
100.5508
100.5073
100.556
100.5125
100.5657
100.5177
100.5709
100.5229
100.5761
100.5281
100.5826
100.5332
100.5915
100.5384
100.5997
100.5436
100.6062
100.5488
100.6127
100.554
100.6216
100.5592
100.6281
100.5643
100.6333
100.5696
100.6385
100.5748
100.6437
100.58
100.6502
100.5852
100.6554
100.5916
100.6606
100.5996
100.667
100.6048
100.6735
100.61
100.6787
100.6513
100.6839
100.6565
100.6903
100.6617
100.6967
100.6669
100.7019
100.6721
100.7071
100.6785
100.7123
100.6836
100.7187
100.6888
100.7239
100.694
100.7291
100.6992
100.7343
100.7044
100.7395
100.7096
100.7485
100.7148
100.7537
100.72
100.7589
100.7252
100.7641
100.7304
100.7693
100.7369
100.7758
100.7433
100.781
100.7522
100.7862
100.7588
100.7926
100.764
100.8003
100.7692
100.8109
100.7756
100.8161
100.782
100.8213
100.7885
100.8265
100.7937
100.8355
100.7989
100.8419
100.8041
100.8471
100.8093
100.8523
100.8145
100.8613
100.8209
100.869
100.8298
100.8755
100.835
100.887
100.8402
100.8922
100.8454
100.8974
100.8507
100.9039
100.8559
100.9128
100.8611
100.9192
100.8674
100.9244
100.8726
100.9296
100.8778
100.9492
100.8842
100.9616
100.8894
100.9706
100.8946
100.9838
100.8998
100.989
100.905
100.9942
100.9102
101.0018
100.9154
101.0083
100.9206
101.0135
100.9258
101.0187
100.9812
101.0239
101.0317
101.0303
101.064
101.0367
101.0781
101.0419
101.0857
101.0471
101.0947
101.0535
101.1011
101.0599
101.1063
101.0651
101.1115
101.0703
101.1179
101.0754
101.1258
101.0806
101.131
101.0936
101.1362
101.1003
101.1415
101.1054
101.1467
101.1106
101.1531
101.117
101.1595
101.1234
101.1659
101.1286
101.1723
101.1338
101.1775
101.1469
101.1827
101.1596
101.1879
101.1648
101.1932
101.17
101.1984
101.1808
101.2036
101.1859
101.2088
101.1911
101.214
101.1975
101.222
101.2064
101.2284
101.2129
101.2336
101.2218
101.2388
101.2294
101.244
101.2346
101.2504
101.2398
101.2556
101.2462
101.2608
101.2552
101.2672
101.2643
101.2748
101.2695
101.2812
101.2759
101.2876
101.2823
101.2941
101.2887
101.2992
101.2951
101.3044
101.3053
101.3096
101.3117
101.3213
101.3222
101.3264
101.3274
101.3316
101.3326
101.3406
101.3471
101.3458
101.3548
101.351
101.36
101.3562
101.3652
101.3626
101.3767
101.3678
101.3831
101.373
101.3883
101.3782
101.3935
101.3834
101.3999
101.3886
101.4063
101.395
101.4115
101.4014
101.4167
101.4066
101.4219
101.4118
101.4271
101.4182
101.4323
101.4259
101.4387
101.4323
101.4451
101.4375
101.4503
101.4427
101.4567
101.4555
101.4619
101.4619
101.4671
101.4723
101.4723
101.4775
101.4774
101.4943
101.4851
101.5007
101.4916
101.5059
101.5005
101.5124
101.5069
101.5176
101.5121
101.5228
101.5173
101.528
101.5225
101.5332
101.5277
101.5384
101.5329
101.5436
101.5381
101.5488
101.5445
101.554
101.5509
101.5593
101.5598
101.5657
101.5663
101.5721
101.5727
101.5773
101.5779
101.5825
101.5832
101.5877
101.5896
101.5929
101.5988
101.5994
101.6052
101.6046
101.614
101.6162
101.6204
101.6421
101.6293
101.6473
101.6358
101.6526
101.6447
101.6578
101.6511
101.663
101.6563
101.6682
101.6616
101.6747
101.668
101.6811
101.6744
101.6863
101.6834
101.6916
101.6923
101.6968
101.7003
101.702
101.7055
101.7085
101.7119
101.7137
101.7221
101.7189
101.7274
101.7241
101.7326
101.7294
101.7391
101.7346
101.7455
101.7411
101.7539
101.7463
101.7592
101.7515
101.7644
101.7567
101.7697
101.7737
101.7749
101.7789
101.7801
101.7893
101.7919
101.8191
101.7984
101.8348
101.8036
101.84
101.8089
101.8569
101.8178
101.8621
101.8243
101.8738
101.8308
101.879
101.8437
101.8842
101.8519
101.8895
101.8571
101.896
101.8624
101.9012
101.8676
101.9064
101.8741
101.9117
101.8806
101.9221
101.8895
101.9273
101.896
101.9326
101.9042
101.9378
101.9095
101.943
101.9147
101.9535
101.92
101.9639
101.928
101.9751
101.9386
101.9804
101.9451
101.9946
101.953
102.0051
101.962
102.018
101.9684
102.0245
101.9749
102.031
101.9814
102.0375
101.9929
102.0492
101.9982
102.0544
102.0035
102.0714
102.0117
102.0766
102.0181
102.0819
102.0272
102.0871
102.0336
102.0924
102.0401
102.0977
102.0454
102.1029
102.0544
102.1134
102.0609
102.1186
102.0674
102.1239
102.0739
102.1291
102.0828
102.1356
102.0881
102.1409
102.0934
102.1462
102.0987
102.1527
102.1053
102.1592
102.1106
102.1645
102.1159
102.1698
102.1212
102.1763
102.1265
102.1816
102.1368
102.1869
102.1434
102.1934
102.1486
102.1987
102.154
102.204
102.163
102.2125
102.1695
102.2178
102.1748
102.2232
102.1802
102.2285
102.1855
102.235
102.1966
102.2404
102.202
102.2458
102.2074
102.2511
102.2165
102.2564
102.2231
102.2618
102.2297
102.2671
102.2388
102.2737
102.2473
102.2791
102.2527
102.2844
102.2581
102.2898
102.2697
102.2951
102.2764
102.3006
102.2903
102.306
102.2995
102.3151
102.3087
102.3243
102.3154
102.331
102.3246
102.3376
102.3412
102.3459
102.3481
102.3526
102.3536
102.3593
102.3591
102.3647
102.3647
102.3701
102.3715
102.3794
102.3808
102.3886
102.3876
102.3941
102.3994
102.4009
102.4063
102.4078
102.4182
102.4133
102.4251
102.4189
102.4308
102.4301
102.4366
102.4357
102.446
102.4412
102.4518
102.4524
102.4575
102.4579
102.4633
102.4692
102.4691
102.4761
102.4762
102.4818
102.4858
102.4874
102.4918
102.4943
102.4978
102.5013
102.5037
102.507
102.5125
102.524
102.5185
102.5297
102.5245
102.5368
102.5318
102.5567
102.5391
102.5626
102.5451
102.5684
102.5512
102.5756
102.561
102.5817
102.5683
102.5876
102.5756
102.6057
102.5855
102.6189
102.5928
102.6249
102.599
102.6309
102.6091
102.6431
102.6166
102.649
102.6242
102.659
102.6318
102.6725
102.6395
102.6787
102.6471
102.6861
102.6548
102.6922
102.6649
102.6984
102.6728
102.7083
102.6848
102.7145
102.6913
102.7209
102.6981
102.7284
102.7047
102.7348
102.7114
102.7412
102.7182
102.7476
102.7262
102.754
102.7342
102.7604
102.741
102.7668
102.7477
102.7732
102.7557
102.7797
102.7653
102.7864
102.7721
102.7929
102.7788
102.7996
102.7856
102.8062
102.7924
102.8128
102.7991
102.8196
102.8059
102.8263
102.8127
102.8331
102.8195
102.8399
102.8274
102.8495
102.8342
102.8562
102.841
102.863
102.8478
102.8697
102.8546
102.8765
102.8613
102.8832
102.8681
102.89
102.8748
102.8968
102.8816
102.9035
102.8884
102.9103
102.8952
102.9171
102.9019
102.9238
102.9099
102.9306
102.9179
102.9373
102.9259
102.9441
102.9327
102.9508
102.9394
102.9576
102.9462
102.9643
102.9529
102.9711
102.9609
102.9779
102.9689
102.9846
102.9757
102.9914
102.9825
102.9981
102.9892
103.0048
102.996
103.0116
103.0027
103.0183
103.0107
103.0251
103.0175
103.0319
103.0242
103.0386
103.031
103.0453
103.0378
103.0521
103.0445
103.0589
103.0513
103.0656
103.0581
103.0724
103.0648
103.0791
103.0716
103.0859
103.0784
103.0926
103.0863
103.0993
103.0931
103.1061
103.0999
103.1129
103.1067
103.1196
103.1134
103.1264
103.1202
103.1331
103.127
103.1399
103.1338
103.1466
103.1406
103.1534
103.1474
103.1601
103.1541
103.1669
103.1609
103.1736
103.1677
103.1804
103.1744
103.1871
103.1812
103.1939
103.188
103.2006
103.1948
103.2074
103.2015
103.2141
103.2083
103.2209
103.2151
103.2276
103.2219
103.2344
103.2286
103.2412
103.2354
103.2479
103.2422
103.2547
103.2489
103.2615
103.2557
103.2683
103.2625
103.2751
103.2693
103.2818
103.2761
103.2886
103.2828
103.2954
103.2896
103.3021
103.2964
103.3089
103.3031
103.3156
103.3099
103.3224
103.3167
103.3292
103.3234
103.3359
103.3302
103.3427
103.3369
103.3495
103.3437
103.3563
103.3504
103.3631
103.3572
103.3699
103.364
103.3766
103.3707
103.3834
103.3775
103.3902
103.3842
103.3969
103.391
103.4037
103.3978
103.4105
103.4045
103.4172
103.4113
103.424
103.418
103.4308
103.4248
103.4376
103.4315
103.4444
103.4383
103.4511
103.4451
103.4579
103.4518
103.4647
103.4585
103.4714
103.4653
103.4782
103.4721
103.485
103.4788
103.4917
103.4855
103.4985
103.4923
103.5053
103.499
103.5121
103.5058
103.5188
103.5126
103.5256
103.5193
103.5323
103.526
103.5391
103.5328
103.5471
103.5395
103.5538
103.5463
103.5606
103.553
103.5674
103.5598
103.5741
103.5665
103.5809
103.5733
103.5877
103.58
103.5945
103.5868
103.6012
103.5936
103.608
103.6003
103.6148
103.607
103.6215
103.6138
103.6283
103.6206
103.635
103.6273
103.6418
103.634
103.6486
103.6408
103.6553
103.6476
103.6621
103.6543
103.6689
103.6611
103.6756
103.6678
103.6824
103.6746
103.6891
103.6813
103.6959
103.6881
103.7027
103.6948
103.7094
103.7016
103.7162
103.7083
103.7229
103.715
103.7297
103.7218
103.7365
103.7285
103.7432
103.7353
103.75
103.742
103.7567
103.7488
103.7635
103.7555
103.7702
103.7623
103.777
103.769
103.7837
103.7758
103.7905
103.7825
103.7972
103.7893
103.804
103.796
103.8108
103.8028
103.8175
103.8095
103.8243
103.8163
103.831
103.823
103.8378
103.8297
103.8445
103.8365
103.8513
103.8432
103.858
103.85
103.8648
103.8567
103.8716
103.8634
103.8783
103.8702
103.8851
103.8769
103.8918
103.8837
103.8986
103.8904
103.9053
103.8971
103.9133
103.9039
103.92
103.9106
103.9267
103.9174
103.9335
103.9241
103.9402
103.9308
103.947
103.9376
103.9537
103.9443
103.9605
103.951
103.9672
103.9578
103.974
103.9645
103.9807
103.9713
103.9875
103.978
103.9942
103.9847
104.001
103.9915
104.0077
103.9982
104.0145
104.005
104.0212
104.0117
104.0279
104.0184
104.0347
104.0252
104.0414
104.0319
104.0482
104.0386
104.0549
104.0454
104.0617
104.0521
104.0684
104.0589
104.0751
104.0656
104.0819
104.0723
104.0886
104.0791
104.0954
104.0858
104.1021
104.0925
104.1088
104.0993
104.1156
104.106
104.1223
104.1128
104.1291
104.1195
104.1358
104.1262
104.1426
104.133
104.1493
104.1397
104.1561
104.1464
104.1628
104.1532
104.1695
104.1599
104.1763
104.1666
104.183
104.1734
104.1898
104.1801
104.1965
104.1869
104.2032
104.1936
104.21
104.2003
104.2167
104.2071
104.2235
104.2138
104.2302
104.2205
104.2369
104.2273
104.2437
104.234
104.2504
104.2407
104.2571
104.2475
104.2639
104.2542
104.2706
104.2609
104.2773
104.2677
104.2841
104.2744
104.2908
104.2812
104.2975
104.2879
104.3043
104.2946
104.311
104.3014
104.3177
104.3081
104.3244
104.3148
104.3312
104.3216
104.3379
104.3283
104.3446
104.3351
104.3514
104.3418
104.3581
104.3485
104.3648
104.3553
104.3716
104.362
104.3783
104.3687
104.385
104.3755
104.3917
104.3822
104.3985
104.3889
104.4052
104.3957
104.4119
104.4024
104.4187
104.4092
104.4254
104.4159
104.4322
104.4226
104.4389
104.4294
104.4456
104.4361
104.4523
104.4429
104.4591
104.4496
104.4658
104.4563
104.4725
104.4631
104.4793
104.4698
104.486
104.4766
104.4928
104.4833
104.4995
104.49
104.5062
104.4968
104.5129
104.5035
104.5197
104.5102
104.5264
104.517
104.5331
104.5237
104.5399
104.5304
104.5466
104.5372
104.5534
104.5439
104.5601
104.5507
104.5668
104.5574
104.5735
104.5641
104.5803
104.5709
104.587
104.5776
104.5938
104.5843
104.6005
104.5911
104.6072
104.5978
104.614
104.6046
104.6207
104.6113
104.6274
104.618
104.6342
104.6248
104.6409
104.6315
104.6476
104.6382
104.6544
104.645
104.6611
104.6517
104.6679
104.6584
104.6746
104.6652
104.6813
104.6719
104.6881
104.6787
104.6948
104.6854
104.7015
104.6921
104.7083
104.6989
104.715
104.7056
104.7217
104.7123
104.7285
104.7191
104.7352
104.7258
104.7419
104.7326
104.7487
104.7393
104.7554
104.746
104.7622
104.7528
104.7689
104.7595
104.7756
104.7663
104.7823
104.773
104.7891
104.7797
104.7958
104.7865
104.8026
104.7932
104.8093
104.8
104.816
104.8067
104.8227
104.8134
104.8295
104.8202
104.8362
104.8269
104.8429
104.8336
104.8497
104.8404
104.8564
104.8471
104.8631
104.8539
104.8699
104.8606
104.8766
104.8673
104.8833
104.8741
104.8901
104.8808
104.8968
104.8875
104.9035
104.8943
104.9103
104.901
104.917
104.9077
104.9238
104.9145
104.9305
104.9212
104.9372
104.9279
104.944
104.9347
104.9507
104.9414
104.9574
104.9482
104.9642
104.9549
104.9709
104.9616
104.9776
104.9684
104.9844
104.9751
104.9911
104.9818
104.9978
104.9886
105.0046
104.9953
105.0113
105.0021
105.018
105.0088
105.0248
105.0155
105.0315
105.0223
105.0383
105.029
105.045
105.0357
105.0517
105.0425
105.0584
105.0492
105.0652
105.0559
105.0719
105.0627
105.0787
105.0694
105.0854
105.0762
105.0921
105.0829
105.0988
105.0896
105.1056
105.0964
105.1123
105.1031
105.119
105.1098
105.1258
105.1166
105.1325
105.1233
105.1393
105.1301
105.146
105.1368
105.1527
105.1435
105.1595
105.1503
105.1662
105.157
105.1729
105.1637
105.1797
105.1705
105.1864
105.1772
105.1931
105.184
105.1999
105.1907
105.2066
105.1974
105.2133
105.2042
105.22
105.2109
105.2268
105.2176
105.2335
105.2244
105.2402
105.2311
105.2469
105.2378
105.2537
105.2446
105.2604
105.2513
105.2671
105.258
105.2739
105.2648
105.2806
105.2715
105.2873
105.2783
105.2941
105.285
105.3008
105.2917
105.3075
105.2985
105.3143
105.3052
105.321
105.3119
105.3277
105.3187
105.3345
105.3254
105.3412
105.3322
105.3479
105.3389
105.3547
105.3456
105.3614
105.3524
105.3681
105.3591
105.3748
105.3658
105.3816
105.3726
105.3883
105.3793
105.3951
105.3861
105.4018
105.3928
105.4085
105.3995
105.4153
105.4063
105.422
105.413
105.4287
105.4197
105.4354
105.4265
105.4422
105.4332
105.4489
105.44
105.4556
105.4467
105.4624
105.4535
105.4691
105.4602
105.4758
105.4669
105.4826
105.4737
105.4893
105.4804
105.496
105.4871
105.5027
105.4939
105.5095
105.5006
105.5162
105.5073
105.5229
105.5141
105.5297
105.5208
105.5364
105.5276
105.5431
105.5343
105.5499
105.541
105.5566
105.5478
105.5633
105.5545
105.5701
105.5612
105.5768
105.568
105.5835
105.5747
105.5903
105.5815
105.597
105.5882
105.6038
105.5949
105.6105
105.6017
105.6172
105.6084
105.6239
105.6151
105.6307
105.6219
105.6374
105.6286
105.6441
105.6354
105.6509
105.6421
105.6576
105.6488
105.6643
105.6556
105.6711
105.6623
105.6778
105.669
105.6845
105.6758
105.6913
105.6825
105.698
105.6892
105.7047
105.696
105.7115
105.7027
105.7182
105.7095
105.7249
105.7162
105.7317
105.7229
105.7384
105.7297
105.7451
105.7364
105.7519
105.7431
105.7586
105.7499
105.7654
105.7566
105.7721
105.7634
105.7788
105.7701
105.7856
105.7768
105.7923
105.7836
105.799
105.7903
105.8058
105.797
105.8125
105.8038
105.8192
105.8105
105.826
105.8172
105.8327
105.824
105.8394
105.8307
105.8462
105.8374
105.8529
105.8442
105.8596
105.8509
105.8664
105.8576
105.8731
105.8643
105.8799
105.8711
105.8866
105.8778
105.8933
105.8846
105.9
105.8913
105.9068
105.898
105.9135
105.9047
105.9202
105.9115
105.927
105.9182
105.9337
105.925
105.9404
105.9317
105.9472
105.9384
105.9539
105.9452
105.9606
105.9519
105.9674
105.9587
105.9741
105.9654
105.9808
105.9721
105.9876
105.9789
105.9943
105.9856
106.001
105.9923
106.0078
105.9991
106.0145
106.0058
106.0212
106.0126
106.028
106.0193
106.0347
106.026
106.0414
106.0328
106.0482
106.0395
106.0549
106.0462
106.0616
106.053
106.0684
106.0597
106.0751
106.0665
106.0818
106.0732
106.0885
106.0799
106.0953
106.0867
106.102
106.0934
106.1088
106.1002
106.1155
106.1069
106.1222
106.1136
106.129
106.1204
106.1357
106.1271
106.1424
106.1338
106.1492
106.1406
106.1559
106.1473
106.1626
106.154
106.1694
106.1608
106.1761
106.1675
106.1828
106.1742
106.1896
106.181
106.1963
106.1877
106.203
106.1945
106.2098
106.2012
106.2165
106.2079
106.2232
106.2147
106.2299
106.2214
106.2367
106.2281
106.2434
106.2349
106.2502
106.2416
106.2569
106.2483
106.2636
106.2551
106.2703
106.2618
106.2771
106.2685
106.2838
106.2753
106.2906
106.282
106.2973
106.2888
106.304
106.2955
106.3108
106.3022
106.3175
106.309
106.3242
106.3157
106.3309
106.3225
106.3377
106.3292
106.3444
106.3359
106.3511
106.3427
106.3579
106.3494
106.3646
106.3561
106.3713
106.3629
106.3781
106.3696
106.3848
106.3764
106.3915
106.3831
106.3983
106.3898
106.405
106.3966
106.4117
106.4033
106.4185
106.41
106.4252
106.4168
106.432
106.4235
106.4387
106.4303
106.4454
106.437
106.4521
106.4437
106.4589
106.4505
106.4656
106.4572
106.4724
106.4639
106.4791
106.4707
106.4858
106.4774
106.4925
106.4842
106.4993
106.4909
106.506
106.4976
106.5127
106.5043
106.5195
106.5111
106.5262
106.5178
106.533
106.5246
106.5397
106.5313
106.5464
106.538
106.5531
106.5448
106.5599
106.5515
106.5666
106.5582
106.5733
106.565
106.5801
106.5717
106.5868
106.5784
106.5935
106.5852
106.6003
106.5919
106.607
106.5986
106.6137
106.6054
106.6205
106.6121
106.6272
106.6189
106.6339
106.6256
106.6407
106.6323
106.6474
106.6391
106.6541
106.6458
106.6609
106.6525
106.6676
106.6593
106.6743
106.666
106.681
106.6727
106.6878
106.6795
106.6945
106.6862
106.7012
106.6929
106.7079
106.6997
106.7147
106.7064
106.7214
106.7132
106.7281
106.7199
106.7349
106.7266
106.7416
106.7334
106.7483
106.7401
106.7551
106.7468
106.7618
106.7536
106.7685
106.7603
106.7753
106.767
106.782
106.7738
106.7887
106.7805
106.7954
106.7872
106.8022
106.794
106.8089
106.8007
106.8156
106.8074
106.8224
106.8142
106.8291
106.8209
106.8358
106.8277
106.8426
106.8344
106.8493
106.8411
106.856
106.8479
106.8628
106.8546
106.8695
106.8613
106.8762
106.8681
106.8829
106.8748
106.8897
106.8815
106.8964
106.8883
106.9031
106.895
106.9099
106.9017
106.9166
106.9085
106.9233
106.9152
106.9301
106.9219
106.9368
106.9286
106.9435
106.9354
106.9503
106.9421
106.957
106.9488
106.9637
106.9556
106.9705
106.9623
106.9772
106.969
106.9839
106.9758
106.9907
106.9825
106.9974
106.9893
107.0041
106.996
107.0109
107.0027
107.0176
107.0095
107.0243
107.0162
107.0311
107.0229
107.0378
107.0297
107.0445
107.0364
107.0512
107.0431
107.058
107.0499
107.0647
107.0566
107.0714
107.0633
107.0781
107.0701
107.0849
107.0768
107.0916
107.0835
107.0983
107.0903
107.1051
107.097
107.1118
107.1037
107.1185
107.1105
107.1253
107.1172
107.132
107.1239
107.1387
107.1307
107.1454
107.1374
107.1522
107.1441
107.1589
107.1509
107.1657
107.1576
107.1724
107.1643
107.1791
107.1711
107.1859
107.1778
107.1926
107.1845
107.1993
107.1913
107.206
107.198
107.2128
107.2047
107.2195
107.2114
107.2262
107.2182
107.233
107.2249
107.2397
107.2317
107.2465
107.2384
107.2532
107.2451
107.2599
107.2518
107.2666
107.2586
107.2734
107.2653
107.2801
107.272
107.2868
107.2788
107.2936
107.2855
107.3003
107.2923
107.3071
107.299
107.3138
107.3057
107.3205
107.3125
107.3272
107.3192
107.334
107.3259
107.3407
107.3327
107.3474
107.3394
107.3542
107.3461
107.3609
107.3529
107.3676
107.3596
107.3744
107.3663
107.3811
107.3731
107.3878
107.3798
107.3945
107.3865
107.4013
107.3933
107.408
107.4
107.4147
107.4068
107.4215
107.4135
107.4282
107.4202
107.4349
107.427
107.4416
107.4337
107.4484
107.4404
107.4551
107.4472
107.4618
107.4539
107.4686
107.4606
107.4753
107.4674
107.482
107.4741
107.4887
107.4809
107.4955
107.4876
107.5022
107.4943
107.5089
107.5011
107.5157
107.5078
107.5224
107.5145
107.5291
107.5213
107.5359
107.528
107.5426
107.5347
107.5493
107.5415
107.5561
107.5482
107.5628
107.5549
107.5695
107.5617
107.5762
107.5684
107.583
107.5751
107.5897
107.5819
107.5965
107.5886
107.6032
107.5953
107.6099
107.6021
107.6166
107.6088
107.6234
107.6155
107.6301
107.6223
107.6368
107.629
107.6436
107.6357
107.6503
107.6425
107.657
107.6492
107.6638
107.656
107.6705
107.6627
107.6772
107.6694
107.684
107.6762
107.6907
107.6829
107.6974
107.6896
107.7042
107.6964
107.7109
107.7031
107.7176
107.7098
107.7243
107.7166
107.7311
107.7233
107.7378
107.7301
107.7445
107.7368
107.7513
107.7435
107.758
107.7503
107.7647
107.757
107.7715
107.7637
107.7782
107.7705
107.7849
107.7772
107.7917
107.784
107.7984
107.7907
107.8051
107.7974
107.8119
107.8042
107.8186
107.8109
107.8253
107.8176
107.832
107.8244
107.8388
107.8311
107.8455
107.8379
107.8522
107.8446
107.859
107.8513
107.8657
107.858
107.8724
107.8648
107.8792
107.8715
107.8859
107.8783
107.8926
107.885
107.8993
107.8917
107.9061
107.8985
107.9128
107.9052
107.9195
107.9119
107.9263
107.9187
107.933
107.9254
107.9397
107.9321
107.9465
107.9389
107.9532
107.9456
107.9599
107.9523
107.9667
107.959
107.9734
107.9658
107.9801
107.9725
107.9869
107.9792
107.9936
107.986
108.0003
107.9927
108.0071
107.9994
108.0138
108.0062
108.0205
108.0145
108.0273
108.0213
108.034
108.028
108.0407
108.0348
108.0474
108.0415
108.0542
108.0482
108.0609
108.055
108.0676
108.0617
108.0744
108.0684
108.0811
108.0752
108.0878
108.0819
108.0946
108.0886
108.1013
108.0954
108.108
108.1021
108.1148
108.1088
108.1215
108.1156
108.1282
108.1223
108.135
108.129
108.1417
108.1357
108.1484
108.1425
108.1551
108.1492
108.1619
108.156
108.1686
108.1627
108.1753
108.1694
108.1821
108.1762
108.1888
108.1829
108.1955
108.1896
108.2023
108.1964
108.209
108.2031
108.2157
108.2098
108.2225
108.2166
108.2292
108.2233
108.2359
108.23
108.2427
108.2368
108.2494
108.2435
108.2561
108.2502
108.2629
108.257
108.2696
108.2637
108.2763
108.2704
108.2831
108.2772
108.2898
108.2839
108.2965
108.2906
108.3033
108.2974
108.31
108.3041
108.3179
108.3109
108.3247
108.3176
108.3314
108.3243
108.3381
108.3311
108.3448
108.3378
108.3516
108.3445
108.3583
108.3512
108.365
108.358
108.3718
108.3647
108.3785
108.3715
108.3852
108.3782
108.3919
108.3849
108.3987
108.3917
108.4054
108.3984
108.4121
108.4051
108.4189
108.4119
108.4256
108.4186
108.4323
108.4253
108.4391
108.4321
108.4458
108.4388
108.4525
108.4455
108.4593
108.4523
108.466
108.459
108.4727
108.4657
108.4795
108.4725
108.4862
108.4792
108.4929
108.4859
108.4997
108.4927
108.5064
108.4994
108.5131
108.5061
108.5199
108.5128
108.5266
108.5196
108.5333
108.5263
108.54
108.5331
108.5468
108.5398
108.5535
108.5465
108.5602
108.5533
108.567
108.56
108.5737
108.5667
108.5804
108.5735
108.5872
108.5802
108.5939
108.5869
108.6006
108.5937
108.6074
108.6004
108.6141
108.6071
108.6208
108.6139
108.6276
108.6206
108.6343
108.6273
108.641
108.6341
108.6478
108.6408
108.6545
108.6476
108.6612
108.6543
108.668
108.661
108.6747
108.6677
108.6814
108.6745
108.6882
108.6829
108.6949
108.6896
108.7016
108.6964
108.7084
108.7031
108.7151
108.7098
108.7218
108.7166
108.7285
108.7233
108.7353
108.73
108.742
108.7368
108.7487
108.7435
108.7555
108.7502
108.7622
108.757
108.7689
108.7637
108.7757
108.7704
108.7824
108.7772
108.7891
108.7839
108.7959
108.7906
108.8026
108.7974
108.8093
108.8041
108.816
108.8108
108.8228
108.8176
108.8295
108.8243
108.8363
108.831
108.843
108.8378
108.8497
108.8445
108.8564
108.8512
108.8632
108.8579
108.8699
108.8647
108.8766
108.8714
108.8834
108.8781
108.8901
108.8848
108.8968
108.8916
108.9036
108.8983
108.9103
108.9051
108.917
108.9118
108.9238
108.9185
108.9305
108.9252
108.9372
108.932
108.9439
108.9387
108.9507
108.9454
108.9574
108.9522
108.9641
108.9589
108.9709
108.9656
108.9776
108.9724
108.9843
108.9791
108.9911
108.9858
108.9978
108.9926
109.0045
108.9993
109.0113
109.006
109.018
109.0128
109.0247
109.0195
109.0315
109.0262
109.0382
109.033
109.0449
109.0397
109.0517
109.0464
109.0584
109.0532
109.0651
109.0599
109.0719
109.0666
109.0786
109.0734
109.0853
109.0801
109.092
109.0868
109.0988
109.0936
109.1055
109.1003
109.1123
109.107
109.119
109.1138
109.1257
109.1205
109.1324
109.1273
109.1392
109.134
109.1459
109.1407
109.1526
109.1475
109.1593
109.1542
109.1661
109.1609
109.1728
109.1677
109.1795
109.1744
109.1863
109.1811
109.193
109.1879
109.1997
109.1946
109.2065
109.2013
109.2132
109.2081
109.2199
109.2148
109.2266
109.2215
109.2334
109.2283
109.2401
109.235
109.2468
109.2417
109.2536
109.2485
109.2603
109.2552
109.2671
109.2619
109.2738
109.2687
109.2805
109.2754
109.2872
109.2822
109.294
109.2889
109.3007
109.2956
109.3074
109.3024
109.3142
109.3091
109.3209
109.3158
109.3276
109.3226
109.3344
109.3293
109.3411
109.336
109.3478
109.3428
109.3546
109.3495
109.3613
109.3562
109.368
109.363
109.3747
109.3697
109.3815
109.3764
109.3882
109.3832
109.3949
109.3899
109.4017
109.3966
109.4084
109.4034
109.4151
109.4101
109.4219
109.4168
109.4286
109.4236
109.4353
109.4303
109.442
109.437
109.4488
109.4438
109.4555
109.4505
109.4622
109.4573
109.469
109.464
109.4757
109.4707
109.4824
109.4775
109.4892
109.4842
109.4959
109.4909
109.5026
109.4977
109.5093
109.5044
109.5161
109.5111
109.5228
109.5179
109.5295
109.5246
109.5362
109.5313
109.543
109.5381
109.5497
109.5448
109.5564
109.5516
109.5632
109.5583
109.5699
109.565
109.5766
109.5718
109.5833
109.5785
109.5901
109.5852
109.5968
109.592
109.6035
109.5987
109.6103
109.6054
109.617
109.6122
109.6237
109.6189
109.6305
109.6256
109.6372
109.6324
109.6439
109.6391
109.6507
109.6458
109.6574
109.6526
109.6641
109.6593
109.6708
109.666
109.6776
109.6728
109.6843
109.6795
109.691
109.6862
109.6978
109.6929
109.7045
109.6997
109.7112
109.7064
109.718
109.7132
109.7247
109.7199
109.7314
109.7266
109.7382
109.7333
109.7449
109.7401
109.7516
109.7468
109.7583
109.7535
109.7651
109.7603
109.7718
109.767
109.7785
109.7738
109.7853
109.7805
109.792
109.7872
109.7987
109.794
109.8055
109.8007
109.8122
109.8074
109.8189
109.8142
109.8257
109.8209
109.8324
109.8276
109.8391
109.8344
109.8458
109.8411
109.8526
109.8478
109.8593
109.8546
109.866
109.8613
109.8727
109.868
109.8795
109.8748
109.8862
109.8815
109.8929
109.8882
109.8997
109.895
109.9064
109.9017
109.9131
109.9084
109.9199
109.9152
109.9266
109.9219
109.9333
109.9286
109.94
109.9354
109.9468
109.9421
109.9535
109.9488
109.9603
109.9556
109.967
109.9623
109.9737
109.969
109.9804
109.9758
109.9872
109.9825
109.9939
109.9892
110.0006
109.9959
110.0074
110.0027
