10.00992
10.0099
10.01546
10.01549
10.021
10.02108
10.02779
10.02666
10.03336
10.03227
10.039
10.03789
10.04578
10.04353
10.05138
10.04919
10.057
10.05481
10.06265
10.06046
10.06826
10.06614
10.07391
10.073
10.07956
10.07868
10.08524
10.08434
10.09093
10.09005
10.09662
10.09576
10.10236
10.10153
10.1081
10.10732
10.11389
10.11309
10.12082
10.11884
10.1266
10.12462
10.13236
10.13043
10.13812
10.13618
10.14392
10.14196
10.14967
10.14776
10.15545
10.15353
10.16122
10.15932
10.16696
10.16511
10.17277
10.17086
10.17847
10.17669
10.18422
10.18251
10.19
10.18836
10.19583
10.19423
10.20163
10.20008
10.20738
10.2059
10.21316
10.21175
10.21892
10.21758
10.22474
10.22465
10.2305
10.23048
10.23622
10.23633
10.24197
10.24214
10.24774
10.24802
10.25346
10.25385
10.25922
10.25971
10.26503
10.26557
10.27079
10.27137
10.2766
10.27727
10.28235
10.28309
10.28812
10.28895
10.29391
10.29476
10.29964
10.30062
10.3054
10.3077
10.31119
10.31356
10.31697
10.3194
10.32275
10.32528
10.32854
10.33116
10.33435
10.33702
10.34005
10.34293
10.34584
10.34877
10.35159
10.35462
10.35747
10.36049
10.36322
10.36636
10.36906
10.37221
10.37492
10.3781
10.38068
10.38397
10.38646
10.38978
10.39224
10.39563
10.39806
10.40147
10.40382
10.40735
10.40961
10.41317
10.41539
10.42019
10.42131
10.42602
10.42926
10.4319
10.43509
10.43781
10.44088
10.44368
10.44674
10.44953
10.45254
10.45532
10.45836
10.46118
10.46419
10.46704
10.46999
10.4729
10.47578
10.47879
10.48167
10.48461
10.48748
10.49047
10.4933
10.49632
10.49914
10.5022
10.50492
10.50802
10.51079
10.51386
10.51669
10.51971
10.5237
10.52558
10.52951
10.53146
10.53535
10.53734
10.5412
10.54319
10.54701
10.54906
10.5528
10.55493
10.55861
10.56081
10.56445
10.56665
10.5703
10.57371
10.57612
10.57953
10.58195
10.58542
10.58775
10.59124
10.59359
10.59702
10.59943
10.60283
10.60529
10.60875
10.61116
10.6146
10.61697
10.62043
10.62278
10.62627
10.62866
10.63214
10.6345
10.638
10.64035
10.64389
10.64621
10.64977
10.65209
10.65562
10.65794
10.66151
10.66382
10.66738
10.66972
10.67326
10.67558
10.67911
10.68142
10.68498
10.68723
10.69085
10.69309
10.69785
10.69895
10.70373
10.70479
10.70955
10.71061
10.71542
10.71645
10.72126
10.72234
10.7272
10.7282
10.73304
10.73408
10.73891
10.73995
10.74474
10.74586
10.75062
10.75173
10.75644
10.75764
10.76455
10.76353
10.77041
10.76947
10.7763
10.77544
10.78222
10.78252
10.78807
10.7885
10.79393
10.79442
10.79987
10.80032
10.8057
10.80632
10.81168
10.81225
10.81762
10.81934
10.82363
10.82524
10.82961
10.83113
10.8355
10.83705
10.84138
10.84296
10.84732
10.84895
10.8532
10.85483
10.85928
10.86078
10.86518
10.86684
10.87113
10.87275
10.87708
10.8787
10.88295
10.88473
10.88886
10.89062
10.89476
10.89655
10.90065
10.90254
10.90659
10.90856
10.91255
10.91455
10.91846
10.92059
10.92441
10.92663
10.93032
10.93267
10.93653
10.93873
10.94242
10.94471
10.94844
10.95074
10.95442
10.95681
10.96047
10.96286
10.9665
10.96902
10.97254
10.97505
10.97856
10.98121
10.98462
10.98854
10.99065
10.99475
10.99673
11.0009
11.00275
11.0071
11.00877
11.01318
11.01551
11.01936
11.02151
11.02559
11.02756
11.03182
11.03371
11.03805
11.04097
11.04429
11.04708
11.05053
11.0532
11.05677
11.05925
11.06299
11.0653
11.06921
11.07257
11.07556
11.07865
11.08192
11.08472
11.08821
11.09085
11.0945
11.09982
11.101
11.10736
11.10748
11.11345
11.11382
11.11964
11.12015
11.12583
11.12778
11.13202
11.13426
11.13832
11.14065
11.14453
11.1471
11.15073
11.1536
11.15718
11.16006
11.16337
11.16651
11.16961
11.17304
11.17589
11.17956
11.18209
11.18615
11.18847
11.1927
11.19475
11.19926
11.20099
11.20585
11.20747
11.21235
11.21384
11.219
11.22034
11.22555
11.22678
11.23205
11.23304
11.23872
11.23963
11.24545
11.24596
11.252
11.25253
11.25865
11.2592
11.26526
11.26571
11.27194
11.27243
11.27856
11.27902
11.28528
11.28568
11.29177
11.29224
11.2985
11.29897
11.30522
11.30555
11.31194
11.31228
11.31866
11.319
11.32538
11.32573
11.3321
11.33242
11.33883
11.33913
11.34555
11.34585
11.35227
11.35258
11.35899
11.35931
11.36693
11.36604
11.37365
11.37276
11.38037
11.37949
11.38709
11.38622
11.39382
11.39295
11.40054
11.39967
11.40726
11.40638
11.41398
11.41306
11.42071
11.41974
11.42743
11.42645
11.43409
11.43314
11.44081
11.43975
11.44751
11.44642
11.45423
11.45298
11.46095
11.45966
11.46768
11.46626
11.4744
11.47299
11.48112
11.47961
11.48903
11.48633
11.49575
11.49306
11.50247
11.49979
11.5092
11.50651
11.51605
11.51324
11.52277
11.51997
11.52949
11.52669
11.53622
11.53342
11.54294
11.54015
11.54966
11.54687
11.55638
11.55359
11.56311
11.56032
11.56983
11.56705
11.57655
11.57377
11.58328
11.58051
11.59
11.58723
11.59672
11.59396
11.60345
11.60069
11.61017
11.60741
11.6169
11.61414
11.62362
11.62086
11.63034
11.62759
11.63706
11.63431
11.64378
11.64103
11.65051
11.64775
11.65723
11.65447
11.66395
11.6612
11.67068
11.66792
11.6774
11.67464
11.68412
11.68136
11.69084
11.68809
11.69757
11.69481
11.70429
11.70155
11.71101
11.70827
11.71774
11.715
11.72447
11.72173
11.73119
11.72845
11.73792
11.73519
11.74464
11.74191
11.75136
11.74864
11.75809
11.75659
11.76481
11.76331
11.77153
11.77004
11.77826
11.77676
11.78498
11.78349
11.79843
11.79021
11.80515
11.79694
11.81188
11.80367
11.8186
11.81039
11.82532
11.81712
11.83204
11.82384
11.83876
11.83057
11.84548
11.83729
11.85893
11.84402
11.86565
11.85075
11.87237
11.85747
11.8791
11.8642
11.88582
11.87093
11.89254
11.87766
11.89927
11.88438
11.90599
11.89111
11.91271
11.89783
11.91943
11.90455
11.92615
11.91127
11.93287
11.918
11.93959
11.92472
11.94632
11.93145
11.95304
11.93817
11.95976
11.94489
11.96648
11.95161
11.9732
11.95833
11.97993
11.96506
11.98665
11.97179
11.99337
11.97851
12.00009
11.98524
12.00682
11.99197
12.01354
11.99869
12.02026
12.00542
12.02699
12.01214
12.03371
12.01886
12.04043
12.02559
12.04716
12.03232
12.05388
12.03904
12.0606
12.04576
12.06733
12.05249
12.07405
12.05921
12.08077
12.06594
12.0875
12.07266
12.09422
12.07938
12.10094
12.08611
12.10766
12.09284
12.11438
12.09956
12.12111
12.10628
12.12783
12.11301
12.13456
12.11973
12.14128
12.12646
12.148
12.13318
12.15472
12.13991
12.16145
12.14663
12.16817
12.15335
12.1749
12.16008
12.18162
12.16681
12.18834
12.17353
12.19506
12.18025
12.20179
12.18698
12.20851
12.1937
12.21523
12.20043
12.22195
12.20715
12.22867
12.21389
12.2354
12.22061
12.24212
12.22733
12.24884
12.23405
12.25675
12.24077
12.26347
12.24749
12.27019
12.25422
12.27691
12.26094
12.28363
12.26767
12.29036
12.27439
12.29708
12.28111
12.3038
12.28784
12.31052
12.29456
12.31725
12.30129
12.32397
12.30801
12.33742
12.31473
12.34414
12.32146
12.35086
12.32818
12.35758
12.3349
12.3643
12.34162
12.37102
12.34835
12.37775
12.35507
12.38447
12.3618
12.39119
12.36852
12.39792
12.37525
12.40464
12.38197
12.41136
12.3887
12.41808
12.39542
12.4248
12.40215
12.43153
12.40887
12.43825
12.4156
12.44497
12.42232
12.4517
12.42905
12.45842
12.43577
12.46514
12.4425
12.47186
12.44922
12.47859
12.45595
12.48531
12.46267
12.49203
12.46939
12.49875
12.47612
12.50548
12.48284
12.5122
12.48957
12.51892
12.49629
12.52564
12.50301
12.53236
12.50974
12.53908
12.51646
12.5458
12.52318
12.55253
12.52991
12.55925
12.53663
12.56597
12.54335
12.5727
12.55008
12.57942
12.5568
12.58614
12.56352
12.59285
12.57024
12.59958
12.57697
12.60631
12.58369
12.61303
12.59041
12.61975
12.59714
12.62646
12.60386
12.63319
12.61058
12.6399
12.6173
12.64662
12.62403
12.65334
12.63075
12.66005
12.63748
12.66678
12.6442
12.67349
12.65092
12.68021
12.65765
12.68694
12.66437
12.69365
12.67108
12.70038
12.6778
12.7071
12.68453
12.71381
12.69126
12.72054
12.69798
12.72726
12.70471
12.73398
12.71143
12.7407
12.71815
12.74742
12.72487
12.75414
12.7316
12.76086
12.73832
12.76759
12.74504
12.77431
12.75176
12.78104
12.75848
12.78776
12.7652
12.79447
12.77192
12.8012
12.77864
12.80791
12.78536
12.81464
12.79208
12.82136
12.79881
12.82808
12.80553
12.8348
12.81225
12.84152
12.81898
12.84824
12.8257
12.85496
12.83243
12.86169
12.83915
12.86841
12.84587
12.87512
12.8526
12.88184
12.85933
12.88857
12.86605
12.89529
12.87277
12.90201
12.87949
12.90873
12.88622
12.91545
12.89294
12.92217
12.89966
12.92889
12.90639
12.93561
12.91311
12.94233
12.91984
12.94905
12.92656
12.95577
12.93328
12.96249
12.94001
12.96922
12.94673
12.97594
12.95345
12.98266
12.96017
12.98938
12.9669
12.9961
12.97362
13.00282
12.98034
13.00954
12.98706
13.01626
12.99377
13.02299
13.0005
13.0297
13.00722
13.03642
13.01395
13.04313
13.02067
13.04986
13.02739
13.05657
13.03412
13.0633
13.04084
13.07002
13.04756
13.07674
13.05428
13.08346
13.061
13.09018
13.06772
13.0969
13.07444
13.10362
13.08117
13.11035
13.08789
13.11707
13.09461
13.12379
13.10134
13.13052
13.10806
13.13724
13.11478
13.14397
13.1215
13.15069
13.12822
13.15742
13.13495
13.16414
13.14167
13.17086
13.14839
13.17758
13.15511
13.1843
13.16184
13.19102
13.16856
13.19775
13.17528
13.20448
13.18201
13.2112
13.18873
13.21793
13.19545
13.22466
13.20218
13.23139
13.20891
13.23811
13.21562
13.24484
13.22234
13.25156
13.22907
13.25829
13.23579
13.26501
13.24251
13.27174
13.24924
13.27846
13.25596
13.28519
13.26269
13.29191
13.26941
13.29864
13.27614
13.30536
13.28287
13.31209
13.28959
13.31881
13.29631
13.32553
13.30304
13.33226
13.30977
13.33898
13.31649
13.3457
13.32322
13.35242
13.32995
13.35915
13.33667
13.36586
13.3434
13.37259
13.35013
13.37932
13.35686
13.38604
13.36358
13.39276
13.3703
13.39948
13.37703
13.40621
13.38375
13.41293
13.39048
13.41965
13.3972
13.42637
13.40393
13.43309
13.41065
13.4398
13.41738
13.44652
13.4241
13.45323
13.43082
13.45996
13.43755
13.46667
13.44428
13.47339
13.451
13.48011
13.45772
13.48684
13.46445
13.49356
13.47118
13.50027
13.4779
13.50699
13.48462
13.51371
13.49135
13.52043
13.49807
13.52715
13.50479
13.53388
13.51152
13.5406
13.51824
13.54733
13.52497
13.55405
13.53169
13.56077
13.53841
13.5675
13.54513
13.57421
13.55185
13.58094
13.55857
13.58766
13.5653
13.59439
13.57203
13.60111
13.57876
13.60783
13.58549
13.61456
13.59222
13.62128
13.59894
13.628
13.60567
13.63473
13.6124
13.64145
13.61912
13.64817
13.62585
13.65489
13.63257
13.66162
13.63929
13.66833
13.64601
13.67506
13.65273
13.68462
13.65946
13.69255
13.6674
13.69928
13.67534
13.706
13.68206
13.71273
13.68879
13.72617
13.69552
13.74752
13.70343
13.76769
13.71016
13.77442
13.71689
13.78114
13.72362
13.78786
13.73035
13.79458
13.73708
13.80131
13.74381
13.80803
13.75054
13.81476
13.75726
13.82148
13.76399
13.8282
13.77072
13.83492
13.77744
13.84165
13.78417
13.84837
13.7909
13.8551
13.79763
13.86182
13.80436
13.86855
13.81109
13.87527
13.81783
13.882
13.82456
13.88872
13.83129
13.89545
13.83802
13.90218
13.84476
13.9089
13.85149
13.91563
13.85822
13.92235
13.86495
13.92908
13.87168
13.93581
13.87841
13.94253
13.88514
13.94926
13.89807
13.95598
13.9048
13.96271
13.91153
13.96944
13.91827
13.97616
13.925
13.98289
13.93174
13.98962
13.93847
13.99634
13.9452
14.00308
13.95193
14.0098
13.95987
14.01652
13.9666
14.02325
13.97334
14.03118
13.98007
14.0379
13.98798
14.04464
13.99592
14.05137
14.0039
14.0581
14.01063
14.06483
14.01736
14.07156
14.02409
14.07828
14.03204
14.08501
14.03877
14.09173
14.04551
14.09846
14.05224
14.10518
14.06267
14.11191
14.0694
14.11864
14.07613
14.12537
14.08286
14.1321
14.08959
14.13882
14.09632
14.14555
14.10305
14.15227
14.10977
14.159
14.1165
14.16572
14.12441
14.17245
14.13113
14.17918
14.13786
14.19263
14.1446
14.19936
14.15133
14.20608
14.15805
14.22071
14.16478
14.22744
14.18019
14.23417
14.18692
14.2446
14.19365
14.25133
14.20038
14.25806
14.21082
14.26478
14.21754
14.27151
14.22428
14.27824
14.23101
14.29169
14.23893
14.29842
14.24565
14.30514
14.25238
14.31187
14.25911
14.31859
14.26583
14.33325
14.27257
14.33997
14.2793
14.34669
14.28603
14.35342
14.29276
14.36014
14.29949
14.36807
14.30743
14.37479
14.31415
14.38152
14.32088
14.38824
14.32881
14.39497
14.33675
14.40167
14.34346
14.4084
14.3501
14.41512
14.35669
14.42185
14.36332
14.42857
14.37118
14.4353
14.37788
14.44199
14.38461
14.44871
14.39752
14.45544
14.40425
14.46337
14.41097
14.47009
14.4177
14.47681
14.42564
14.48354
14.43237
14.49148
14.43909
14.4982
14.44582
14.50493
14.45255
14.51166
14.45927
14.51838
14.46719
14.52511
14.47391
14.53305
14.48064
14.53977
14.48737
14.5465
14.49529
14.55323
14.50202
14.55995
14.50875
14.56788
14.51839
14.5746
14.52511
14.58133
14.53184
14.58805
14.53857
14.59478
14.5453
14.60151
14.55321
14.60823
14.55994
14.61614
14.56667
14.62286
14.5734
14.64304
14.58634
14.65649
14.59306
14.6644
14.59979
14.67233
14.60652
14.68187
14.61325
14.68859
14.61997
14.70995
14.6267
14.71788
14.63464
14.7246
14.64136
14.73133
14.64808
14.73806
14.65481
14.74478
14.66154
14.75151
14.66947
14.75824
14.67619
14.76777
14.68291
14.7745
14.68965
14.78122
14.69637
14.78794
14.70431
14.79466
14.71103
14.80139
14.71776
14.80811
14.72449
14.81484
14.73122
14.82156
14.73795
14.82829
14.74468
14.83502
14.75142
14.85045
14.75932
14.85718
14.77639
14.8639
14.78312
14.87062
14.78984
14.88358
14.79657
14.8903
14.80452
14.89702
14.81125
14.90749
14.81798
14.91421
14.83835
14.92093
14.84508
14.92766
14.85182
14.93438
14.85855
14.94104
14.86528
14.95375
14.87313
14.97435
14.88092
14.98435
14.88864
14.99191
14.89626
14.99816
14.9038
15.00436
14.91014
15.01334
14.91641
15.02073
14.9227
15.02688
14.92898
15.03301
14.93515
15.03915
14.94259
15.0525
14.95002
15.05861
14.95623
15.06591
14.96243
15.07324
14.97482
15.07933
14.98105
15.08543
14.98722
15.09162
14.9935
15.10068
14.99973
15.10695
15.00597
15.11332
15.01217
15.11972
15.01841
15.12978
15.0247
15.13617
15.031
15.14262
15.03851
15.14903
15.04606
15.15666
15.05235
15.16313
15.05871
15.16964
15.06632
15.17742
15.07401
15.19174
15.08055
15.19843
15.08704
15.20516
15.09359
15.21309
15.10023
15.221
15.10677
15.22765
15.11952
15.23431
15.12735
15.24222
15.1377
15.24894
15.14438
15.25567
15.1511
15.26772
15.15784
15.27444
15.16457
15.28117
15.17248
15.28789
15.18701
15.30081
15.19373
15.30753
15.20047
15.31796
15.20719
15.32589
15.21764
15.33261
15.22437
15.33934
15.2311
15.34607
15.23783
15.3528
15.24456
15.35953
15.2513
15.36625
15.25802
15.37417
15.26757
15.38089
15.2743
15.38762
15.28103
15.39555
15.28776
15.40227
15.2957
15.409
15.30243
15.41694
15.30916
15.42367
15.31709
15.43039
15.32503
15.43711
15.33295
15.44504
15.33967
15.45176
15.34641
15.45848
15.35313
15.46641
15.35987
15.47434
15.37031
15.48106
15.37705
15.48779
15.38377
15.49451
15.3905
15.50243
15.39723
15.51285
15.40516
15.51958
15.42307
15.53001
15.4298
15.53794
15.43652
15.54466
15.44325
15.55139
15.45119
15.55811
15.45912
15.56603
15.46705
15.57276
15.47378
15.57948
15.48051
15.58621
15.48835
15.59665
15.49629
15.60337
15.50418
15.6101
15.51371
15.61802
15.52165
15.62475
15.52836
15.63148
15.53509
15.6382
15.54182
15.64492
15.55222
15.65283
15.56015
15.66323
15.56688
15.67366
15.57361
15.68038
15.58904
15.6871
15.59576
15.69383
15.60249
15.70055
15.60917
15.70728
15.61959
15.72018
15.62632
15.7269
15.63304
15.73362
15.64345
15.74155
15.65018
15.74827
15.66057
15.75499
15.67101
15.76713
15.68054
15.77385
15.69096
15.78058
15.69767
15.79343
15.70438
15.80011
15.71101
15.8068
15.7239
15.82218
15.73063
15.82885
15.73726
15.83549
15.75263
15.84221
15.75933
15.84894
15.76606
15.85567
15.77393
15.86239
15.78433
15.87033
15.79101
15.88324
15.79774
15.88996
15.81062
15.89669
15.81735
15.90341
15.82409
15.91133
15.832
15.91927
15.83996
15.92599
15.84949
15.93267
15.85623
15.94052
15.86296
15.94844
15.86969
15.95509
15.87762
15.96177
15.88554
15.96972
15.89349
15.97645
15.90142
15.98317
15.90814
15.98989
15.91487
16.0003
15.9216
16.00822
15.93363
16.01778
15.94155
16.02451
15.94948
16.03796
15.9599
16.04589
15.96663
16.05382
15.97336
16.06175
15.98379
16.06969
15.99051
16.08012
15.99724
16.08685
16.00765
16.09357
16.0272
16.1003
16.03393
16.10703
16.04066
16.11375
16.04857
16.12048
16.05651
16.12721
16.06444
16.13393
16.07117
16.14186
16.0779
16.14858
16.0883
16.15531
16.09503
16.16204
16.10177
16.16995
16.10851
16.17667
16.11643
16.1834
16.12436
16.19013
16.13109
16.19805
16.13782
16.20478
16.14576
16.2115
16.15249
16.2219
16.15923
16.22863
16.16719
16.23536
16.17393
16.24209
16.18066
16.25002
16.18858
16.25793
16.199
16.26466
16.20695
16.27139
16.21368
16.27812
16.22042
16.29275
16.22715
16.29949
16.24755
16.30622
16.25428
16.31294
16.26101
16.32583
16.28395
16.33255
16.29436
16.33928
16.30229
16.3663
16.30902
16.37302
16.31576
16.37975
16.33355
16.40014
16.34012
16.40687
16.35211
16.41359
16.35866
16.42401
16.36512
16.43073
16.37152
16.43746
16.38348
16.45038
16.3898
16.45706
16.39614
16.46379
16.40248
16.47041
16.41748
16.47712
16.42388
16.48503
16.43801
16.49167
16.44431
16.4984
16.4506
16.505
16.45686
16.51701
16.46434
16.52364
16.47062
16.53029
16.47809
16.53802
16.48552
16.54577
16.49549
16.5523
16.50287
16.55878
16.51936
16.56528
16.52555
16.57174
16.53173
16.58928
16.54906
16.5956
16.55895
16.60197
16.57622
16.61944
16.58595
16.62575
16.59199
16.63203
16.60084
16.65206
16.61553
16.65841
16.62278
16.66591
16.63493
16.67339
16.64212
16.68243
16.65436
16.70729
16.66152
16.71347
16.68122
16.72837
16.6872
16.74322
16.70184
16.74939
16.70783
16.75557
16.71384
16.77457
16.72352
16.78071
16.73072
16.78691
16.73793
16.79917
16.74766
16.80529
16.7624
16.8114
16.76846
16.8287
16.77453
16.83485
16.7918
16.84097
16.79784
16.86748
16.80391
16.87364
16.81619
16.8798
16.82349
16.89717
16.84071
16.90343
16.84962
16.90971
16.85945
16.91596
16.87682
16.9234
16.88298
16.93884
16.88915
16.94641
16.89898
16.96398
16.90888
16.97043
16.9263
16.97686
16.93257
16.98331
16.93886
16.9935
16.94634
17.00124
16.95381
17.00902
16.96129
17.01558
16.97127
17.0222
16.97757
17.02885
16.98518
17.03662
16.99269
17.05193
16.99911
17.05975
17.00553
17.06762
17.01481
17.07555
17.02996
17.08344
17.0378
17.09135
17.05556
17.10091
17.06217
17.10884
17.06885
17.11556
17.07925
17.12229
17.0859
17.12901
17.09379
17.13573
17.11328
17.14246
17.12
17.15038
17.12663
17.15711
17.13958
17.16384
17.14629
17.17426
17.15668
17.18098
17.16711
17.18771
17.17498
17.22403
17.19198
17.23443
17.19977
17.26251
17.2101
17.26915
17.22034
17.2894
17.23066
17.29723
17.24344
17.31257
17.25119
17.31915
17.2614
17.32568
17.28821
17.35328
17.29467
17.36257
17.30108
17.38762
17.31864
17.41012
17.3287
17.41634
17.34861
17.42262
17.35477
17.43922
17.38202
17.44544
17.39683
17.45167
17.40291
17.46902
17.40897
17.47515
17.44114
17.48127
17.44707
17.49111
17.45307
17.50834
17.46522
17.51448
17.47117
17.52053
17.47709
17.53286
17.49166
17.53902
17.49874
17.54513
17.51746
17.55242
17.52615
17.56474
17.53325
17.57086
17.54539
17.57697
17.55132
17.59425
17.55719
17.60331
17.56931
17.60945
17.57522
17.61932
17.5812
17.62671
17.59766
17.6366
17.60869
17.64396
17.61581
17.65381
17.63042
17.66003
17.63641
17.66619
17.64234
17.67854
17.64949
17.72981
17.66669
17.73598
17.67382
17.76328
17.69257
17.77303
17.69831
17.78762
17.70404
17.81415
17.72834
17.83967
17.73508
17.85296
17.76417
17.85847
17.77235
17.8769
17.80387
17.88231
17.80913
17.8877
17.81439
17.90681
17.83717
17.91215
17.84521
17.91747
17.86663
17.94397
17.87184
17.96215
17.87704
17.97111
17.89501
17.98007
17.90392
17.99563
17.92724
18.02268
17.93244
18.03165
17.94258
18.05314
17.94899
18.05844
17.96797
18.06375
17.9744
18.08523
18.00334
18.09054
18.0164
18.11621
18.02286
18.12526
18.04605
18.14932
18.08513
18.17845
18.12318
18.18673
18.16185
18.21846
18.19393
18.22772
18.21985
18.23451
18.22924
18.25137
18.26358
18.25701
18.26937
18.26268
18.27518
18.28462
18.29723
18.33624
18.31931
18.37084
18.32643
18.39548
18.35599
18.40265
18.36475
18.42479
18.39191
18.43356
18.40155
18.45955
18.42499
18.49109
18.45012
18.50304
18.45964
18.52537
18.4843
18.53135
18.49388
18.54351
18.51603
18.55075
18.52191
18.55792
18.52784
18.56984
18.5425
18.5945
18.54839
18.60048
18.57302
18.64084
18.59324
18.68957
18.6184
18.70686
18.62435
18.71288
18.63026
18.7631
18.65484
18.77815
18.66446
18.84065
18.69353
18.8639
18.70305
18.86972
18.71006
18.88763
18.73164
18.89464
18.74109
18.90919
18.76298
18.91621
18.78992
18.9307
18.7993
18.93652
18.81621
18.94236
18.84281
18.95442
18.84997
18.96397
18.87415
18.97352
18.88357
18.9931
18.90545
19.01245
18.91488
19.02829
18.94199
19.03537
18.96976
19.05245
18.97552
19.05836
18.9813
19.09229
19.00509
19.10107
19.01211
19.13042
19.04147
19.15373
19.06361
19.19695
19.09459
19.2067
19.11845
19.23107
19.12806
19.25078
19.15775
19.2568
19.16746
19.27318
19.19204
19.28041
19.19923
19.28766
19.22646
19.29991
19.24365
19.30968
19.25339
19.3194
19.2632
19.34557
19.28301
19.36544
19.30035
19.37166
19.30655
19.37801
19.31268
19.40054
19.33012
19.40803
19.33748
19.42951
19.36023
19.43864
19.37012
19.46614
19.39993
19.50114
19.40986
19.54016
19.44115
19.56936
19.46257
19.57927
19.46988
19.60414
19.48649
19.61208
19.51619
19.63436
19.54751
19.64169
19.55341
19.65647
19.55931
19.66361
19.58385
19.67323
19.59235
19.69404
19.60185
19.71718
19.61884
19.72304
19.62821
19.74621
19.65776
19.80201
19.66714
19.82408
19.68365
19.83101
19.69213
19.88156
19.72655
19.91109
19.75264
19.93681
19.78265
19.9582
19.80605
19.96778
19.83272
19.98743
19.85698
19.99458
19.86546
20.01419
19.89094
20.02295
19.90028
20.05013
19.92943
20.08002
19.96059
20.08974
19.99285
20.10105
20.00892
20.11075
20.04094
20.1205
20.07416
20.13018
20.09427
20.14744
20.11437
20.16717
20.12019
20.17328
20.12599
20.29645
20.14303
20.32011
20.15259
20.33744
20.18208
20.34649
20.19153
20.35635
20.21599
20.37612
20.24407
20.40066
20.26578
20.42629
20.27129
20.43493
20.30281
20.4539
20.33805
20.46085
20.37842
20.48024
20.41561
20.48957
20.45007
20.5188
20.4853
20.54877
20.51089
20.58247
20.53451
20.58911
20.54089
20.62263
20.56476
20.64522
20.58898
20.66648
20.59699
20.67183
20.6134
20.67718
20.62233
20.69743
20.64559
20.70646
20.66448
20.74201
20.69705
20.77999
20.72755
20.81656
20.75531
20.85337
20.77954
20.88778
20.80474
20.89615
20.84161
20.93458
20.8798
20.97194
20.91877
21.00715
20.95228
21.04506
20.98846
21.08134
21.02275
21.11769
21.0517
21.15346
21.05818
21.1892
21.0922
21.22576
21.10757
21.25239
21.11406
21.28217
21.13949
21.29129
21.1448
21.31456
21.16056
21.3437
21.16955
21.3732
21.20057
21.40648
21.20962
21.4394
21.24123
21.47398
21.27397
21.50121
21.31154
21.53597
21.34068
21.55884
21.37543
21.58315
21.41178
21.61435
21.44336
21.6414
21.47485
21.66667
21.48138
21.67208
21.51743
21.69776
21.55228
21.73116
21.58944
21.7577
21.61356
21.77706
21.62244
21.78236
21.65583
21.81506
21.66101
21.83647
21.66619
21.85421
21.70271
21.86219
21.72212
21.89261
21.73099
21.92819
21.7674
21.96102
21.80267
21.9699
21.82276
22.00891
21.8279
22.03388
21.8454
22.05701
21.85339
22.06217
21.88226
22.06733
21.93888
22.09121
21.96857
22.13169
21.99369
22.1548
22.00257
22.17448
22.01322
22.19499
22.02832
22.20862
22.03725
22.22983
22.06119
22.25017
22.07647
22.25902
22.08785
22.28441
22.09303
22.31217
22.09822
22.3451
22.11583
22.36819
22.13212
22.39894
22.15474
22.42524
22.19113
22.43046
22.20013
22.44695
22.23583
22.4646
22.26426
22.47103
22.27099
22.4925
22.30407
22.49894
22.31301
22.52739
22.34265
22.53266
22.38106
22.55517
22.38754
22.5631
22.41859
22.59465
22.44364
22.62971
22.47665
22.66741
22.51527
22.6954
22.54793
22.72924
22.58517
22.76418
22.61862
22.7899
22.62517
22.80635
22.65861
22.81167
22.66511
22.83097
22.69178
22.86049
22.72597
22.8695
22.74829
22.9035
22.77491
22.93618
22.79217
22.96368
22.81497
22.98693
22.85034
23.0148
22.8732
23.02141
22.90603
23.04305
22.9239
23.06592
22.93062
23.0988
22.96189
23.13084
22.99989
23.15004
23.00864
23.17765
23.04448
23.20724
23.0699
23.23337
23.10296
23.2425
23.14228
23.26443
23.17771
23.27369
23.20613
23.31284
23.2153
23.33916
23.24642
23.37081
23.26306
23.40534
23.29264
23.43122
23.31776
23.458
23.35449
23.49088
23.38731
23.50004
23.41616
23.53535
23.42535
23.56744
23.46046
23.57661
23.48221
23.6099
23.5093
23.618
23.53999
23.6504
23.56876
23.68284
23.60046
23.72136
23.60726
23.73554
23.64488
23.74471
23.65412
23.7797
23.68878
23.80298
23.72392
23.83669
23.7572
23.87287
23.76541
23.902
23.79623
23.92261
23.81917
23.9306
23.8258
23.96055
23.85842
23.96856
23.87863
23.99859
23.905
24.03489
23.91413
24.06173
23.9495
24.09569
24.02023
24.10468
24.04084
24.13833
24.04722
24.14471
24.07608
24.17906
24.10162
24.21429
24.10672
24.24428
24.1338
24.24938
24.14214
24.25448
24.17063
24.28912
24.17891
24.31234
24.19725
24.32061
24.20233
24.34312
24.20741
24.34939
24.23864
24.36818
24.24681
24.37327
24.26756
24.37835
24.28541
24.39081
24.29421
24.39591
24.30794
24.40101
24.31541
24.42348
24.33671
24.44096
24.35077
24.44606
24.35708
24.45118
24.36339
24.4675
24.37829
24.48636
24.3871
24.49516
24.40093
24.51153
24.41904
24.54079
24.42553
24.56586
24.4468
24.59413
24.45315
24.60322
24.47993
24.622
24.49619
24.62722
24.50137
24.63245
24.50654
24.65679
24.52782
24.67625
24.54525
24.69355
24.55169
24.70123
24.57934
24.72532
24.61385
24.73299
24.64585
24.75711
24.65362
24.7925
24.67994
24.80151
24.70983
24.82287
24.7188
24.83191
24.74908
24.84043
24.76995
24.8602
24.78659
24.88082
24.79317
24.88618
24.80221
24.91032
24.8269
24.93869
24.85335
24.96271
24.86246
24.97181
24.89265
25
24.91469
25.0179
24.92007
25.03917
24.9387
25.07124
24.96116
25.07779
24.96654
25.11017
24.97191
25.13655
25.00354
25.14561
25.03439
25.16643
25.06446
25.17547
25.09473
25.20193
25.14527
25.21021
25.15187
25.22927
25.17096
25.23582
25.17633
25.26688
25.18169
25.30112
25.21148
25.3282
25.23809
25.36187
25.24719
25.38877
25.27308
25.41981
25.29838
25.44289
25.30498
25.4756
25.33541
25.49476
25.36454
25.5039
25.38884
25.52229
25.41368
25.52892
25.43649
25.55066
25.4432
25.55609
25.46442
25.56153
25.47354
25.59208
25.50162
25.615
25.51077
25.63037
25.53203
25.6578
25.55309
25.6661
25.55857
25.68632
25.56405
25.71032
25.59059
25.73671
25.62566
25.75308
25.65838
25.7586
25.69335
25.76411
25.71708
25.7861
25.75048
25.79535
25.78207
25.82232
25.78746
25.85045
25.79283
25.87737
25.82035
25.91367
25.84502
25.92026
25.85153
25.94905
25.87055
25.97993
25.89489
26.01101
25.91755
26.01755
25.95291
26.04894
25.98971
26.08313
26.02197
26.10895
26.03096
26.13533
26.06609
26.1619
26.09731
26.19567
26.13035
26.22453
26.22015
26.2585
26.25696
26.29524
26.26206
26.3303
26.27585
26.33659
26.28094
26.36487
26.29476
26.37118
26.30358
26.38999
26.32237
26.39628
26.32867
26.41738
26.33741
26.4225
26.35513
26.44874
26.36144
26.47059
26.38254
26.49937
26.40128
26.50823
26.40762
26.53974
26.43123
26.57256
26.43759
26.60739
26.52506
26.61451
26.53392
26.6352
26.56284
26.64158
26.58321
26.66687
26.59075
26.67201
26.61252
26.67714
26.62135
26.70688
26.64671
26.71321
26.671
26.73554
26.67733
26.74186
26.69122
26.76578
26.70002
26.78093
26.71884
26.78725
26.72767
26.80863
26.74759
26.83266
26.75392
26.85436
26.77157
26.86985
26.7779
26.875
26.80822
26.90021
26.82312
26.91334
26.83143
26.91972
26.85402
26.95032
26.86199
26.9567
26.87962
26.97994
26.9047
26.98886
26.92245
27.01707
26.951
27.02223
26.97837
27.04143
26.98475
27.0503
27.0162
27.07609
27.04816
27.08248
27.05457
27.10778
27.08257
27.13555
27.09018
27.15908
27.12301
27.17794
27.15486
27.20244
27.17877
27.23265
27.20406
27.25936
27.21054
27.29181
27.24407
27.31487
27.28074
27.34236
27.302
27.37517
27.34565
27.40157
27.35095
27.40807
27.35628
27.44687
27.38295
27.45605
27.41208
27.49379
27.44712
27.52557
27.48063
27.55436
27.51678
27.58746
27.55186
27.62192
27.58438
27.6547
27.61387
27.69289
27.64695
27.73057
27.67991
27.7633
27.71333
27.79743
27.72135
27.83463
27.74831
27.85787
27.75722
27.89691
27.78911
27.91437
27.81939
27.9437
27.85497
27.96388
27.89099
27.98518
27.92087
28.0017
27.95576
28.02025
27.98997
28.02662
27.99632
28.03854
28.01987
28.04369
28.02868
28.0646
28.05432
28.08845
28.06064
28.10941
28.087
28.13641
28.09346
28.16757
28.11479
28.19036
28.12363
28.1985
28.13616
28.23122
28.16895
28.24013
28.19448
28.27056
28.22724
28.29818
28.24836
28.3371
28.2803
28.39933
28.31729
28.41704
28.35033
28.42341
28.38489
28.45148
28.41435
28.48818
28.4457
28.52512
28.4635
28.55923
28.46861
28.59042
28.50606
28.61722
28.54097
28.66232
28.57713
28.66743
28.60677
28.70082
28.63522
28.72446
28.64394
28.73324
28.67802
28.76582
28.70782
28.7833
28.71289
28.80153
28.71796
28.82105
28.73504
28.82734
28.74331
28.83861
28.75837
28.86495
28.77768
28.87004
28.78275
28.87511
28.78781
28.88378
28.81122
28.91164
28.83612
28.91792
28.84238
28.92842
28.8614
28.93469
28.87899
28.95409
28.88527
28.96292
28.89993
28.98856
28.91657
29.01264
28.92471
29.03938
28.94614
29.04746
28.95494
29.07173
28.9767
29.07919
28.98298
29.10735
29.00718
29.11243
29.01466
29.11751
29.02994
29.143
29.03979
29.15051
29.04486
29.17574
29.04993
29.1845
29.06403
29.19831
29.07269
29.21145
29.0874
29.21773
29.10556
29.23319
29.11184
29.25462
29.14412
29.27775
29.17153
29.28602
29.2012
29.30481
29.20628
29.31229
29.21136
29.3349
29.2366
29.34368
29.26107
29.36239
29.2766
29.38661
29.31031
29.39539
29.33285
29.4166
29.34165
29.43893
29.37146
29.45273
29.38024
29.45784
29.40756
29.47167
29.4164
29.478
29.43642
29.49681
29.46118
29.51866
29.4698
29.52497
29.47614
29.5463
29.49733
29.55264
29.50369
29.5693
29.52003
29.57563
29.53872
29.58195
29.54384
29.6095
29.54896
29.62333
29.57378
29.64537
29.59336
29.6538
29.60216
29.66256
29.63183
29.68815
29.65481
29.70144
29.66111
29.70963
29.68177
29.71832
29.68806
29.7414
29.71225
29.76315
29.72103
29.76942
29.74068
29.78694
29.74577
29.79203
29.75086
29.79712
29.76961
29.81714
29.79264
29.82223
29.80917
29.82852
29.81426
29.84484
29.81936
29.85116
29.83574
29.85993
29.84085
29.86622
29.84594
29.87132
29.8545
29.87641
29.8723
29.88151
29.89843
29.8866
29.90692
29.90438
29.92024
29.91904
29.93528
29.92535
29.94411
29.93415
29.96279
29.95168
29.97989
29.96049
29.99574
29.9693
30.00206
29.98296
30.02796
29.99672
30.05613
30.00302
30.08919
30.03385
30.10973
30.06322
30.131
30.09618
30.13947
30.12455
30.15481
30.13204
30.16109
30.15455
30.18185
30.16085
30.18694
30.1821
30.20341
30.20456
30.21138
30.21085
30.22997
30.22714
30.24726
30.23224
30.25354
30.23733
30.27419
30.24953
30.28233
30.25727
30.291
30.29046
30.31064
30.30514
30.31919
30.31022
30.33479
30.31531
30.34364
30.3411
30.37625
30.36445
30.38419
30.392
30.4188
30.4008
30.44818
30.42628
30.47779
30.43509
30.48666
30.45813
30.50048
30.49205
30.52551
30.52074
30.534
30.54572
30.56171
30.5709
30.58308
30.59473
30.59193
30.62479
30.61601
30.63361
30.64067
30.6663
30.66674
30.69845
30.73634
30.71802
30.76767
30.7513
30.78643
30.78022
30.79273
30.79531
30.81778
30.80412
30.82661
30.82882
30.84799
30.85266
30.8728
30.88653
30.90487
30.90786
30.9253
30.94254
30.94537
30.9765
30.96783
31.00282
30.98038
31.02612
30.9867
31.06321
31.00304
31.0895
31.01187
31.09712
31.03795
31.12475
31.07077
31.1474
31.10481
31.1714
31.13363
31.19543
31.15656
31.20432
31.18789
31.22839
31.22724
31.25374
31.2538
31.27275
31.28291
31.30185
31.31254
31.33753
31.34279
31.36476
31.35054
31.3979
31.38206
31.42723
31.41312
31.46248
31.44557
31.49664
31.48034
31.52927
31.51266
31.56598
31.55
31.60001
31.5879
31.63281
31.61947
31.66814
31.62724
31.69872
31.65995
31.73637
31.69599
31.77116
31.72621
31.80109
31.75928
31.83521
31.79479
31.8632
31.82576
31.89433
31.83477
31.92949
31.86586
31.96772
31.90085
31.99886
31.93536
32.03296
31.96793
32.06776
32.00101
32.07538
32.03807
32.10821
32.04683
32.13492
32.07874
32.15752
32.11254
32.1931
32.14763
32.22503
32.18188
32.25946
32.21126
32.26788
32.24604
32.30355
32.28188
32.32934
32.3145
32.36445
32.34616
32.3872
32.37973
32.39352
32.40751
32.40858
32.41595
32.41488
32.44209
32.43065
32.46434
32.4538
32.47268
32.46135
32.49386
32.4846
32.50201
32.50886
32.52543
32.51513
32.53451
32.53705
32.55312
32.54331
32.57208
32.56592
32.57834
32.59258
32.60566
32.61882
32.61256
32.63901
32.63847
32.66548
32.65824
32.69183
32.68767
32.71735
32.72182
32.75256
32.75427
32.79585
32.78458
32.82182
32.79333
32.82812
32.8273
32.85536
32.85356
32.87086
32.88265
32.89348
32.90387
32.90094
32.91994
32.92349
32.92516
32.93841
32.93021
32.95028
32.94935
32.97065
32.95441
32.97694
32.95963
33.00306
32.97318
33.01166
32.97838
33.0325
32.99941
33.04107
33.02106
33.05791
33.02938
33.07453
33.05936
33.07959
33.08
33.08466
33.10142
33.10315
33.10997
33.10942
33.13582
33.12831
33.15269
33.13338
33.16853
33.13845
33.17482
33.16795
33.19296
33.18764
33.20109
33.21268
33.22114
33.23423
33.23527
33.24945
33.24407
33.26841
33.27486
33.27589
33.29383
33.29159
33.30009
33.29786
33.31876
33.30534
33.32381
33.33072
33.32904
33.34878
33.3532
33.35732
33.37892
33.38048
33.40166
33.41011
33.42761
33.42761
33.45016
33.4339
33.4591
33.46056
33.4769
33.48811
33.49452
33.50669
33.51914
33.53013
33.53257
33.55758
33.55342
33.56645
33.58251
33.58838
33.61371
33.62247
33.65086
33.65731
33.67915
33.69231
33.68717
33.72178
33.72268
33.73954
33.75385
33.77488
33.78968
33.80671
33.796
33.81559
33.82967
33.85447
33.85601
33.87465
33.86353
33.88219
33.89626
33.91241
33.92972
33.93963
33.96247
33.97843
33.99012
34.0057
33.9952
34.03134
34.02228
34.03763
34.05677
34.07242
34.09116
34.09856
34.12155
34.11803
34.13034
34.1405
34.14922
34.14681
34.18344
34.16304
34.21155
34.18343
34.23564
34.19054
34.26645
34.21939
34.29263
34.25154
34.3247
34.27405
34.34729
34.30291
34.35524
34.3222
34.38159
34.34623
34.41541
34.38112
34.44277
34.41542
34.47062
34.44259
34.47951
34.47565
34.51309
34.51067
34.54871
34.54542
34.57996
34.58224
34.61498
34.61345
34.64529
34.6492
34.67669
34.68417
34.6837
34.71949
34.72016
34.74738
34.75113
34.77868
34.78287
34.80563
34.81865
34.84257
34.84821
34.87264
34.8739
34.89979
34.8802
34.90863
34.91356
34.93895
34.92236
34.9595
34.95279
34.96833
34.98514
34.9975
34.9938
35.03378
35.01905
35.06807
35.02534
35.09951
35.05994
35.11533
35.09682
35.13387
35.1242
35.16688
35.12931
35.1757
35.15693
35.19272
35.16572
35.22605
35.19943
35.24868
35.22988
35.28012
35.26744
35.28768
35.30633
35.31934
35.3127
35.32572
35.34835
35.3623
35.38027
35.39441
35.38668
35.42846
35.41521
35.46683
35.4497
35.50225
35.48615
35.54197
35.52275
35.57253
35.55522
35.6057
35.58786
35.64666
35.62523
35.67829
35.66191
35.71595
35.69643
35.75092
35.73272
35.78624
35.76611
35.82261
35.79844
35.85603
35.83375
35.89638
35.87176
35.93047
35.9038
35.966
35.9379
36.00302
35.97271
36.04094
36.01006
36.07341
36.04602
36.10017
36.08175
36.13499
36.11352
36.17087
36.14526
36.20116
36.18036
36.22699
36.21764
36.23358
36.25039
36.27062
36.27633
36.30605
36.28281
36.34237
36.30409
36.3797
36.34303
36.41621
36.37844
36.45106
36.41299
36.48552
36.45222
36.52005
36.48529
36.55655
36.51642
36.59498
36.55278
36.63013
36.58904
36.66235
36.62003
36.69776
36.64907
36.72846
36.68285
36.76119
36.71977
36.7692
36.74979
36.80026
36.78115
36.83277
36.78749
36.86531
36.81255
36.9027
36.8442
36.93045
36.87727
36.95439
36.91503
36.97258
36.92532
37.00706
36.97834
37.04401
37.01322
37.07823
37.04876
37.11142
37.08195
37.14967
37.14713
37.18458
37.18044
37.21748
37.21479
37.25056
37.24831
37.2897
37.28043
37.32285
37.3154
37.35534
37.34504
37.39041
37.38037
37.42865
37.41441
37.46516
37.44918
37.50193
37.48752
37.5345
37.52223
37.57029
37.55944
37.60754
37.59375
37.64265
37.62738
37.67703
37.65892
37.71128
37.6934
37.74773
37.72998
37.78197
37.76499
37.81626
37.79995
37.8536
37.83625
37.88913
37.87209
37.9236
37.90818
37.96046
37.94309
37.99397
37.97302
38.03046
38.0107
38.06397
38.04641
38.10114
38.08236
38.13806
38.11969
38.16861
38.15677
38.19762
38.18322
38.22132
38.21662
38.25993
38.25214
38.29108
38.28828
38.32745
38.31915
38.35374
38.3402
38.38381
38.36967
38.41671
38.40265
38.45092
38.43644
38.48639
38.46996
38.52296
38.50691
38.56359
38.53611
38.59995
38.56811
38.62838
38.60443
38.66004
38.64059
38.69529
38.67406
38.72714
38.74728
38.74978
38.78151
38.78569
38.80885
38.82225
38.81517
38.85861
38.88296
38.89389
38.90039
38.93193
38.90549
38.96729
38.9106
39.00145
38.94948
39.03051
38.98196
39.04971
39.0064
39.08354
39.03523
39.1161
39.0649
39.15062
39.10185
39.18546
39.13591
39.22327
39.1704
39.25977
39.20312
39.2954
39.22899
39.33165
39.26206
39.35813
39.28815
39.39263
39.29325
39.40143
39.32355
39.43307
39.35626
39.46762
39.39244
39.49946
39.39755
39.50825
39.43404
39.53739
39.46522
39.57286
39.49925
39.59932
39.53526
39.63162
39.57307
39.63942
39.6078
39.67835
39.64459
39.71647
39.67546
39.74926
39.71067
39.78514
39.74319
39.81755
39.77979
39.85277
39.81281
39.88885
39.8475
39.92255
39.88526
39.95827
39.92364
39.9936
39.95807
40.02803
39.98932
40.058
40.02671
40.09253
40.06454
40.12809
40.10104
40.16285
40.13904
40.1974
40.16947
40.23287
40.20246
40.26845
40.2415
40.30346
40.2761
40.34097
40.30763
40.37544
40.33919
40.40762
40.37264
40.43896
40.4092
40.47045
40.43934
40.49833
40.47427
40.53461
40.50894
40.55596
40.5429
40.59176
40.57792
40.62681
40.61426
40.66099
40.65503
40.69904
40.69276
40.73519
40.72414
40.77122
40.75055
40.80571
40.75964
40.84299
40.79583
40.8783
40.83521
40.91214
40.87119
40.94906
40.90635
40.98434
40.94483
41.01919
40.982
41.05318
41.0193
41.08892
41.05271
41.12402
41.08972
41.16259
41.12609
41.19852
41.16396
41.23258
41.19835
41.25921
41.22713
41.29564
41.26199
41.33191
41.29848
41.33821
41.30727
41.3657
41.34236
41.39204
41.37944
41.39838
41.417
41.43546
41.45284
41.46843
41.48943
41.50509
41.51868
41.5241
41.54171
41.53294
41.56422
41.56896
41.60034
41.60328
41.62967
41.63351
41.66667
41.669
41.70274
41.74327
41.73739
41.78419
41.77376
41.80886
41.80774
41.87736
41.83899
41.88491
41.87091
41.90883
41.90501
41.91514
41.93792
41.9404
41.96341
41.94551
41.9961
41.9605
42.01613
41.99829
42.05396
42.02224
42.08891
42.04428
42.11443
42.07988
42.12199
42.11749
42.15874
42.15252
42.19634
42.1879
42.23094
42.21951
42.23854
42.22842
42.26894
42.26435
42.30311
42.30025
42.33957
42.33692
42.36596
42.36985
42.38702
42.39888
42.41353
42.43786
42.43995
42.47314
42.46099
42.50903
42.4912
42.54347
42.5256
42.58032
42.56287
42.61456
42.60049
42.64671
42.63462
42.68242
42.66986
42.71983
42.70373
42.75623
42.74279
42.79282
42.77903
42.82742
42.81553
42.86495
42.8535
42.90034
42.89085
42.93952
42.92711
42.97747
42.96321
43.00976
42.99661
43.04466
43.03364
43.0826
43.07158
43.11755
43.10736
43.15552
43.14261
43.18623
43.17897
43.22077
43.21453
43.25623
43.25176
43.29282
43.28534
43.32402
43.32356
43.36051
43.36021
43.39906
43.39553
43.4354
43.42953
43.47125
43.46553
43.50362
43.50298
43.53843
43.54237
43.57547
43.60504
43.61107
43.63269
43.64357
43.64153
43.66608
43.67485
43.67242
43.69535
43.70136
43.70043
43.70994
43.70553
43.73123
43.71686
43.77003
43.73028
43.78868
43.73661
43.80959
43.7737
43.81591
43.79584
43.82472
43.82518
43.85398
43.83149
43.88422
43.86034
43.89057
43.86914
43.92791
43.90305
43.96061
43.93788
43.98818
43.96179
43.99453
43.97068
44.03342
44.00792
44.07268
44.046
44.11034
44.08497
44.14975
44.11922
44.18609
44.15991
44.22089
44.19501
44.25761
44.23289
44.2927
44.27031
44.32809
44.30476
44.36398
44.34076
44.40084
44.37715
44.43771
44.40872
44.4763
44.44564
44.51358
44.48386
44.54797
44.51997
44.5795
44.55459
44.61692
44.59151
44.65324
44.62872
44.68966
44.66658
44.72393
44.69963
44.76151
44.73255
44.79597
44.76881
44.8321
44.80621
44.86843
44.84435
44.90342
44.88183
44.93892
44.9178
44.9769
44.95085
45.00823
44.95979
45.04514
44.99727
45.07523
45.03029
45.11235
45.06418
45.1465
45.10093
45.18549
45.13753
45.21787
45.16935
45.25594
45.20515
45.29234
45.23979
45.32906
45.27304
45.36414
45.31212
45.39692
45.34848
45.42947
45.38499
45.46789
45.41393
45.50552
45.42287
45.54363
45.46154
45.57819
45.49465
45.61497
45.53
45.64902
45.56438
45.68406
45.60344
45.71793
45.63681
45.7534
45.67284
45.78547
45.70254
45.81816
45.74106
45.85404
45.77425
45.89004
45.81117
45.91647
45.84778
45.95333
45.88357
45.98394
45.92244
46.01781
45.95889
46.05206
45.99138
46.08729
46.02364
46.12208
46.05616
46.15905
46.08767
46.1958
46.12672
46.2328
46.15929
46.26542
46.19099
46.3024
46.2291
46.34143
46.26469
46.37653
46.30183
46.41287
46.33877
46.44735
46.37251
46.48166
46.40714
46.52053
46.44268
46.55718
46.48076
46.59397
46.51611
46.631
46.55311
46.66686
46.59003
46.70292
46.62486
46.7364
46.66392
46.77336
46.6937
46.80814
46.72765
46.84435
46.76361
46.87823
46.79853
46.91561
46.83298
46.95321
46.87122
46.98809
46.9079
47.0218
46.94176
47.05838
46.97565
47.09476
47.01341
47.13164
47.04683
47.16364
47.08188
47.19375
47.11892
47.2278
47.15385
47.23412
47.19273
47.27132
47.2239
47.30593
47.26136
47.34372
47.29918
47.38005
47.33636
47.41627
47.36795
47.4513
47.39789
47.48645
47.43188
47.51783
47.46854
47.55231
47.49629
47.58906
47.53528
47.62674
47.57199
47.66464
47.60661
47.69976
47.64613
47.73163
47.68106
47.76828
47.71656
47.80243
47.74881
47.82875
47.78406
47.86266
47.81834
47.89965
47.84964
47.92268
47.88498
47.9278
47.91738
47.93292
47.95188
47.96966
47.98133
48.04293
47.99022
48.07474
48.02867
48.10721
48.06389
48.14462
48.09512
48.1764
48.12896
48.21196
48.16647
48.25099
48.20186
48.28451
48.22696
48.31605
48.26383
48.35206
48.2975
48.38535
48.335
48.42125
48.37022
48.45267
48.40827
48.4904
48.43866
48.52341
48.47351
48.55905
48.50814
48.59192
48.54211
48.62903
48.5794
48.66701
48.61494
48.70012
48.6425
48.73545
48.65136
48.76304
48.68572
48.79271
48.72463
48.83158
48.75855
48.86771
48.78781
48.90359
48.81041
48.93792
48.84678
48.97499
48.88467
49.01153
48.91885
49.04835
48.95648
49.08403
48.99411
49.12103
49.02927
49.15924
49.06451
49.19685
49.10284
49.23286
49.13927
49.26823
49.17805
49.30415
49.21471
49.3423
49.24842
49.38022
49.28614
49.41756
49.32248
49.4537
49.35977
49.48722
49.39627
49.52502
49.43126
49.56039
49.46911
49.59831
49.50817
49.63556
49.54767
49.67183
49.58206
49.70786
49.61597
49.74587
49.65097
49.7751
49.68812
49.81279
49.72594
49.85069
49.76273
49.89101
49.80023
49.92899
49.83802
49.96606
49.8775
50.00389
49.91618
50.0378
49.95207
50.07381
49.98977
50.11156
50.0249
50.1422
50.06268
50.17968
50.0972
50.21595
50.13577
50.25353
50.16989
50.29148
50.20884
50.3299
50.24787
50.36646
50.28477
50.39943
50.31935
50.43628
50.35447
50.47552
50.39014
50.50484
50.4273
50.54239
50.46228
50.57923
50.5012
50.61445
50.53717
50.65169
50.57312
50.68629
50.61001
50.71983
50.64805
50.75388
50.68146
50.7902
50.71472
50.82546
50.74937
50.86273
50.78759
50.89844
50.82381
50.9271
50.86036
50.96513
50.89455
51.00264
50.92268
51.04069
50.94279
51.0771
50.98191
51.11087
51.01104
51.14975
51.04584
51.18039
51.07602
51.21674
51.11065
51.24963
51.14843
51.27539
51.18293
51.31321
51.19036
51.33456
51.21926
51.3409
51.23275
51.35739
51.23909
51.37492
51.26801
51.42208
51.30414
51.44709
51.33974
51.45593
51.37404
51.48247
51.39525
51.51926
51.41594
51.55368
51.44388
51.58521
51.47607
51.61785
51.5024
51.65488
51.51991
51.6906
51.52626
51.69816
51.56515
51.73219
51.574
51.75992
51.60452
51.76876
51.6335
51.78392
51.64233
51.79277
51.67622
51.82803
51.70812
51.85555
51.74552
51.86322
51.7805
51.89864
51.81946
51.93623
51.85846
51.97183
51.89403
52.00838
51.92867
52.04593
51.96292
52.08311
51.98815
52.1208
51.99457
52.15421
52.03357
52.19073
52.07071
52.22964
52.10586
52.26676
52.14244
52.30376
52.18153
52.34287
52.2194
52.38202
52.25545
52.41988
52.29376
52.45646
52.32763
52.49461
52.36519
52.52925
52.40424
52.56676
52.44291
52.60255
52.48063
52.64273
52.5184
52.68151
52.55763
52.71729
52.59535
52.75601
52.63316
52.79446
52.67149
52.83276
52.70801
52.86984
52.74671
52.90631
52.78507
52.94527
52.82313
52.98306
52.85655
53.01974
52.89709
53.05827
52.93471
53.09531
52.97561
53.13388
53.01408
53.16959
53.05519
53.2105
53.09296
53.24847
53.13043
53.28516
53.16799
53.32353
53.20337
53.36095
53.23926
53.39909
53.27778
53.43497
53.3152
53.47203
53.35316
53.50905
53.39086
53.54607
53.42868
53.58366
53.46608
53.61931
53.50467
53.65716
53.5434
53.69597
53.58014
53.73235
53.61663
53.76773
53.65181
53.80389
53.68899
53.84101
53.7244
53.87726
53.76011
53.90935
53.7967
53.94524
53.83079
53.97728
53.8671
54.01591
53.90426
54.05055
53.93632
54.08825
53.97156
54.12472
54.00957
54.15943
54.04657
54.19463
54.08301
54.22831
54.11607
54.26595
54.15398
54.29959
54.18563
54.3222
54.22173
54.36113
54.25844
54.39571
54.29098
54.43184
54.32628
54.46698
54.36056
54.50167
54.39732
54.53868
54.43606
54.5678
54.46943
54.60373
54.47828
54.62833
54.51506
54.65641
54.54867
54.66526
54.57512
54.6964
54.60259
54.72208
54.60769
54.75858
54.61282
54.7954
54.65
54.80424
54.67824
54.83984
54.71762
54.87102
54.74644
54.90973
54.75279
54.94626
54.79237
54.98559
54.82813
55.02137
54.8668
55.05751
54.9012
55.09522
54.94004
55.13119
54.97445
55.16251
55.0123
55.19713
55.0434
55.23117
55.08059
55.26746
55.11647
55.30431
55.15411
55.33743
55.19049
55.37444
55.22939
55.39332
55.25993
55.39846
55.30051
55.40362
55.33284
55.44235
55.36271
55.47663
55.39619
55.51345
55.43245
55.54518
55.46823
55.58305
55.50366
55.62117
55.5399
55.6554
55.57804
55.69405
55.61406
55.72913
55.65356
55.80738
55.6867
55.84025
55.72512
55.8763
55.7609
55.91185
55.79676
55.95012
55.83358
55.98642
55.86953
56.01998
55.90588
56.05834
55.9433
56.09385
55.97771
56.13475
56.01508
56.17008
56.05049
56.20777
56.08942
56.24599
56.12695
56.28345
56.16394
56.32128
56.20179
56.35839
56.23797
56.38996
56.27203
56.42725
56.30766
56.46081
56.3414
56.49847
56.37708
56.53505
56.41352
56.56918
56.4447
56.59312
56.47586
56.59823
56.50695
56.63205
56.5448
56.6606
56.55365
56.69841
56.58754
56.73689
56.62278
56.77073
56.66182
56.80343
56.69623
56.83873
56.72774
56.87534
56.7644
56.91362
56.80273
56.94811
56.84002
56.98655
56.87102
57.02446
56.90918
57.06223
56.9468
57.09822
56.98088
57.13279
57.0529
57.16912
57.08958
57.20618
57.12741
57.24478
57.16658
57.28287
57.20338
57.31416
57.2345
57.34956
57.27137
57.39043
57.31048
57.42618
57.3412
57.46144
57.37633
57.49198
57.40891
57.52736
57.44633
57.56426
57.48706
57.60323
57.51941
57.64217
57.55895
57.67595
57.59446
57.71414
57.6305
57.74991
57.66785
57.78704
57.70171
57.82113
57.73528
57.85638
57.76815
57.88832
57.80788
57.92649
57.84688
57.96487
57.88213
58.00079
57.9209
58.0374
57.95506
58.07713
57.98867
58.11286
58.02139
58.14862
58.05572
58.18575
58.09161
58.22234
58.12672
58.25702
58.16563
58.29492
58.20356
58.33378
58.24118
58.36916
58.27753
58.40795
58.31034
58.44241
58.34588
58.47483
58.37879
58.5103
58.40985
58.54523
58.44492
58.58316
58.48384
58.61596
58.52191
58.65521
58.56053
58.68872
58.59486
58.72538
58.60374
58.76085
58.64291
58.79691
58.67771
58.8297
58.71604
58.86579
58.75054
58.90139
58.78379
58.93777
58.81744
58.97242
58.85509
59.00738
58.89325
59.04673
58.9266
59.08121
58.96295
59.11896
58.99694
59.15537
59.03368
59.19301
59.07221
59.23022
59.10585
59.26859
59.17585
59.30426
59.21407
59.33986
59.25299
59.37582
59.28446
59.41032
59.31961
59.44653
59.35785
59.48293
59.39511
59.51861
59.4318
59.55664
59.46945
59.59452
59.50463
59.63342
59.54099
59.67165
59.5798
59.70654
59.61783
59.74464
59.65647
59.78393
59.69371
59.82317
59.7314
59.86172
59.76973
59.89882
59.80612
59.93468
59.84278
59.97486
59.87991
60.011
59.91637
60.04903
59.95429
60.08472
59.99408
60.12355
60.03099
60.16149
60.06894
60.20005
60.10691
60.23912
60.14737
60.27711
60.18651
60.31514
60.22397
60.35387
60.25854
60.39228
60.29905
60.42889
60.33837
60.46821
60.37698
60.50586
60.41474
60.54635
60.4539
60.58527
60.49372
60.62392
60.53288
60.6624
60.57116
60.70097
60.60597
60.73718
60.64555
60.77444
60.68239
60.81214
60.71946
60.85078
60.7585
60.89036
60.79829
60.92897
60.83419
60.96419
60.86974
61.00003
60.90585
61.03679
60.94098
61.07581
60.97549
61.11067
61.01023
61.14877
61.04662
61.18465
61.08564
61.22234
61.12501
61.26015
61.16216
61.29782
61.19773
61.33496
61.23669
61.3686
61.30761
61.40433
61.34673
61.44271
61.38026
61.4801
61.41943
61.51901
61.45861
61.55726
61.49456
61.59641
61.53207
61.63353
61.56901
61.67044
61.60767
61.70788
61.64473
61.74361
61.68175
61.77867
61.71958
61.81705
61.75588
61.85359
61.79218
61.89103
61.83026
61.92763
61.86745
61.96577
61.9054
62.00159
61.94374
62.03948
61.98085
62.07709
62.01813
62.11228
62.05337
62.14931
62.09135
62.18724
62.12617
62.22352
62.16125
62.26016
62.19904
62.29513
62.23812
62.33229
62.27408
62.36734
62.31219
62.40167
62.34605
62.43954
62.38543
62.47756
62.42199
62.51608
62.46108
62.55229
62.49892
62.58847
62.53619
62.6277
62.57403
62.6648
62.61316
62.70333
62.65125
62.74151
62.69064
62.77894
62.7285
62.81693
62.76498
62.85175
62.806
62.89267
62.84535
62.93132
62.8842
62.96845
62.92109
63.00753
62.96059
63.04553
62.99987
63.0833
63.03896
63.12262
63.07834
63.15993
63.11659
63.19833
63.15701
63.23944
63.19652
63.27813
63.23611
63.31849
63.275
63.3568
63.31619
63.39795
63.35479
63.43698
63.39453
63.47583
63.43418
63.51521
63.47549
63.55555
63.51455
63.5951
63.55567
63.63618
63.59522
63.67502
63.63627
63.71502
63.67588
63.75467
63.71672
63.79571
63.75619
63.83514
63.79742
63.87405
63.83704
63.91516
63.87822
63.95435
63.91788
63.99244
63.95737
64.03045
63.9968
64.07037
64.03563
64.10976
64.07654
64.14864
64.1148
64.18691
64.15401
64.22601
64.19118
64.2629
64.23048
64.30153
64.26953
64.33886
64.30668
64.37872
64.34427
64.41666
64.38345
64.45462
64.42046
64.49431
64.45741
64.52673
64.49644
64.56238
64.52862
64.59828
64.56253
64.63313
64.59984
64.66057
64.60871
64.69483
64.63984
64.73196
64.66518
64.76865
64.67403
64.79509
64.70119
64.80141
64.73815
64.83884
64.76839
64.87359
64.80543
64.90594
64.84193
64.94492
64.877
64.98093
64.91459
65.01557
64.94704
65.05421
64.98495
65.09211
65.01794
65.12805
65.0546
65.16615
65.09252
65.20338
65.13136
65.24246
65.16927
65.27895
65.20809
65.31906
65.24588
65.35788
65.28375
65.3947
65.32455
65.43198
65.36387
65.47066
65.40195
65.50907
65.44107
65.54828
65.47837
65.58749
65.51571
65.62676
65.55429
65.6659
65.59219
65.70348
65.63114
65.74111
65.67021
65.77928
65.70914
65.81893
65.74863
65.85841
65.78745
65.89936
65.82683
65.93597
65.86615
65.97665
65.90588
66.01558
65.94444
66.05548
65.98428
66.09496
66.02269
66.13464
66.06394
66.17441
66.10357
66.21574
66.14415
66.25543
66.18393
66.29575
66.22501
66.33313
66.26405
66.37185
66.30003
66.41072
66.33926
66.44983
66.37812
66.48972
66.41702
66.5275
66.45499
66.56554
66.49068
66.59451
66.52971
66.60337
66.56777
66.63505
66.60442
66.64397
66.63839
66.68156
66.67615
66.71969
66.71243
66.75749
66.75164
66.79212
66.7908
66.82964
66.82858
66.86771
66.86742
66.90745
66.9085
66.94663
66.94736
66.98619
66.98629
67.02506
67.021
67.06361
67.06032
67.10047
67.09843
67.13916
67.1367
67.17654
67.17522
67.21415
67.21323
67.25134
67.25182
67.28918
67.28992
67.32858
67.32714
67.36567
67.3649
67.40285
67.40221
67.44022
67.44155
67.47495
67.48172
67.51412
67.521
67.55474
67.5603
67.59401
67.59948
67.63446
67.63927
67.67175
67.67578
67.70756
67.71236
67.7451
67.74832
67.78312
67.78711
67.82304
67.82578
67.86025
67.86414
67.89847
67.90338
67.93726
67.9427
67.97812
67.98194
68.01648
68.0212
68.05733
68.05722
68.09582
68.09647
68.13129
68.13353
68.16909
68.17133
68.20984
68.21041
68.24839
68.24889
68.28717
68.28812
68.32687
68.32514
68.36327
68.36424
68.40247
68.40351
68.44083
68.44133
68.47794
68.47935
68.51392
68.51778
68.55244
68.55649
68.59107
68.59536
68.62933
68.63481
68.66859
68.67406
68.70801
68.71346
68.74754
68.75267
68.78652
68.79198
68.82487
68.82845
68.86417
68.86784
68.90165
68.90639
68.94023
68.94563
68.97812
68.98471
69.016
69.02395
69.05469
69.06216
69.09402
69.10031
69.13219
69.13877
69.16824
69.17694
69.20589
69.21555
69.24447
69.25451
69.28364
69.29256
69.32311
69.33207
69.36224
69.37155
69.40328
69.41158
69.44175
69.45001
69.48141
69.48826
69.51736
69.52686
69.55554
69.56442
69.59293
69.60078
69.62922
69.6376
69.66623
69.66514
69.70438
69.7037
69.73384
69.74279
69.74015
69.76888
69.77411
69.79642
69.7962
69.81863
69.82646
69.84732
69.86236
69.88004
69.90179
69.91893
69.94085
69.95606
69.9769
69.9925
70.01204
70.02997
70.05096
70.0693
70.08878
70.10716
70.12823
70.14734
70.16678
70.18639
70.20572
70.21915
70.24462
70.2582
70.28355
70.29739
70.32419
70.33466
70.3596
70.37275
70.39783
70.40998
70.43561
70.44912
70.46458
70.48497
70.4995
70.52405
70.5386
70.56226
70.57235
70.59872
70.61082
70.60768
70.65081
70.64493
70.68324
70.68358
70.72136
70.72018
70.75699
70.75705
70.79013
70.79428
70.82803
70.83039
70.86592
70.86956
70.90562
70.90778
70.94233
70.94656
70.98134
70.98707
71.01817
71.0246
71.05443
71.06161
71.09356
71.09899
71.13073
71.13795
71.16805
71.17699
71.20623
71.21231
71.24397
71.25148
71.28187
71.2907
71.31658
71.33054
71.3554
71.36982
71.39407
71.40668
71.43126
71.44595
71.47228
71.48524
71.51038
71.52282
71.54905
71.55756
71.58842
71.59695
71.6279
71.63621
71.66389
71.67567
71.70229
71.71606
71.74183
71.75549
71.7795
71.79516
71.8204
71.83409
71.8585
71.87153
71.89838
71.90954
71.93764
71.94846
71.9767
71.98833
72.01513
72.02692
72.05472
72.06708
72.09258
72.10551
72.13356
72.14644
72.17302
72.18564
72.21195
72.22424
72.25138
72.26277
72.29079
72.30088
72.32886
72.34026
72.36488
72.37967
72.40299
72.41779
72.44162
72.45663
72.48016
72.49617
72.51792
72.53503
72.55673
72.5719
72.59384
72.61111
72.63323
72.64964
72.67049
72.68837
72.70991
72.72968
72.74831
72.76927
72.78793
72.80905
72.82767
72.84869
72.86725
72.88898
72.90814
72.9271
72.94622
72.96744
72.98672
73.00592
73.02641
73.04638
73.06519
73.08608
73.10353
73.12691
73.14407
73.16673
73.18365
73.20618
73.225
73.2476
73.26373
73.2861
73.30352
73.32692
73.34314
73.36648
73.38431
73.40631
73.42309
73.44565
73.46185
73.48663
73.50103
73.52615
73.53886
73.56544
73.5799
73.60373
73.61737
73.64079
73.6563
73.67999
73.69259
73.7201
73.73143
73.75929
73.76967
73.79571
73.80899
73.83318
73.84686
73.87247
73.88448
73.91178
73.9239
73.95132
73.96388
73.98904
74.00137
74.02817
74.03889
74.06784
74.07793
74.10696
74.11525
74.14385
74.19147
74.18175
74.23266
74.22238
74.272
74.26141
74.31139
74.30239
74.34923
74.34026
74.38807
74.37935
74.42669
74.41874
74.46449
74.45692
74.50388
74.49609
74.54141
74.53435
74.58092
74.57455
74.62026
74.61401
74.65962
74.65326
74.6989
74.69254
74.73824
74.732
74.77647
74.76894
74.81538
74.80812
74.8547
74.84708
74.89149
74.88551
74.93086
74.92487
74.97203
74.96581
75.01086
75.00507
75.05071
75.04313
75.08939
75.08241
75.12659
75.11903
75.16584
75.15694
75.20511
75.19412
75.27881
75.23179
75.31779
75.27097
75.35699
75.3103
75.39452
75.34918
75.43354
75.38571
75.47082
75.4248
75.5089
75.46427
75.547
75.50148
75.58578
75.53995
75.62187
75.57631
75.66116
75.61517
75.69861
75.65538
75.73693
75.69337
75.77524
75.73198
75.81459
75.77057
75.85208
75.80768
75.89301
75.84694
75.93082
75.88531
75.96799
75.92374
76.0071
75.96054
76.04625
75.99928
76.08378
76.03744
76.12136
76.06641
76.14385
76.0966
76.17934
76.11773
76.20253
76.15035
76.21139
76.17072
76.25034
76.17709
76.28339
76.19845
76.30946
76.23747
76.33584
76.2614
76.35381
76.29378
76.38921
76.33021
76.42317
76.36622
76.4593
76.40094
76.49722
76.43743
76.53043
76.47292
76.56773
76.50861
76.60595
76.54387
76.64368
76.5817
76.67748
76.62043
76.71443
76.65617
76.74685
76.69403
76.78472
76.73022
76.82061
76.76685
76.85686
76.80362
76.89301
76.84156
76.92999
76.87646
76.96874
76.91235
77.00377
76.95071
77.04059
76.98901
77.07813
77.02702
77.11719
77.06555
77.15408
77.10451
77.19329
77.14532
77.23018
77.18468
77.26776
77.21912
77.30348
77.25312
77.34274
77.29163
77.379
77.33041
77.41707
77.3688
77.45504
77.40751
77.49323
77.44675
77.53095
77.4861
77.57016
77.52538
77.60772
77.56461
77.64611
77.60063
77.68267
77.63733
77.72103
77.67612
77.75623
77.71396
77.79436
77.75172
77.83329
77.79069
77.87125
77.82862
77.90958
77.86784
77.98837
77.90723
78.02611
77.94576
78.06451
77.98418
78.10245
78.02278
78.13993
78.06008
78.17928
78.09946
78.21889
78.13869
78.25838
78.17693
78.29385
78.21617
78.33331
78.25356
78.37281
78.29299
78.41085
78.3297
78.44917
78.3683
78.48846
78.40712
78.52766
78.44678
78.56673
78.48673
78.60476
78.52502
78.64498
78.56602
78.68405
78.60298
78.72241
78.64227
78.75856
78.67908
78.82829
78.71592
78.86741
78.75395
78.90596
78.79282
78.94505
78.83001
78.98073
78.86819
79.01693
78.90515
79.05782
78.94312
79.09521
78.98138
79.13396
79.01734
79.17014
79.05804
79.20402
79.09333
79.24287
79.132
79.28193
79.17065
79.31775
79.20759
79.35262
79.2455
79.39333
79.28318
79.43129
79.31869
79.46575
79.35577
79.50369
79.39355
79.54018
79.43095
79.57671
79.46764
79.61557
79.50682
79.65654
79.54613
79.69592
79.58498
79.73396
79.6244
79.77338
79.66306
79.81276
79.70213
79.84884
79.74142
79.88991
79.78092
79.92859
79.81962
79.96962
79.85851
80.00892
79.89832
80.04753
79.93594
80.08385
79.97464
80.12328
80.01273
80.16011
80.05292
80.19958
80.09235
80.23923
80.1331
80.27693
80.1717
80.31824
80.21284
80.35795
80.25246
80.39927
80.29163
80.43808
80.33098
80.47935
80.37062
80.51756
80.41088
80.55874
80.4504
80.59815
80.48919
80.6373
80.52732
80.67574
80.56618
80.71329
80.60529
80.75248
80.64226
80.79025
80.68151
80.82829
80.71959
80.86555
80.75874
80.90667
80.79759
80.94614
80.83492
81.02134
80.87276
81.06094
80.91129
81.09754
80.95059
81.13641
80.98936
81.17574
81.02606
81.21382
81.06448
81.25308
81.10379
81.29179
81.14475
81.33101
81.18049
81.36703
81.21925
81.40637
81.25751
81.44566
81.29781
81.51869
81.33656
81.5573
81.37605
81.59503
81.41481
81.62979
81.45142
81.66663
81.49235
81.70303
81.52846
81.73961
81.56461
81.77683
81.60092
81.815
81.64065
81.85335
81.67867
81.89401
81.7183
81.93192
81.75766
81.96777
81.79691
82.00515
81.83472
82.04323
81.87427
82.08177
81.90991
82.11951
81.9488
82.15847
81.98806
82.19785
82.02741
82.23721
82.06602
82.27651
82.1056
82.31594
82.1468
82.35335
82.18388
82.3932
82.22319
82.43171
82.26202
82.46883
82.29865
82.50478
82.33759
82.54399
82.37816
82.58244
82.41702
82.62186
82.45641
82.69857
82.49556
82.73658
82.53392
82.77509
82.57217
82.81352
82.61102
82.85012
82.64736
82.8895
82.68668
82.92824
82.72623
82.96683
82.76572
83.0056
82.80235
83.04608
82.84084
83.08426
82.87952
83.12125
82.91814
83.16193
82.95715
83.19916
82.99541
83.23828
83.03153
83.27659
83.07138
83.31589
83.11013
83.3541
83.14745
83.39097
83.18536
83.43007
83.22333
83.46686
83.25989
83.50497
83.29916
83.54398
83.33703
83.58147
83.37545
83.62082
83.41221
83.66187
83.45149
83.70107
83.48947
83.73606
83.52748
83.77528
83.56477
83.81072
83.60289
83.84718
83.64072
83.88484
83.67915
83.92051
83.71593
83.95588
83.75304
83.96474
83.78582
84.00215
83.79223
84.07633
83.82541
84.11406
83.86324
84.15354
83.90087
84.18925
83.93968
84.22742
83.97656
84.26299
84.01331
84.3018
84.0502
84.34106
84.08732
84.37768
84.12524
84.41616
84.16213
84.45436
84.20091
84.49234
84.23881
84.53075
84.27757
84.56547
84.31688
84.6047
84.3546
84.64252
84.39386
84.68199
84.4324
84.72117
84.47083
84.75836
84.50939
84.79578
84.54745
84.83395
84.58602
84.87189
84.62495
84.90959
84.66332
84.94527
84.70208
84.9836
84.74081
85.02135
84.77947
85.06242
84.81635
85.09952
84.85528
85.13799
84.89466
85.17535
84.93342
85.2141
84.97044
85.2534
85.00983
85.29181
85.05
85.33063
85.08854
85.37
85.1289
85.40944
85.16755
85.44797
85.20684
85.4876
85.24786
85.52372
85.28699
85.56391
85.32479
85.60207
85.3636
85.64136
85.40454
85.67945
85.4429
85.72012
85.48251
85.75952
85.52073
85.79796
85.56051
85.83546
85.59872
85.86909
85.63483
85.90977
85.67191
85.94912
85.7108
85.99014
85.75018
86.0272
85.78951
86.06602
85.82887
86.10428
85.86624
86.14297
85.90469
86.18089
85.94167
86.21924
85.98129
86.25716
86.01819
86.2973
86.05768
86.33669
86.09705
86.37416
86.13657
86.41298
86.17534
86.45223
86.21492
86.49129
86.25094
86.52972
86.28948
86.56948
86.32825
86.60892
86.36694
86.64966
86.40631
86.68903
86.44585
86.72716
86.48698
86.76683
86.52589
86.80727
86.56537
86.84606
86.60305
86.88565
86.64256
86.92519
86.68201
86.96494
86.72214
87.00446
86.76036
87.04487
86.80064
87.08344
86.84016
87.12301
86.88014
87.16409
86.91967
87.20377
86.95796
87.24278
86.99659
87.28187
87.03615
87.32233
87.0769
87.36181
87.11637
87.40176
87.15534
87.44035
87.19444
87.47913
87.2344
87.51868
87.27412
87.55685
87.31178
87.59584
87.35138
87.63364
87.39056
87.67325
87.42994
87.71287
87.46965
87.7507
87.50842
87.7903
87.54785
87.83057
87.58751
87.87003
87.62717
87.90875
87.66672
87.94845
87.7065
87.98685
87.74617
88.02646
87.78599
88.06699
87.82561
88.10485
87.86433
88.14157
87.90281
88.17971
87.93996
88.2181
87.9796
88.25624
88.01819
88.29605
88.05894
88.33434
88.09694
88.3724
88.1372
88.40519
88.1748
88.44437
88.21456
88.48347
88.25255
88.52135
88.29198
88.55994
88.32883
88.59797
88.36724
88.63879
88.40682
88.67802
88.44418
88.71848
88.48271
88.75637
88.52069
88.79649
88.56138
88.83568
88.60057
88.87209
88.64032
88.9103
88.67679
88.94826
88.71371
88.98531
88.75105
89.02209
88.78853
89.06104
88.82759
89.10028
88.86114
89.1376
88.89111
89.17678
88.92928
89.2138
88.96076
89.25199
88.99386
89.28687
89.03018
89.32596
89.06595
89.36304
89.10275
89.3979
89.14101
89.43576
89.17979
89.47501
89.21381
89.51302
89.25301
89.55214
89.29193
89.58965
89.33122
89.6279
89.36945
89.66535
89.40807
89.70472
89.44704
89.74287
89.48493
89.78236
89.52435
89.82209
89.56273
89.8615
89.60107
89.90203
89.64104
89.9404
89.68019
89.98158
89.72029
90.02117
89.75951
90.06136
89.79964
90.10029
89.83878
90.14038
89.88005
90.179
89.95634
90.21806
89.99722
90.25443
90.143
90.29215
90.16439
90.32796
90.17326
90.3566
90.19128
90.36346
90.19765
90.40004
90.21916
90.439
90.22553
90.46178
90.24951
90.46812
90.25588
90.49706
90.27509
90.52113
90.30672
90.54318
90.3156
90.57348
90.33713
90.59861
90.34228
90.63824
90.37861
90.67406
90.40956
90.71428
90.44666
90.7523
90.48653
90.79076
90.52222
90.8278
90.56233
90.86694
90.60017
90.90417
90.63639
90.9405
90.67564
90.97549
90.71472
91.01479
90.75351
91.05374
90.78497
91.09296
90.82285
91.13193
90.86221
91.17155
90.89932
91.20937
90.93874
91.24766
90.97632
91.28574
91.01358
91.32648
91.05298
91.36603
91.09221
91.40711
91.13321
91.447
91.17024
91.48819
91.21084
91.52795
91.25025
91.56786
91.28985
91.60767
91.32879
91.64811
91.36765
91.68784
91.40894
91.72919
91.4884
91.76872
91.52795
91.8102
91.56743
91.85019
91.60699
91.89204
91.64813
91.93124
91.68793
91.97131
91.72711
92.01125
91.767
92.05266
91.80804
92.09183
91.84655
92.13281
91.88576
92.1719
91.96642
92.21334
92.00478
92.25287
92.04434
92.29256
92.08375
92.33153
92.12336
92.37124
92.16455
92.41261
92.20324
92.45142
92.24175
92.49054
92.2813
92.52995
92.32111
92.56966
92.36086
92.60927
92.40212
92.64908
92.44163
92.68842
92.48135
92.72808
92.52097
92.76767
92.56046
92.80508
92.59901
92.84489
92.63883
92.88461
92.67841
92.92443
92.71806
92.96426
92.75773
93.00414
92.79667
93.04391
92.8364
93.08358
92.87605
93.12331
92.91568
93.16288
92.95483
93.20258
92.99445
93.24232
93.03417
93.28167
93.07397
93.3225
93.11373
93.3623
93.15221
93.40245
93.19184
93.44194
93.23167
93.48331
93.27107
93.52311
93.31162
93.56442
93.35136
93.60404
93.39187
93.64394
93.43159
93.68356
93.47249
93.72347
93.51122
93.76325
93.55091
93.80467
93.5906
93.84398
93.63181
93.88377
93.67056
93.92351
93.71009
93.96231
93.74855
94.00168
93.78815
94.0415
93.82772
94.08282
93.86658
94.12287
93.90622
94.1642
93.98477
94.20322
94.06551
94.24467
94.1044
94.28447
94.14563
94.32386
94.18521
94.36373
94.22559
94.40265
94.26521
94.44232
94.30616
94.48286
94.34579
94.52264
94.38541
94.56257
94.42507
94.60252
94.46589
94.64397
94.50565
94.68391
94.54535
94.72433
94.58495
94.75903
94.62409
94.80009
94.6639
94.83949
94.70372
94.87946
94.73845
94.91927
94.77808
94.95913
94.81792
95.00066
94.85755
95.04062
94.89741
95.08218
94.93713
95.12209
94.9765
95.16357
95.01615
95.20316
95.05589
95.24217
95.09572
95.2823
95.13544
95.31127
95.1753
95.35129
95.21552
95.38783
95.25537
95.42792
95.2964
95.46954
95.33131
95.50713
95.37133
95.54306
95.4128
95.58318
95.45284
95.62328
95.49402
95.65986
95.53393
95.69981
95.57545
95.72374
95.61529
95.76107
95.6563
95.80269
95.69633
95.8426
95.73758
95.88423
95.77763
95.9238
95.81936
95.96478
95.85675
96.00481
95.89801
96.04477
95.93791
96.08487
95.97936
96.12462
96.01923
96.16512
96.059
96.20492
96.09879
96.24634
96.14025
96.28629
96.18024
96.32624
96.22
96.36629
96.25737
96.40793
96.29236
96.44794
96.33231
96.48902
96.37225
96.52649
96.44643
96.56788
96.55959
96.60761
96.59438
96.64841
96.63329
96.68835
96.67328
96.72818
96.7149
96.76691
96.7548
96.80747
96.79726
96.8481
96.8381
96.88619
96.87912
96.92673
96.91747
96.96746
96.95786
97.00549
96.99691
97.04234
97.03443
97.08128
97.07375
97.11801
97.11406
97.15467
97.15491
97.19067
97.19495
97.2289
97.23414
97.26591
97.27371
97.30585
97.31404
97.34496
97.35274
97.3832
97.39097
97.41808
97.42564
97.45335
97.46135
97.49104
97.50048
97.52909
97.52197
97.56927
97.55909
97.60701
97.59665
97.64272
97.62239
97.67933
97.67913
97.70503
97.68427
97.72642
97.69696
97.74538
97.72602
97.76434
97.77483
97.7707
97.78779
97.78966
97.79803
97.79482
97.81113
97.80611
97.81623
97.81495
97.82134
97.83382
97.83169
97.85234
97.8368
97.85747
97.84193
97.8626
97.86338
97.87881
97.87222
97.88515
97.88107
97.89151
97.88738
97.9054
97.9063
97.91055
97.91262
97.92361
97.92872
97.92876
97.93504
97.93391
97.95316
97.9469
97.95952
97.95329
97.96584
97.95974
97.97215
97.96869
97.98097
97.98476
97.99435
97.99119
98.0007
98.00514
98.00959
98.0117
98.03075
98.02065
98.03588
98.04217
98.04981
98.04864
98.05495
98.0577
98.06898
98.07426
98.07413
98.07949
98.07928
98.0847
98.09329
98.09323
98.09845
98.09971
98.10361
98.11632
98.10878
98.12157
98.12508
98.1268
98.13026
98.13688
98.13545
98.14339
98.14661
98.1499
98.1518
98.15517
98.157
98.16042
98.16583
98.16568
98.17226
98.17094
98.17747
98.17621
98.18268
98.1827
98.1879
98.19169
98.1983
98.19695
98.20351
98.20222
98.20874
98.20871
98.21398
98.21399
98.22482
98.21925
98.23006
98.22453
98.23528
98.23353
98.24426
98.23882
98.25072
98.24782
98.25596
98.25307
98.26118
98.25833
98.27631
98.26732
98.28281
98.27258
98.28922
98.27784
98.29565
98.28985
98.3036
98.29884
98.31003
98.31435
98.31645
98.31956
98.32287
98.32475
98.32804
98.32996
98.33324
98.33516
98.34122
98.34037
98.34641
98.35179
98.35159
98.35699
98.35676
98.36217
98.36193
98.36737
98.3683
98.37377
98.3735
98.38269
98.3876
98.38914
98.39276
98.39559
98.40311
98.40078
98.40826
98.40596
98.41343
98.41236
98.4186
98.42126
98.42377
98.42644
98.42893
98.43161
98.4341
98.43679
98.43928
98.44569
98.44444
98.45085
98.45083
98.45602
98.45979
98.46491
98.46619
98.47008
98.47134
98.47523
98.47651
98.48412
98.48167
98.48929
98.48684
98.49446
98.49201
98.49962
98.49717
98.50477
98.50233
98.50994
98.50749
98.51511
98.51266
98.52027
98.51781
98.52667
98.52298
98.53184
98.52813
98.53701
98.53329
98.54591
98.53844
98.5548
98.5436
98.56367
98.54999
98.57007
98.55892
98.57647
98.5653
98.58537
98.57046
98.59055
98.58078
98.60321
98.59219
98.60838
98.59734
98.61356
98.61009
98.62762
98.61525
98.63279
98.6204
98.63795
98.64346
98.65675
98.6486
98.66193
98.65376
98.66708
98.66573
98.68559
98.67603
98.69076
98.68882
98.6959
98.69396
98.70602
98.69911
98.71117
98.71172
98.71632
98.71686
98.72804
98.72201
98.73444
98.72839
98.74081
98.73352
98.74596
98.73867
98.75111
98.74774
98.75877
98.75287
98.76391
98.758
98.76905
98.76434
98.77419
98.77066
98.78054
98.77699
98.78568
98.78211
98.79082
98.78722
98.79716
98.79238
98.8023
98.79876
98.80743
98.80386
98.81257
98.80898
98.81771
98.81409
98.82285
98.81921
98.83425
98.82948
98.83939
98.83459
98.84454
98.83971
98.84968
98.84486
98.85483
98.85
98.85998
98.85515
98.86514
98.86027
98.87029
98.86539
98.87544
98.87051
98.88183
98.87566
98.88698
98.88078
98.89214
98.89224
98.90353
98.8986
98.91242
98.90495
98.91759
98.91007
98.92397
98.91521
98.93109
98.92034
98.93999
98.92745
98.94638
98.93632
98.95153
98.94144
98.95669
98.94659
98.96307
98.95171
98.96825
98.96062
98.9734
98.96697
98.97857
98.97585
98.98614
98.98471
98.99394
98.99107
98.9991
98.99619
99.00426
99.00131
99.01128
99.01404
99.02013
99.01918
99.03527
99.03318
99.04043
99.05212
99.04559
99.05848
99.05585
99.06487
99.061
99.07122
99.06617
99.07634
99.07132
99.08147
99.07774
99.09034
99.08291
99.09547
99.08807
99.10061
99.09608
99.10576
99.10124
99.11211
99.10641
99.11726
99.12038
99.1224
99.12555
99.12753
99.13071
99.13387
99.13587
99.13902
99.14104
99.14417
99.14619
99.14931
99.15258
99.15821
99.15775
99.16335
99.16293
99.16849
99.1721
99.17501
99.18015
99.18015
99.18533
99.1853
99.19049
99.19045
99.19566
99.19801
99.20203
99.20316
99.20838
99.20829
99.21481
99.21343
99.21997
99.21856
99.22514
99.2237
99.23029
99.22884
99.23547
99.23518
99.24064
99.24036
99.25138
99.24552
99.25777
99.25439
99.26478
99.25955
99.27118
99.26844
99.27878
99.27734
99.28517
99.28369
99.29034
99.28883
99.29552
99.29398
99.30193
99.30034
99.3071
99.3067
99.31229
99.31184
99.31747
99.31699
99.32642
99.32726
99.3316
99.33241
99.33678
99.33756
99.3457
99.34458
99.35088
99.35096
99.35607
99.35983
99.37502
99.37741
99.3802
99.39249
99.38538
99.39766
99.3958
99.40787
99.401
99.41306
99.40617
99.41822
99.41908
99.43118
99.42714
99.43635
99.43607
99.44151
99.44496
99.4516
99.45383
99.45676
99.46024
99.46193
99.46816
99.47061
99.47334
99.47949
99.47853
99.48466
99.48775
99.48981
99.49294
99.49741
99.49812
99.50257
99.5033
99.50774
99.50848
99.51291
99.51366
99.51808
99.51884
99.52322
99.52402
99.53094
99.5292
99.53609
99.53437
99.54124
99.54076
99.54762
99.54711
99.56013
99.55599
99.56528
99.56117
99.57043
99.56636
99.57677
99.57429
99.58193
99.57945
99.58709
99.58463
99.59421
99.59102
99.5994
99.5974
99.60458
99.60256
99.60979
99.60773
99.61866
99.61292
99.62383
99.62325
99.629
99.62966
99.63417
99.63856
99.63934
99.64748
99.64449
99.65389
99.64966
99.66283
99.66015
99.67176
99.66531
99.67695
99.67049
99.68214
99.68102
99.69254
99.68618
99.69772
99.69134
99.7029
99.69653
99.70931
99.7075
99.71823
99.71523
99.7263
99.72905
99.73394
99.73669
99.74036
99.74563
99.74677
99.75203
99.75196
99.7572
99.75716
99.76237
99.76234
99.77018
99.76878
99.7766
99.77642
99.78178
99.7816
99.78696
99.78678
99.79589
99.79317
99.80225
99.80145
99.80747
99.80785
99.81782
99.81306
99.82423
99.81826
99.8294
99.82345
99.83458
99.82987
99.84359
99.8378
99.84875
99.84299
99.85392
99.84818
99.85909
99.8546
99.86428
99.85979
99.87068
99.86498
99.87705
99.87019
99.88223
99.87536
99.8874
99.88055
99.89257
99.88824
99.89895
99.89462
99.90533
99.90102
99.91051
99.90742
99.91569
99.91382
99.92206
99.92024
99.92725
99.92543
99.93244
99.93063
99.93884
99.93703
99.94405
99.9422
99.94922
99.94741
99.9556
99.95261
99.96079
99.96027
99.966
99.96548
99.97124
99.9707
99.97763
99.9771
99.98402
99.9823
99.98923
99.98751
99.99445
99.99896
99.99963
100.0054
100.006
100.0118
100.0112
100.0171
100.0164
100.0223
100.0217
100.0313
100.0269
100.0365
100.0321
100.0417
100.0373
100.047
100.0425
100.0534
100.0489
100.0586
100.0553
100.0651
100.0658
100.0703
100.071
100.0756
100.0799
100.0888
100.0929
100.094
100.0982
100.0993
100.1034
100.1045
100.1124
100.111
100.1176
100.1163
100.1228
100.1215
100.1281
100.1304
100.1345
100.1357
100.1427
100.1409
100.1479
100.1473
100.1532
100.1538
100.1596
100.159
100.1685
100.1642
100.1737
100.1705
100.1788
100.1794
100.184
100.1883
100.1903
100.1997
100.1954
100.2048
100.2005
100.2099
100.2069
100.2184
100.212
100.2247
100.2171
100.2336
100.2259
100.2386
100.2696
100.2437
100.3197
100.2597
100.3248
100.2648
100.3298
100.2699
100.3349
100.2763
100.3438
100.2826
100.3488
100.2889
100.354
100.2977
100.3603
100.3028
100.3654
100.3091
100.3705
100.3142
100.3756
100.3193
100.3839
100.3244
100.389
100.3358
100.3954
100.3432
100.4017
100.3484
100.408
100.3535
100.4132
100.3586
100.4183
100.3637
100.4246
100.3701
100.4297
100.3753
100.4349
100.3804
100.44
100.3867
100.4452
100.3919
100.4504
100.397
100.4567
100.4034
100.4632
100.4086
100.4683
100.4137
100.4735
100.4189
100.4799
100.4241
100.4862
100.4394
100.4914
100.4446
100.4966
100.451
100.5017
100.4562
100.5069
100.4702
100.5199
100.4754
100.5251
100.4806
100.534
100.487
100.5392
100.4922
100.5456
100.4974
100.5508
100.5026
100.556
100.5078
100.5612
100.513
100.5738
100.526
100.579
100.5342
100.5842
100.5456
100.5981
100.5508
100.6033
100.556
100.6085
100.5657
100.6174
100.5709
100.6227
100.5761
100.6278
100.5826
100.6375
100.5915
100.6427
100.5997
100.6479
100.6062
100.6568
100.6127
100.662
100.6216
100.6672
100.6281
100.6724
100.6333
100.6801
100.6385
100.6865
100.6437
100.6917
100.6502
100.6969
100.6554
100.7021
100.6606
100.7073
100.667
100.7124
100.6735
100.7176
100.6787
100.724
100.6839
100.7292
100.6903
100.7344
100.6967
100.7396
100.7019
100.7448
100.7071
100.7512
100.7123
100.7564
100.7187
100.7616
100.7239
100.7668
100.7291
100.772
100.7343
100.7772
100.7395
100.7824
100.7485
100.7888
100.7537
100.794
100.7589
100.7992
100.7641
100.8044
100.7693
100.8095
100.7758
100.8159
100.781
100.8211
100.7862
100.8263
100.7926
100.8316
100.8003
100.8367
100.8109
100.8449
100.8161
100.8502
100.8213
100.8553
100.8265
100.8668
100.8355
100.8732
100.8419
100.881
100.8471
100.8863
100.8523
100.8915
100.8613
100.8979
100.869
100.9031
100.8755
100.9083
100.887
100.9172
100.8922
100.9224
100.8974
100.9276
100.9039
100.9398
100.9128
100.9462
100.9192
100.9526
100.9244
100.9665
100.9296
100.973
100.9492
100.9806
100.9616
100.987
100.9706
100.9934
100.9838
100.9999
100.989
101.0051
100.9942
101.0102
101.0018
101.0167
101.0083
101.0256
101.0135
101.0308
101.0187
101.036
101.0239
101.0424
101.0303
101.0476
101.0367
101.0528
101.0419
101.0592
101.0471
101.0656
101.0535
101.0707
101.0599
101.0759
101.0651
101.0848
101.0703
101.0912
101.0754
101.0964
101.0806
101.1016
101.0936
101.1081
101.1003
101.1132
101.1054
101.1184
101.1106
101.1248
101.117
101.1324
101.1234
101.1376
101.1286
101.1427
101.1338
101.1503
101.1469
101.1567
101.1596
101.1618
101.1648
101.167
101.17
101.1749
101.1808
101.1813
101.1859
101.1864
101.1911
101.1916
101.1975
101.1968
101.2064
101.2057
101.2129
101.2145
101.2218
101.2209
101.2294
101.2261
101.2346
101.2312
101.2398
101.2376
101.2462
101.2428
101.2552
101.2479
101.2643
101.2621
101.2695
101.2672
101.2759
101.2736
101.2823
101.2826
101.2887
101.2902
101.2951
101.2966
101.3053
101.3018
101.3117
101.307
101.3222
101.3158
101.3274
101.3234
101.3326
101.3299
101.3471
101.3402
101.3548
101.3454
101.36
101.3506
101.3652
101.3558
101.3767
101.3622
101.3831
101.3686
101.3883
101.3737
101.3935
101.3789
101.3999
101.3841
101.4063
101.3893
101.4115
101.3944
101.4167
101.4008
101.4219
101.4072
101.4271
101.4136
101.4323
101.4188
101.4387
101.424
101.4451
101.4304
101.4503
101.4368
101.4567
101.4472
101.4619
101.4524
101.4671
101.464
101.4723
101.4704
101.4774
101.4756
101.4851
101.4808
101.4916
101.4885
101.5005
101.4937
101.5069
101.4989
101.5121
101.5041
101.5173
101.5093
101.5225
101.5194
101.5277
101.5258
101.5329
101.531
101.5381
101.5362
101.5445
101.5452
101.5509
101.5516
101.5598
101.5647
101.5663
101.5699
101.5727
101.5763
101.5779
101.5815
101.5832
101.5867
101.5896
101.5931
101.5988
101.5984
101.6052
101.6036
101.614
101.6088
101.6204
101.614
101.6293
101.6255
101.6358
101.6344
101.6447
101.6408
101.6511
101.646
101.6563
101.6525
101.6616
101.6605
101.668
101.6669
101.6744
101.6721
101.6834
101.6773
101.6923
101.6825
101.7003
101.6877
101.7055
101.6929
101.7119
101.6982
101.7221
101.7071
101.7274
101.7124
101.7326
101.7176
101.7391
101.7273
101.7455
101.7325
101.7539
101.7377
101.7592
101.7442
101.7644
101.7494
101.7697
101.7546
101.7749
101.7598
101.7801
101.7651
101.7919
101.7715
101.7984
101.7768
101.8036
101.782
101.8089
101.7872
101.8178
101.7924
101.8243
101.7977
101.8308
101.8029
101.8437
101.8094
101.8519
101.8146
101.8571
101.8198
101.8624
101.8251
101.8676
101.8303
101.8741
101.8356
101.8806
101.8408
101.8895
101.8461
101.896
101.8513
101.9042
101.8578
101.9095
101.863
101.9147
101.8683
101.92
101.8735
101.928
101.8825
101.9386
101.889
101.9451
101.8942
101.953
101.8995
101.962
101.9169
101.9684
101.9222
101.9749
101.9274
101.9814
101.9355
101.9929
101.9419
101.9982
101.9472
102.0035
101.9525
102.0117
101.959
102.0181
101.9654
102.0272
101.9719
102.0336
101.9784
102.0401
101.9837
102.0454
101.9889
102.0544
101.9954
102.0609
102.0018
102.0674
102.0083
102.0739
102.0136
102.0828
102.0188
102.0881
102.024
102.0934
102.0293
102.0987
102.0345
102.1053
102.0397
102.1106
102.0462
102.1159
102.0527
102.1212
102.0591
102.1265
102.0644
102.1368
102.0697
102.1434
102.0749
102.1486
102.0802
102.154
102.0884
102.163
102.0937
102.1695
102.099
102.1748
102.1043
102.1802
102.1108
102.1855
102.1161
102.1966
102.1214
102.202
102.1267
102.2074
102.132
102.2165
102.1372
102.2231
102.1425
102.2297
102.1489
102.2388
102.1542
102.2473
102.1594
102.2527
102.1647
102.2581
102.1712
102.2697
102.1765
102.2764
102.1818
102.2903
102.1871
102.2995
102.1923
102.3087
102.1988
102.3154
102.2041
102.3246
102.2094
102.3412
102.2147
102.3481
102.2213
102.3536
102.2279
102.3591
102.2332
102.3647
102.2385
102.3715
102.245
102.3808
102.2608
102.3876
102.2673
102.3994
102.2757
102.4063
102.2848
102.4182
102.2902
102.4251
102.2955
102.4308
102.3071
102.4366
102.3137
102.446
102.3275
102.4518
102.3341
102.4575
102.3407
102.4633
102.349
102.4691
102.3556
102.4762
102.3647
102.4858
102.3701
102.4918
102.3755
102.4978
102.382
102.5037
102.3995
102.5125
102.4049
102.5185
102.4562
102.5245
102.5141
102.5318
102.5255
102.5391
102.5439
102.5451
102.5496
102.5512
102.5554
102.561
102.5649
102.5683
102.572
102.5756
102.5778
102.5855
102.5836
102.5928
102.5933
102.599
102.6046
102.6091
102.6118
102.6166
102.6215
102.6242
102.6275
102.6318
102.6336
102.6395
102.6396
102.6471
102.647
102.6548
102.6543
102.6649
102.6617
102.6728
102.6715
102.6848
102.6856
102.6913
102.6931
102.6981
102.6994
102.7047
102.7057
102.7114
102.7119
102.7182
102.7182
102.7262
102.7258
102.7342
102.7335
102.741
102.7411
102.7477
102.7478
102.7557
102.7542
102.7653
102.7607
102.7721
102.7673
102.7788
102.7776
102.7856
102.7843
102.7924
102.7909
102.7991
102.7989
102.8059
102.8057
102.8127
102.8124
102.8195
102.8192
102.8274
102.826
102.8342
102.834
102.841
102.8408
102.8478
102.8476
102.8546
102.8544
102.8613
102.8612
102.8681
102.8679
102.8748
102.8747
102.8816
102.8815
102.8884
102.8883
102.8952
102.895
102.9019
102.9018
102.9099
102.9086
102.9179
102.9154
102.9259
102.9221
102.9327
102.9289
102.9394
102.937
102.9462
102.9449
102.9529
102.9517
102.9609
102.9585
102.9689
102.9665
102.9757
102.9733
102.9825
102.98
102.9892
102.9868
102.996
102.9936
103.0027
103.0003
103.0107
103.0071
103.0175
103.0139
103.0242
103.0207
103.031
103.0287
103.0378
103.0355
103.0445
103.0423
103.0513
103.049
103.0581
103.0558
103.0648
103.0626
103.0716
103.0693
103.0784
103.0773
103.0863
103.0841
103.0931
103.0909
103.0999
103.0976
103.1067
103.1044
103.1134
103.1111
103.1202
103.1179
103.127
103.1247
103.1338
103.1314
103.1406
103.1382
103.1474
103.1462
103.1541
103.153
103.1609
103.1597
103.1677
103.1665
103.1744
103.1733
103.1812
103.18
103.188
103.1868
103.1948
103.1936
103.2015
103.2003
103.2083
103.2071
103.2151
103.2139
103.2219
103.2206
103.2286
103.2274
103.2354
103.2342
103.2422
103.2409
103.2489
103.2477
103.2557
103.2544
103.2625
103.2612
103.2693
103.268
103.2761
103.2747
103.2828
103.2815
103.2896
103.2883
103.2964
103.2951
103.3031
103.3018
103.3099
103.3086
103.3167
103.3154
103.3234
103.3221
103.3302
103.3289
103.3369
103.3357
103.3437
103.3424
103.3504
103.3492
103.3572
103.356
103.364
103.3627
103.3707
103.3695
103.3775
103.3763
103.3842
103.383
103.391
103.3898
103.3978
103.3966
103.4045
103.4034
103.4113
103.4101
103.418
103.4169
103.4248
103.4237
103.4315
103.4304
103.4383
103.4372
103.4451
103.444
103.4518
103.4507
103.4585
103.4575
103.4653
103.4643
103.4721
103.471
103.4788
103.4778
103.4855
103.4846
103.4923
103.4913
103.499
103.4981
103.5058
103.5049
103.5126
103.5117
103.5193
103.5184
103.526
103.5252
103.5328
103.532
103.5395
103.5387
103.5463
103.5455
103.553
103.5522
103.5598
103.559
103.5665
103.5658
103.5733
103.5725
103.58
103.5793
103.5868
103.5861
103.5936
103.5928
103.6003
103.5996
103.607
103.6063
103.6138
103.6131
103.6206
103.6199
103.6273
103.6266
103.634
103.6333
103.6408
103.6401
103.6476
103.6468
103.6543
103.6536
103.6611
103.6604
103.6678
103.6671
103.6746
103.6739
103.6813
103.6806
103.6881
103.6874
103.6948
103.6941
103.7016
103.7009
103.7083
103.7076
103.715
103.7144
103.7218
103.7212
103.7285
103.7279
103.7353
103.7347
103.742
103.7414
103.7488
103.7482
103.7555
103.755
103.7623
103.7617
103.769
103.7685
103.7758
103.7752
103.7825
103.782
103.7893
103.7887
103.796
103.7955
103.8028
103.8022
103.8095
103.809
103.8163
103.8157
103.823
103.8225
103.8297
103.8292
103.8365
103.836
103.8432
103.8427
103.85
103.8495
103.8567
103.8562
103.8634
103.863
103.8702
103.8697
103.8769
103.8765
103.8837
103.8832
103.8904
103.89
103.8971
103.8967
103.9039
103.9035
103.9106
103.9102
103.9174
103.917
103.9241
103.9238
103.9308
103.9305
103.9376
103.9372
103.9443
103.944
103.951
103.9508
103.9578
103.9575
103.9645
103.9642
103.9713
103.971
103.978
103.9777
103.9847
103.9845
103.9915
103.9912
103.9982
103.998
104.005
104.0047
104.0117
104.0115
104.0184
104.0182
104.0252
104.025
104.0319
104.0317
104.0386
104.0385
104.0454
104.0452
104.0521
104.052
104.0589
104.0587
104.0656
104.0655
104.0723
104.0722
104.0791
104.079
104.0858
104.0857
104.0925
104.0925
104.0993
104.0992
104.106
104.106
104.1128
104.1127
104.1195
104.1195
104.1262
104.1262
104.133
104.133
104.1397
104.1397
104.1464
104.1465
104.1532
104.1532
104.1599
104.16
104.1666
104.1667
104.1734
104.1735
104.1801
104.1802
104.1869
104.187
104.1936
104.1937
104.2003
104.2004
104.2071
104.2072
104.2138
104.2139
104.2205
104.2207
104.2273
104.2274
104.234
104.2342
104.2407
104.2409
104.2475
104.2477
104.2542
104.2544
104.2609
104.2611
104.2677
104.2679
104.2744
104.2746
104.2812
104.2814
104.2879
104.2881
104.2946
104.2948
104.3014
104.3016
104.3081
104.3083
104.3148
104.3151
104.3216
104.3218
104.3283
104.3286
104.3351
104.3353
104.3418
104.342
104.3485
104.3488
104.3553
104.3555
104.362
104.3623
104.3687
104.369
104.3755
104.3757
104.3822
104.3825
104.3889
104.3892
104.3957
104.396
104.4024
104.4027
104.4092
104.4095
104.4159
104.4162
104.4226
104.423
104.4294
104.4297
104.4361
104.4364
104.4429
104.4432
104.4496
104.4499
104.4563
104.4567
104.4631
104.4634
104.4698
104.4702
104.4766
104.4769
104.4833
104.4837
104.49
104.4904
104.4968
104.4971
104.5035
104.5039
104.5102
104.5106
104.517
104.5174
104.5237
104.5241
104.5304
104.5309
104.5372
104.5376
104.5439
104.5443
104.5507
104.5511
104.5574
104.5579
104.5641
104.5646
104.5709
104.5713
104.5776
104.5781
104.5843
104.5848
104.5911
104.5916
104.5978
104.5983
104.6046
104.6051
104.6113
104.6118
104.618
104.6186
104.6248
104.6253
104.6315
104.6321
104.6382
104.6388
104.645
104.6456
104.6517
104.6523
104.6584
104.6591
104.6652
104.6658
104.6719
104.6726
104.6787
104.6793
104.6854
104.6861
104.6921
104.6928
104.6989
104.6996
104.7056
104.7063
104.7123
104.7131
104.7191
104.7198
104.7258
104.7265
104.7326
104.7333
104.7393
104.74
104.746
104.7468
104.7528
104.7535
104.7595
104.7603
104.7663
104.767
104.773
104.7738
104.7797
104.7805
104.7865
104.7873
104.7932
104.794
104.8
104.8008
104.8067
104.8075
104.8134
104.8142
104.8202
104.821
104.8269
104.8277
104.8336
104.8345
104.8404
104.8412
104.8471
104.848
104.8539
104.8547
104.8606
104.8615
104.8673
104.8682
104.8741
104.8749
104.8808
104.8817
104.8875
104.8884
104.8943
104.8952
104.901
104.9019
104.9077
104.9087
104.9145
104.9154
104.9212
104.9222
104.9279
104.9289
104.9347
104.9357
104.9414
104.9424
104.9482
104.9492
104.9549
104.9559
104.9616
104.9627
104.9684
104.9694
104.9751
104.9762
104.9818
104.9829
104.9886
104.9896
104.9953
104.9964
105.0021
105.0031
105.0088
105.0099
105.0155
105.0166
105.0223
105.0234
105.029
105.0301
105.0357
105.0369
105.0425
105.0436
105.0492
105.0503
105.0559
105.0571
105.0627
105.0638
105.0694
105.0706
105.0762
105.0773
105.0829
105.0841
105.0896
105.0908
105.0964
105.0976
105.1031
105.1043
105.1098
105.1111
105.1166
105.1178
105.1233
105.1245
105.1301
105.1313
105.1368
105.138
105.1435
105.1448
105.1503
105.1515
105.157
105.1582
105.1637
105.165
105.1705
105.1717
105.1772
105.1785
105.184
105.1852
105.1907
105.192
105.1974
105.1987
105.2042
105.2055
105.2109
105.2122
105.2176
105.2189
105.2244
105.2257
105.2311
105.2324
105.2378
105.2392
105.2446
105.2459
105.2513
105.2527
105.258
105.2594
105.2648
105.2662
105.2715
105.2729
105.2783
105.2796
105.285
105.2864
105.2917
105.2931
105.2985
105.2999
105.3052
105.3066
105.3119
105.3134
105.3187
105.3201
105.3254
105.3269
105.3322
105.3336
105.3389
105.3403
105.3456
105.3471
105.3524
105.3538
105.3591
105.3606
105.3658
105.3673
105.3726
105.3741
105.3793
105.3808
105.3861
105.3875
105.3928
105.3943
105.3995
105.401
105.4063
105.4078
105.413
105.4145
105.4197
105.4212
105.4265
105.428
105.4332
105.4347
105.44
105.4415
105.4467
105.4482
105.4535
105.4549
105.4602
105.4617
105.4669
105.4685
105.4737
105.4752
105.4804
105.4819
105.4871
105.4887
105.4939
105.4954
105.5006
105.5022
105.5073
105.5089
105.5141
105.5157
105.5208
105.5224
105.5276
105.5292
105.5343
105.5359
105.541
105.5427
105.5478
105.5494
105.5545
105.5562
105.5612
105.5629
105.568
105.5696
105.5747
105.5764
105.5815
105.5831
105.5882
105.5899
105.5949
105.5966
105.6017
105.6034
105.6084
105.6101
105.6151
105.6168
105.6219
105.6236
105.6286
105.6303
105.6354
105.6371
105.6421
105.6438
105.6488
105.6505
105.6556
105.6573
105.6623
105.664
105.669
105.6708
105.6758
105.6775
105.6825
105.6842
105.6892
105.691
105.696
105.6977
105.7027
105.7044
105.7095
105.7112
105.7162
105.7179
105.7229
105.7246
105.7297
105.7314
105.7364
105.7381
105.7431
105.7449
105.7499
105.7516
105.7566
105.7583
105.7634
105.7651
105.7701
105.7718
105.7768
105.7786
105.7836
105.7853
105.7903
105.7921
105.797
105.7988
105.8038
105.8055
105.8105
105.8123
105.8172
105.819
105.824
105.8258
105.8307
105.8325
105.8374
105.8393
105.8442
105.846
105.8509
105.8528
105.8576
105.8595
105.8643
105.8662
105.8711
105.873
105.8778
105.8797
105.8846
105.8865
105.8913
105.8932
105.898
105.9
105.9047
105.9067
105.9115
105.9135
105.9182
105.9202
105.925
105.9269
105.9317
105.9337
105.9384
105.9404
105.9452
105.9472
105.9519
105.9539
105.9587
105.9607
105.9654
105.9674
105.9721
105.9742
105.9789
105.9809
105.9856
105.9876
105.9923
105.9944
105.9991
106.0011
106.0058
106.0079
106.0126
106.0146
106.0193
106.0213
106.026
106.0281
106.0328
106.0348
106.0395
106.0416
106.0462
106.0483
106.053
106.0551
106.0597
106.0618
106.0665
106.0685
106.0732
106.0753
106.0799
106.082
106.0867
106.0888
106.0934
106.0955
106.1002
106.1023
106.1069
106.109
106.1136
106.1158
106.1204
106.1225
106.1271
106.1292
106.1338
106.136
106.1406
106.1427
106.1473
106.1495
106.154
106.1562
106.1608
106.163
106.1675
106.1697
106.1742
106.1765
106.181
106.1832
106.1877
106.1899
106.1945
106.1967
106.2012
106.2034
106.2079
106.2102
106.2147
106.2169
106.2214
106.2237
106.2281
106.2304
106.2349
106.2371
106.2416
106.2439
106.2483
106.2506
106.2551
106.2574
106.2618
106.2641
106.2685
106.2709
106.2753
106.2776
106.282
106.2843
106.2888
106.2911
106.2955
106.2978
106.3022
106.3046
106.309
106.3113
106.3157
106.318
106.3225
106.3248
106.3292
106.3315
106.3359
106.3383
106.3427
106.345
106.3494
106.3518
106.3561
106.3585
106.3629
106.3652
106.3696
106.372
106.3764
106.3787
106.3831
106.3855
106.3898
106.3922
106.3966
106.3989
106.4033
106.4057
106.41
106.4124
106.4168
106.4192
106.4235
106.4259
106.4303
106.4326
106.437
106.4394
106.4437
106.4461
106.4505
106.4529
106.4572
106.4596
106.4639
106.4664
106.4707
106.4731
106.4774
106.4799
106.4842
106.4866
106.4909
106.4933
106.4976
106.5001
106.5043
106.5068
106.5111
106.5136
106.5178
106.5203
106.5246
106.527
106.5313
106.5338
106.538
106.5405
106.5448
106.5473
106.5515
106.554
106.5582
106.5608
106.565
106.5675
106.5717
106.5742
106.5784
106.581
106.5852
106.5877
106.5919
106.5945
106.5986
106.6012
106.6054
106.608
106.6121
106.6147
106.6189
106.6215
106.6256
106.6282
106.6323
106.6349
106.6391
106.6417
106.6458
106.6484
106.6525
106.6552
106.6593
106.6619
106.666
106.6686
106.6727
106.6754
106.6795
106.6821
106.6862
106.6889
106.6929
106.6956
106.6997
106.7023
106.7064
106.7091
106.7132
106.7158
106.7199
106.7226
106.7266
106.7293
106.7334
106.7361
106.7401
106.7428
106.7468
106.7495
106.7536
106.7563
106.7603
106.763
106.767
106.7698
106.7738
106.7765
106.7805
106.7832
106.7872
106.79
106.794
106.7967
106.8007
106.8035
106.8074
106.8102
106.8142
106.817
106.8209
106.8237
106.8277
106.8304
106.8344
106.8372
106.8411
106.8439
106.8479
106.8506
106.8546
106.8574
106.8613
106.8641
106.8681
106.8709
106.8748
106.8776
106.8815
106.8844
106.8883
106.8911
106.895
106.8978
106.9017
106.9046
106.9085
106.9113
106.9152
106.9181
106.9219
106.9248
106.9286
106.9315
106.9354
106.9383
106.9421
106.945
106.9488
106.9517
106.9556
106.9585
106.9623
106.9652
106.969
106.972
106.9758
106.9787
106.9825
106.9854
106.9893
106.9922
106.996
106.9989
107.0027
107.0056
107.0095
107.0124
107.0162
107.0191
107.0229
107.0258
107.0297
107.0326
107.0364
107.0393
107.0431
107.0461
107.0499
107.0528
107.0566
107.0595
107.0633
107.0663
107.0701
107.073
107.0768
107.0798
107.0835
107.0865
107.0903
107.0933
107.097
107.1
107.1037
107.1067
107.1105
107.1135
107.1172
107.1202
107.1239
107.127
107.1307
107.1337
107.1374
107.1404
107.1441
107.1472
107.1509
107.1539
107.1576
107.1607
107.1643
107.1674
107.1711
107.1742
107.1778
107.1809
107.1845
107.1877
107.1913
107.1944
107.198
107.2011
107.2047
107.2079
107.2114
107.2146
107.2182
107.2214
107.2249
107.2281
107.2317
107.2348
107.2384
107.2416
107.2451
107.2483
107.2518
107.2551
107.2586
107.2618
107.2653
107.2685
107.272
107.2753
107.2788
107.282
107.2855
107.2888
107.2923
107.2955
107.299
107.3023
107.3057
107.309
107.3125
107.3157
107.3192
107.3225
107.3259
107.3292
107.3327
107.336
107.3394
107.3427
107.3461
107.3494
107.3529
107.3562
107.3596
107.3629
107.3663
107.3697
107.3731
107.3764
107.3798
107.3832
107.3865
107.3899
107.3933
107.3967
107.4
107.4034
107.4068
107.4101
107.4135
107.4169
107.4202
107.4236
107.427
107.4304
107.4337
107.4371
107.4404
107.4438
107.4472
107.4506
107.4539
107.4573
107.4606
107.4641
107.4674
107.4708
107.4741
107.4776
107.4809
107.4843
107.4876
107.491
107.4943
107.4978
107.5011
107.5045
107.5078
107.5113
107.5145
107.518
107.5213
107.5247
107.528
107.5315
107.5347
107.5382
107.5415
107.545
107.5482
107.5517
107.5549
107.5584
107.5617
107.5652
107.5684
107.5719
107.5751
107.5787
107.5819
107.5854
107.5886
107.5921
107.5953
107.5989
107.6021
107.6056
107.6088
107.6124
107.6155
107.6191
107.6223
107.6258
107.629
107.6326
107.6357
107.6393
107.6425
107.6461
107.6492
107.6528
107.656
107.6595
107.6627
107.6663
107.6694
107.673
107.6762
107.6798
107.6829
107.6865
107.6896
107.6933
107.6964
107.7
107.7031
107.7067
107.7098
107.7135
107.7166
107.7202
107.7233
107.727
107.7301
107.7337
107.7368
107.7404
107.7435
107.7472
107.7503
107.7539
107.757
107.7607
107.7637
107.7674
107.7705
107.7741
107.7772
107.7809
107.784
107.7876
107.7907
107.7944
107.7974
107.8011
107.8042
107.8079
107.8109
107.8146
107.8176
107.8213
107.8244
107.8281
107.8311
107.8348
107.8379
107.8416
107.8446
107.8483
107.8513
107.8551
107.858
107.8618
107.8648
107.8685
107.8715
107.8753
107.8783
107.882
107.885
107.8888
107.8917
107.8955
107.8985
107.9023
107.9052
107.909
107.9119
107.9157
107.9187
107.9224
107.9254
107.9292
107.9321
107.9359
107.9389
107.9427
107.9456
107.9494
107.9523
107.9562
107.959
107.9629
107.9658
107.9696
107.9725
107.9764
107.9792
107.9831
107.986
107.9899
107.9927
107.9966
107.9994
108.0033
108.0062
108.0101
108.0145
108.0168
108.0213
108.0236
108.028
108.0303
108.0348
108.0371
108.0415
108.0438
108.0482
108.0505
108.055
108.0573
108.0617
108.064
108.0684
108.0708
108.0752
108.0775
108.0819
108.0843
108.0886
108.091
108.0954
108.0977
108.1021
108.1045
108.1088
108.1112
108.1156
108.118
108.1223
108.1247
108.129
108.1315
108.1357
108.1382
108.1425
108.145
108.1492
108.1517
108.156
108.1584
108.1627
108.1652
108.1694
108.1719
108.1762
108.1786
108.1829
108.1854
108.1896
108.1921
108.1964
108.1989
108.2031
108.2056
108.2098
108.2123
108.2166
108.2191
108.2233
108.2258
108.23
108.2326
108.2368
108.2393
108.2435
108.2461
108.2502
108.2528
108.257
108.2595
108.2637
108.2663
108.2704
108.273
108.2772
108.2798
108.2839
108.2865
108.2906
108.2933
108.2974
108.3
108.3041
108.3067
108.3109
108.3135
108.3176
108.3202
108.3243
108.327
108.3311
108.3337
108.3378
108.3405
108.3445
108.3472
108.3512
108.354
108.358
108.3607
108.3647
108.3674
108.3715
108.3742
108.3782
108.3809
108.3849
108.3877
108.3917
108.3944
108.3984
108.4012
108.4051
108.4079
108.4119
108.4146
108.4186
108.4214
108.4253
108.4281
108.4321
108.4349
108.4388
108.4416
108.4455
108.4483
108.4523
108.4551
108.459
108.4618
108.4657
108.4686
108.4725
108.4753
108.4792
108.4821
108.4859
108.4888
108.4927
108.4955
108.4994
108.5023
108.5061
108.509
108.5128
108.5157
108.5196
108.5225
108.5263
108.5292
108.5331
108.5359
108.5398
108.5427
108.5465
108.5494
108.5533
108.5561
108.56
108.5629
108.5667
108.5696
108.5735
108.5763
108.5802
108.5831
108.5869
108.5898
108.5937
108.5965
108.6004
108.6033
108.6071
108.61
108.6139
108.6168
108.6206
108.6235
108.6273
108.6302
108.6341
108.637
108.6408
108.6437
108.6476
108.6505
108.6543
108.6572
108.661
108.6639
108.6677
108.6707
108.6745
108.6774
108.6829
108.6842
108.6896
108.6909
108.6964
108.6976
108.7031
108.7044
108.7098
108.7111
108.7166
108.7178
108.7233
108.7246
108.73
108.7313
108.7368
108.7381
108.7435
108.7448
108.7502
108.7515
108.757
108.7583
108.7637
108.765
108.7704
108.7718
108.7772
108.7785
108.7839
108.7852
108.7906
108.792
108.7974
108.7987
108.8041
108.8055
108.8108
108.8122
108.8176
108.8189
108.8243
108.8257
108.831
108.8324
108.8378
108.8391
108.8445
108.8459
108.8512
108.8526
108.8579
108.8594
108.8647
108.8661
108.8714
108.8728
108.8781
108.8796
108.8848
108.8863
108.8916
108.8931
108.8983
108.8998
108.9051
108.9066
108.9118
108.9133
108.9185
108.92
108.9252
108.9268
108.932
108.9335
108.9387
108.9402
108.9454
108.947
108.9522
108.9537
108.9589
108.9605
108.9656
108.9672
108.9724
108.9739
108.9791
108.9807
108.9858
108.9874
108.9926
108.9942
108.9993
109.0009
109.006
109.0077
109.0128
109.0144
109.0195
109.0211
109.0262
109.0279
109.033
109.0346
109.0397
109.0414
109.0464
109.0481
109.0532
109.0548
109.0599
109.0616
109.0666
109.0683
109.0734
109.0751
109.0801
109.0818
109.0868
109.0885
109.0936
109.0953
109.1003
109.102
109.107
109.1088
109.1138
109.1155
109.1205
109.1222
109.1273
109.129
109.134
109.1357
109.1407
109.1425
109.1475
109.1492
109.1542
109.156
109.1609
109.1627
109.1677
109.1694
109.1744
109.1762
109.1811
109.1829
109.1879
109.1897
109.1946
109.1964
109.2013
109.2031
109.2081
109.2099
109.2148
109.2166
109.2215
109.2234
109.2283
109.2301
109.235
109.2368
109.2417
109.2436
109.2485
109.2503
109.2552
109.257
109.2619
109.2638
109.2687
109.2705
109.2754
109.2773
109.2822
109.284
109.2889
109.2908
109.2956
109.2975
109.3024
109.3043
109.3091
109.311
109.3158
109.3177
109.3226
109.3245
109.3293
109.3312
109.336
109.338
109.3428
109.3447
109.3495
109.3515
109.3562
109.3582
109.363
109.365
109.3697
109.3717
109.3764
109.3784
109.3832
109.3852
109.3899
109.3919
109.3966
109.3987
109.4034
109.4054
109.4101
109.4122
109.4168
109.4189
109.4236
109.4257
109.4303
109.4324
109.437
109.4391
109.4438
109.4459
109.4505
109.4526
109.4573
109.4594
109.464
109.4661
109.4707
109.4728
109.4775
109.4796
109.4842
109.4863
109.4909
109.493
109.4977
109.4998
109.5044
109.5065
109.5111
109.5133
109.5179
109.52
109.5246
109.5267
109.5313
109.5335
109.5381
109.5402
109.5448
109.547
109.5516
109.5537
109.5583
109.5604
109.565
109.5672
109.5718
109.5739
109.5785
109.5806
109.5852
109.5874
109.592
109.5941
109.5987
109.6009
109.6054
109.6076
109.6122
109.6144
109.6189
109.6211
109.6256
109.6278
109.6324
109.6346
109.6391
109.6413
109.6458
109.6481
109.6526
109.6548
109.6593
109.6616
109.666
109.6683
109.6728
109.675
109.6795
109.6818
109.6862
109.6885
109.6929
109.6953
109.6997
109.702
109.7064
109.7087
109.7132
109.7155
109.7199
109.7222
109.7266
109.729
109.7333
109.7357
109.7401
109.7424
109.7468
109.7492
109.7535
109.7559
109.7603
109.7627
109.767
109.7694
109.7738
109.7762
109.7805
109.7829
109.7872
109.7896
109.794
109.7964
109.8007
109.8031
109.8074
109.8098
109.8142
109.8166
109.8209
109.8233
109.8276
109.83
109.8344
109.8368
109.8411
109.8435
109.8478
109.8503
109.8546
109.857
109.8613
109.8637
109.868
109.8705
109.8748
109.8772
109.8815
109.884
109.8882
109.8907
109.895
109.8974
109.9017
109.9042
109.9084
109.9109
109.9152
109.9176
109.9219
109.9244
109.9286
109.9311
109.9354
109.9379
109.9421
109.9446
109.9488
109.9513
109.9556
109.9581
109.9623
109.9648
109.969
109.9716
109.9758
109.9783
109.9825
109.985
109.9892
109.9918
109.9959
109.9985
110.0027
110.0053
