10.01029
10.01002
10.01703
10.01675
10.02378
10.02349
10.03052
10.03023
10.03726
10.03696
10.044
10.0437
10.05074
10.05044
10.05748
10.05718
10.06422
10.06391
10.07214
10.07065
10.08562
10.07739
10.09235
10.08413
10.09909
10.09087
10.13953
10.0976
10.15975
10.10434
10.16649
10.11107
10.17323
10.11781
10.17997
10.12455
10.18671
10.13128
10.19344
10.13802
10.20018
10.14476
10.20692
10.15268
10.21366
10.15942
10.2204
10.16615
10.22714
10.17289
10.23388
10.17963
10.24062
10.18636
10.24736
10.1931
10.2541
10.19984
10.26084
10.20657
10.27433
10.21331
10.28107
10.22004
10.28781
10.22678
10.29455
10.23351
10.30129
10.24024
10.30803
10.24698
10.31477
10.25371
10.32151
10.2633
10.32825
10.27003
10.335
10.27676
10.34848
10.28349
10.35522
10.29023
10.36196
10.29697
10.3687
10.3037
10.37544
10.31044
10.38219
10.31718
10.38893
10.32391
10.39567
10.33064
10.40241
10.33738
10.40915
10.34412
10.41708
10.35085
10.42382
10.35759
10.43057
10.36432
10.43731
10.37106
10.44405
10.37779
10.4508
10.38453
10.45753
10.39126
10.46427
10.398
10.47101
10.40473
10.47774
10.41147
10.48448
10.4182
10.49122
10.42493
10.49795
10.43167
10.5047
10.43841
10.51143
10.44514
10.51818
10.45188
10.52492
10.45861
10.53166
10.46535
10.53841
10.47208
10.54515
10.47881
10.55189
10.48555
10.55863
10.49228
10.56538
10.5002
10.57212
10.50693
10.57887
10.51366
10.58561
10.5204
10.59235
10.52713
10.5991
10.53386
10.60584
10.5406
10.61258
10.54733
10.61933
10.55406
10.62607
10.5608
10.63281
10.56753
10.63956
10.57426
10.65305
10.58099
10.65979
10.58773
10.66654
10.59446
10.68003
10.6012
10.68678
10.60793
10.69352
10.61466
10.70027
10.62139
10.70701
10.62812
10.71375
10.63485
10.7205
10.64159
10.72724
10.64832
10.73399
10.65505
10.75421
10.66178
10.76096
10.6685
10.79468
10.67523
10.80262
10.68197
10.82284
10.6887
10.82959
10.69543
10.83634
10.70216
10.84308
10.70889
10.84983
10.71563
10.85658
10.72237
10.86332
10.7291
10.87006
10.73583
10.87681
10.74256
10.88355
10.74929
10.8903
10.75602
10.90378
10.76276
10.91173
10.76949
10.92521
10.77621
10.93195
10.78294
10.93869
10.78968
10.94544
10.79641
10.95218
10.80315
10.9859
10.80988
10.99264
10.81661
11.01285
10.82333
11.06002
10.83006
11.06676
10.83679
11.0735
10.84637
11.08024
10.85309
11.10046
10.85983
11.1072
10.86656
11.11394
10.87329
11.12068
10.88001
11.12742
10.88674
11.13416
10.89347
11.14089
10.90019
11.14882
10.90692
11.15555
10.91364
11.16229
10.92036
11.16902
10.92709
11.17576
10.93382
11.1825
10.94055
11.18924
10.94727
11.19598
10.95399
11.20271
10.96072
11.20945
10.96745
11.21618
10.97417
11.22292
10.9809
11.22966
10.98762
11.23639
10.99435
11.24313
11.00108
11.24986
11.0078
11.2566
11.01453
11.26334
11.02126
11.27008
11.02798
11.27682
11.03471
11.28355
11.04144
11.29029
11.04817
11.29703
11.05489
11.30377
11.06162
11.3105
11.06835
11.31724
11.07507
11.32397
11.0818
11.33071
11.08852
11.33745
11.09525
11.34419
11.10197
11.35092
11.10869
11.35766
11.11542
11.3644
11.12214
11.37114
11.12887
11.37788
11.1356
11.38461
11.14233
11.39136
11.14905
11.39809
11.15578
11.40483
11.16251
11.41157
11.16924
11.41831
11.17597
11.42505
11.18269
11.43178
11.18942
11.43852
11.19614
11.44526
11.20287
11.45199
11.2096
11.45873
11.21633
11.46546
11.22305
11.47219
11.22978
11.47893
11.23651
11.48566
11.24325
11.49239
11.24997
11.49913
11.2567
11.50586
11.26629
11.5126
11.27302
11.51933
11.27975
11.52607
11.28649
11.53281
11.29323
11.53954
11.29997
11.54627
11.3067
11.55301
11.31344
11.55974
11.32018
11.56647
11.32692
11.5732
11.33366
11.57993
11.34039
11.58666
11.34713
11.59339
11.35387
11.60012
11.36061
11.60686
11.36735
11.61358
11.37409
11.62031
11.38083
11.62704
11.38757
11.63377
11.39431
11.6405
11.40105
11.64722
11.40779
11.66068
11.41453
11.66741
11.42127
11.67413
11.43082
11.68086
11.43755
11.68758
11.44429
11.69431
11.45104
11.70104
11.45778
11.71449
11.46452
11.72122
11.47126
11.72795
11.478
11.73468
11.48474
11.7414
11.49148
11.74813
11.49822
11.75486
11.50496
11.76159
11.51171
11.76832
11.51845
11.77504
11.52519
11.78177
11.53193
11.7885
11.53867
11.79523
11.54541
11.80196
11.55215
11.80868
11.55888
11.81541
11.5656
11.82213
11.57233
11.82886
11.57905
11.83558
11.58578
11.8423
11.59251
11.84903
11.59923
11.85576
11.60596
11.86248
11.61269
11.86921
11.61942
11.87594
11.62614
11.88266
11.63287
11.88939
11.6396
11.89612
11.64632
11.90286
11.65304
11.90959
11.65977
11.91632
11.6665
11.92304
11.67323
11.92977
11.67995
11.93651
11.68667
11.94324
11.6934
11.94997
11.70013
11.9567
11.70685
11.96343
11.71358
11.97016
11.72031
11.97688
11.72704
11.98362
11.73377
11.99035
11.74049
11.99708
11.74722
12.00381
11.75395
12.01055
11.76068
12.01728
11.7674
12.02401
11.77413
12.03074
11.78086
12.03747
11.78759
12.04422
11.79432
12.05095
11.80105
12.05768
11.80778
12.06441
11.81451
12.07115
11.82124
12.07788
11.82797
12.08461
11.83589
12.09134
11.84262
12.09807
11.84945
12.1048
11.85618
12.11153
11.86291
12.11825
11.86964
12.12499
11.87638
12.13171
11.88311
12.13963
11.88984
12.14636
11.89657
12.15309
11.90329
12.15982
11.91002
12.16655
11.91674
12.17328
11.92347
12.18001
11.9302
12.18674
11.93694
12.19347
11.94367
12.20021
11.9504
12.20694
11.95713
12.21367
11.96386
12.2204
11.9706
12.22714
11.97733
12.23387
11.98407
12.2406
11.99079
12.24733
11.99752
12.25406
12.00425
12.26079
12.01098
12.26752
12.01772
12.27425
12.02445
12.28098
12.03118
12.28771
12.03792
12.29445
12.04465
12.30118
12.05138
12.30791
12.05811
12.31463
12.06485
12.32136
12.07158
12.32809
12.07831
12.33482
12.08504
12.34156
12.09177
12.34829
12.0985
12.35502
12.10524
12.36174
12.11197
12.36847
12.1187
12.37521
12.12543
12.38194
12.13216
12.38867
12.1389
12.3954
12.14563
12.40213
12.15237
12.40885
12.1591
12.41558
12.16583
12.4223
12.17256
12.42903
12.1793
12.43576
12.18603
12.44249
12.19276
12.44922
12.19949
12.45595
12.20622
12.46268
12.21295
12.4694
12.21968
12.47612
12.22642
12.48285
12.23315
12.48958
12.23987
12.4963
12.2466
12.50303
12.25333
12.50975
12.26006
12.51648
12.26679
12.52321
12.27352
12.52994
12.28025
12.53667
12.28698
12.5434
12.29371
12.55012
12.30163
12.55685
12.30835
12.56357
12.31508
12.5703
12.32181
12.57702
12.32854
12.58375
12.33527
12.59048
12.34199
12.5972
12.34872
12.60393
12.35545
12.61066
12.36218
12.61739
12.3689
12.62412
12.37563
12.63085
12.38236
12.63758
12.38909
12.6443
12.39582
12.65103
12.40255
12.65776
12.40928
12.66448
12.41601
12.67121
12.42273
12.67795
12.42945
12.68467
12.43618
12.6914
12.4429
12.69813
12.44962
12.70486
12.45634
12.71159
12.46307
12.71832
12.46979
12.72505
12.47651
12.73177
12.48324
12.73851
12.48997
12.74524
12.4967
12.75197
12.50343
12.7587
12.51015
12.76543
12.51689
12.77216
12.52361
12.77889
12.53034
12.78562
12.53707
12.79235
12.5438
12.79908
12.55053
12.80582
12.55726
12.81255
12.56398
12.81928
12.57071
12.82602
12.57744
12.83275
12.58417
12.83948
12.5909
12.84621
12.59763
12.85295
12.60435
12.85968
12.61108
12.8664
12.61781
12.87313
12.62454
12.87985
12.63127
12.88658
12.638
12.89332
12.64472
12.90005
12.65146
12.90678
12.65818
12.91351
12.66491
12.92025
12.67164
12.92698
12.67837
12.93371
12.6851
12.94045
12.69183
12.94718
12.69856
12.95392
12.70529
12.96064
12.71202
12.96738
12.71875
12.97411
12.72548
12.98085
12.73221
12.98758
12.73894
12.99431
12.74567
13.00105
12.75241
13.00778
12.75913
13.01451
12.76586
13.02124
12.77259
13.02798
12.77932
13.03472
12.78605
13.04145
12.79278
13.04819
12.79951
13.05492
12.80624
13.06165
12.81297
13.06839
12.8197
13.08185
12.82643
13.09532
12.83317
13.10206
12.83989
13.10879
12.84662
13.11552
12.85334
13.12225
12.86007
13.12899
12.86679
13.13572
12.87351
13.14246
12.88023
13.14919
12.88696
13.15593
12.89368
13.16266
12.90042
13.1694
12.90715
13.17613
12.91388
13.18286
12.9206
13.18959
12.92733
13.19632
12.93406
13.20305
12.94079
13.20978
12.94752
13.21651
12.95425
13.22324
12.96098
13.22996
12.96771
13.23669
12.97443
13.24342
12.98116
13.25015
12.98789
13.25688
12.99462
13.26362
13.00135
13.27035
13.00808
13.27708
13.01481
13.28381
13.02154
13.29054
13.02827
13.29728
13.035
13.30401
13.04174
13.31074
13.04847
13.31747
13.0552
13.3242
13.06193
13.33093
13.06866
13.33766
13.0754
13.3444
13.08212
13.35113
13.08885
13.35786
13.09558
13.36459
13.10231
13.37132
13.10905
13.37805
13.11578
13.38478
13.12251
13.39152
13.12924
13.39824
13.13598
13.40497
13.14271
13.41171
13.14944
13.41843
13.15617
13.42516
13.1629
13.43189
13.16963
13.43862
13.17636
13.44535
13.1831
13.45208
13.18983
13.45881
13.19656
13.46554
13.20329
13.47227
13.21002
13.479
13.21675
13.48573
13.22347
13.49246
13.2302
13.4992
13.23692
13.50592
13.24365
13.51266
13.25038
13.51939
13.25711
13.52612
13.26385
13.53285
13.27058
13.53959
13.27731
13.54631
13.28404
13.55304
13.29077
13.55977
13.2975
13.5665
13.30423
13.57323
13.31096
13.57996
13.3177
13.58669
13.32443
13.59341
13.33116
13.60014
13.33789
13.60686
13.34463
13.61359
13.35136
13.62032
13.35809
13.62706
13.36482
13.63379
13.37156
13.64051
13.37829
13.64724
13.38502
13.65397
13.39176
13.6607
13.39849
13.66742
13.40522
13.67415
13.41195
13.68088
13.41868
13.68761
13.42541
13.69434
13.43214
13.70107
13.43887
13.70779
13.4456
13.71452
13.45233
13.72125
13.45906
13.72798
13.46579
13.73471
13.47252
13.74144
13.47925
13.74817
13.48598
13.7549
13.49271
13.76163
13.49943
13.76836
13.50616
13.77509
13.51289
13.78182
13.51962
13.78855
13.52635
13.79529
13.53308
13.80201
13.53981
13.80875
13.54653
13.81548
13.55326
13.82221
13.55999
13.82894
13.56672
13.83567
13.57345
13.8424
13.58018
13.84913
13.5869
13.85586
13.59363
13.86259
13.60036
13.86931
13.60709
13.87604
13.61382
13.88277
13.62055
13.8895
13.62728
13.89623
13.63401
13.90296
13.64074
13.90969
13.64746
13.91642
13.65419
13.92314
13.66092
13.92987
13.66765
13.93659
13.67438
13.94332
13.68111
13.95004
13.68784
13.95677
13.69458
13.9635
13.70131
13.97023
13.70805
13.97696
13.71478
13.98369
13.72151
13.99042
13.72824
13.99715
13.73498
14.00389
13.74171
14.01062
13.74844
14.01735
13.75518
14.02409
13.76191
14.03082
13.76865
14.03756
13.77538
14.04429
13.78211
14.05103
13.78885
14.05776
13.79558
14.0645
13.80231
14.07124
13.80904
14.07797
13.81578
14.08471
13.8225
14.09144
13.82924
14.09818
13.83597
14.10491
13.8427
14.11165
13.84943
14.11838
13.85616
14.12512
13.86289
14.13185
13.86963
14.13859
13.87636
14.14532
13.88309
14.15206
13.88983
14.15879
13.89656
14.16553
13.90329
14.17226
13.91002
14.179
13.91676
14.18573
13.92349
14.19247
13.93022
14.1992
13.93696
14.20594
13.94369
14.21268
13.95042
14.2194
13.95716
14.22613
13.9639
14.23286
13.97063
14.23959
13.97736
14.24756
13.98409
14.25429
13.99082
14.26103
13.99756
14.26777
14.00429
14.2745
14.01102
14.28124
14.01775
14.28797
14.02449
14.29471
14.03123
14.30144
14.03796
14.30818
14.0447
14.31491
14.05143
14.32286
14.05817
14.32959
14.06491
14.33633
14.07165
14.34306
14.07839
14.3498
14.08513
14.35653
14.09187
14.3645
14.09861
14.37123
14.10535
14.37797
14.11209
14.3847
14.11884
14.39144
14.12558
14.39817
14.13232
14.4049
14.13907
14.41164
14.14581
14.41838
14.15255
14.42633
14.1593
14.43306
14.16605
14.4398
14.17279
14.44653
14.17953
14.45327
14.18628
14.46
14.19677
14.46674
14.20351
14.47347
14.21025
14.4802
14.217
14.48693
14.22374
14.49367
14.23048
14.5004
14.23722
14.50713
14.24396
14.51386
14.25069
14.5206
14.25867
14.52734
14.2654
14.53407
14.27214
14.54081
14.27888
14.54874
14.28562
14.55548
14.29236
14.56221
14.2991
14.56895
14.30584
14.57569
14.31258
14.58243
14.31932
14.58916
14.32605
14.5959
14.3328
14.60264
14.33953
14.60938
14.34627
14.61611
14.35301
14.62285
14.36095
14.62958
14.36769
14.63631
14.37441
14.64304
14.38114
14.64978
14.38787
14.65651
14.39582
14.66325
14.40255
14.6712
14.40929
14.68074
14.41602
14.68748
14.42277
14.69421
14.4295
14.70095
14.43624
14.70769
14.44298
14.71442
14.44972
14.72115
14.45645
14.72789
14.46319
14.73462
14.46993
14.74136
14.47666
14.74809
14.4834
14.75483
14.49014
14.76157
14.49687
14.7683
14.50361
14.77504
14.51035
14.78177
14.51709
14.78851
14.52503
14.79525
14.533
14.8032
14.53973
14.80993
14.54647
14.81667
14.55441
14.8234
14.56115
14.83014
14.56788
14.83687
14.57462
14.8436
14.58135
14.85034
14.58808
14.85707
14.59482
14.8638
14.60279
14.87053
14.60952
14.87726
14.61626
14.88399
14.62417
14.89192
14.63091
14.89865
14.63764
14.90539
14.64437
14.91212
14.65111
14.91886
14.65784
14.9256
14.66457
14.93234
14.6713
14.93908
14.67804
14.94581
14.68477
14.95255
14.69273
14.95929
14.69946
14.96603
14.70619
14.97276
14.71293
14.97949
14.71966
14.98623
14.72639
14.99296
14.73312
14.9997
14.73986
15.00643
14.7466
15.01316
14.75333
15.0199
14.76007
15.02663
14.76681
15.03337
14.77354
15.0401
14.78028
15.04683
14.78701
15.05357
14.79375
15.0603
14.80168
15.06703
14.80842
15.07378
14.81515
15.0805
14.82189
15.08723
14.82863
15.09397
14.83537
15.1007
14.8421
15.10742
14.84883
15.11416
14.85556
15.12089
14.8623
15.12763
14.87024
15.13437
14.87697
15.1411
14.8837
15.14784
14.89043
15.15457
14.89717
15.16131
14.9039
15.16804
14.91063
15.17478
14.91736
15.18151
14.92409
15.18825
14.93083
15.19498
14.93756
15.20172
14.94429
15.20846
14.95102
15.21519
14.95775
15.22193
14.96448
15.22867
14.97121
15.23661
14.97916
15.24334
14.9859
15.25008
14.99263
15.25682
14.99936
15.26356
15.0061
15.27029
15.01283
15.27703
15.01957
15.28377
15.02748
15.29169
15.03421
15.29843
15.04095
15.30517
15.04768
15.31191
15.05442
15.31865
15.06115
15.32538
15.06789
15.33212
15.07463
15.33885
15.08136
15.34559
15.08809
15.35233
15.09483
15.35906
15.10157
15.3658
15.10831
15.37253
15.11504
15.37927
15.12178
15.38601
15.12851
15.39275
15.13525
15.39948
15.14199
15.40622
15.14873
15.41296
15.15546
15.41969
15.1622
15.42643
15.16893
15.43316
15.17567
15.4399
15.18241
15.44663
15.18915
15.45337
15.19588
15.4601
15.20262
15.46684
15.21056
15.47357
15.21729
15.48031
15.22402
15.48704
15.23075
15.49378
15.23749
15.50051
15.24423
15.50725
15.25096
15.51398
15.2577
15.52071
15.26444
15.52745
15.27118
15.53418
15.27792
15.54091
15.28465
15.54765
15.29139
15.55438
15.29812
15.56112
15.30485
15.56785
15.31159
15.57458
15.31832
15.58251
15.32505
15.58925
15.33178
15.59598
15.33971
15.60272
15.34644
15.60946
15.35318
15.61619
15.35991
15.62293
15.37036
15.62967
15.37709
15.6364
15.38383
15.64315
15.39057
15.64988
15.401
15.65662
15.40773
15.66335
15.41447
15.67127
15.42239
15.67801
15.42913
15.68474
15.43587
15.69148
15.44261
15.69821
15.44934
15.70494
15.45608
15.71168
15.46282
15.71842
15.46956
15.72515
15.47629
15.73189
15.48303
15.73863
15.48977
15.74537
15.49651
15.7521
15.50325
15.75884
15.51118
15.76557
15.51792
15.7723
15.52466
15.77904
15.5314
15.78578
15.53813
15.79251
15.54487
15.79924
15.55161
15.80598
15.55835
15.81272
15.56509
15.81945
15.57182
15.8274
15.57979
15.83413
15.58653
15.84087
15.59327
15.8476
15.60001
15.85433
15.60675
15.86106
15.61349
15.8678
15.62022
15.87453
15.62696
15.88126
15.6337
15.89176
15.64044
15.8985
15.64718
15.90523
15.65392
15.91318
15.66066
15.92113
15.6674
15.92908
15.67534
15.93582
15.6874
15.94256
15.69414
15.94929
15.70087
15.95603
15.70761
15.96277
15.71556
15.96951
15.7223
15.97624
15.72904
15.98298
15.73578
15.98971
15.74252
15.99645
15.75047
16.00319
15.75842
16.00992
15.76635
16.01666
15.77309
16.0234
15.77983
16.03013
15.78657
16.03687
15.79449
16.04361
15.80122
16.05034
15.80796
16.05708
15.8147
16.06381
15.82144
16.07055
15.82818
16.07729
15.83492
16.08403
15.84165
16.09076
15.84839
16.09871
15.85633
16.10545
15.86306
16.11219
15.8698
16.11892
15.87654
16.12566
15.88447
16.1324
15.89121
16.13914
15.89794
16.14588
15.90468
16.15261
15.91141
16.16057
15.91938
16.1673
15.92611
16.17403
15.93822
16.18212
15.94496
16.18884
15.95169
16.19558
15.95965
16.20353
15.96638
16.21026
15.97312
16.21699
15.97985
16.22372
15.98658
16.23671
15.99333
16.24468
16.00006
16.25141
16.00679
16.25814
16.01353
16.2677
16.02027
16.27443
16.0282
16.28116
16.03614
16.2879
16.04287
16.29462
16.0496
16.30136
16.05633
16.30809
16.06426
16.31482
16.07099
16.32156
16.07772
16.32829
16.08445
16.33502
16.09118
16.34175
16.09791
16.34849
16.10464
16.35522
16.11256
16.36314
16.11929
16.36988
16.12602
16.37662
16.13397
16.38336
16.14071
16.39379
16.14745
16.40052
16.15418
16.40726
16.16091
16.41399
16.16765
16.42073
16.17438
16.42747
16.18112
16.43421
16.18907
16.4446
16.19703
16.45134
16.20499
16.45807
16.21172
16.46481
16.21845
16.47155
16.22519
16.47828
16.23192
16.48503
16.23866
16.49176
16.2454
16.4985
16.25337
16.50523
16.26546
16.51197
16.27219
16.51871
16.27892
16.52545
16.28937
16.53219
16.29611
16.53893
16.30285
16.54567
16.31576
16.55241
16.3225
16.55915
16.32924
16.56589
16.33598
16.57263
16.34271
16.57937
16.34945
16.58611
16.35743
16.59285
16.36416
16.59959
16.37091
16.60633
16.37765
16.61427
16.38439
16.621
16.39113
16.62773
16.39787
16.63447
16.40581
16.6412
16.41255
16.64794
16.41929
16.65468
16.42603
16.66142
16.43278
16.66816
16.43952
16.6749
16.44626
16.68164
16.453
16.68838
16.45974
16.69511
16.46648
16.70186
16.47323
16.70978
16.48118
16.71772
16.48792
16.72446
16.49467
16.7312
16.50141
16.73914
16.51684
16.74958
16.52357
16.75632
16.53153
16.76306
16.53827
16.7698
16.54872
16.77654
16.55546
16.78695
16.5622
16.79369
16.57017
16.80043
16.57691
16.80717
16.58365
16.81763
16.5966
16.82437
16.60334
16.8311
16.61008
16.83784
16.61683
16.84459
16.62477
16.85133
16.6327
16.85807
16.63944
16.86481
16.64618
16.87155
16.65412
16.87829
16.66678
16.88503
16.67352
16.89177
16.68038
16.8985
16.68712
16.90643
16.69386
16.91316
16.7006
16.9199
16.70734
16.92663
16.71408
16.93337
16.72082
16.94011
16.73127
16.94806
16.738
16.9548
16.74474
16.96154
16.75767
16.96827
16.76439
16.97501
16.77113
16.98295
16.77785
16.98969
16.78577
16.99642
16.79251
17.00316
16.79924
17.0099
16.80599
17.01664
16.81274
17.02338
16.81943
17.03011
16.8261
17.03685
16.8327
17.04727
16.83939
17.05401
16.84887
17.06075
16.86422
17.06749
16.87091
17.07423
16.87759
17.08216
16.89041
17.0901
16.89707
17.09684
16.90375
17.10358
16.91907
17.11031
16.92566
17.11705
16.93232
17.12379
16.94759
17.13172
16.95429
17.13845
16.96096
17.14519
16.97376
17.15193
16.98029
17.15866
16.9869
17.1654
16.99352
17.17213
17.00136
17.18016
17.01163
17.1869
17.01826
17.19363
17.02492
17.20157
17.03159
17.20831
17.03823
17.21505
17.04484
17.22178
17.05155
17.22852
17.05822
17.23527
17.06488
17.24201
17.07271
17.24875
17.07935
17.2555
17.08602
17.26224
17.09386
17.26897
17.1006
17.27571
17.10732
17.28244
17.11406
17.28917
17.12072
17.29591
17.12863
17.30264
17.13536
17.30938
17.1421
17.31612
17.14885
17.32286
17.15559
17.3296
17.16353
17.33634
17.17027
17.34426
17.17701
17.35631
17.18488
17.36305
17.19153
17.3698
17.19817
17.37653
17.20606
17.38328
17.2128
17.39121
17.21955
17.39795
17.22749
17.40469
17.23424
17.41143
17.24099
17.41818
17.24773
17.42492
17.25448
17.43166
17.26654
17.43961
17.27328
17.44634
17.28003
17.45309
17.29541
17.45983
17.30215
17.46657
17.30889
17.47451
17.31684
17.48125
17.32726
17.488
17.33401
17.49474
17.34076
17.50516
17.35369
17.5119
17.36044
17.51865
17.36718
17.53156
17.37513
17.5383
17.38303
17.54504
17.3935
17.55178
17.40022
17.55853
17.40697
17.56527
17.41371
17.5732
17.42164
17.57995
17.42965
17.58669
17.43639
17.59711
17.44313
17.60506
17.44987
17.6118
17.46025
17.61854
17.46698
17.62528
17.47365
17.63323
17.48031
17.64117
17.48695
17.64791
17.4937
17.65466
17.50044
17.66261
17.51331
17.66936
17.51995
17.67609
17.5266
17.68283
17.53437
17.69827
17.54967
17.70869
17.55623
17.71664
17.5628
17.72338
17.57549
17.73012
17.582
17.74053
17.58849
17.75095
17.60603
17.75766
17.6125
17.76436
17.61888
17.77106
17.6252
17.77765
17.63271
17.78435
17.64271
17.79099
17.64903
17.79751
17.65531
17.80415
17.66274
17.8107
17.67261
17.82099
17.6816
17.82745
17.68901
17.83386
17.70379
17.84013
17.71104
17.85261
17.72823
17.86013
17.73541
17.87004
17.74142
17.87743
17.74738
17.88358
17.76201
17.8897
17.77131
17.89577
17.77839
17.91761
17.78424
17.92479
17.7901
17.93608
17.80467
17.94922
17.81168
17.95516
17.8175
17.96227
17.82332
17.97192
17.8291
17.97786
17.83487
17.98377
17.84066
17.99924
17.8518
18.02333
17.85881
18.03503
17.8683
18.05168
17.87532
18.06126
17.88112
18.0708
17.88692
18.08036
17.89272
18.09359
17.89849
18.09948
17.90544
18.1054
17.91121
18.11129
17.91698
18.12091
17.92277
18.12676
17.93637
18.13268
17.94454
18.13861
17.95032
18.14451
17.95613
18.15041
17.96558
18.15634
17.97136
18.16351
17.97835
18.16941
17.98413
18.17532
17.9899
18.18129
17.99571
18.18834
18.00267
18.20053
18.01632
18.20649
18.02214
18.21252
18.02921
18.21856
18.04121
18.22462
18.0507
18.23066
18.06769
18.23669
18.07719
18.24271
18.08299
18.25488
18.0888
18.26095
18.10242
18.26696
18.11935
18.273
18.12513
18.27903
18.13089
18.28875
18.1429
18.29481
18.1524
18.30083
18.15819
18.30689
18.16396
18.31415
18.1697
18.32023
18.1783
18.32632
18.18406
18.33358
18.18984
18.34335
18.19684
18.34938
18.2063
18.35545
18.21328
18.36274
18.21903
18.36881
18.22475
18.37493
18.23053
18.38471
18.23625
18.39081
18.24769
18.39681
18.25459
18.40404
18.26317
18.41133
18.27018
18.42111
18.27596
18.4338
18.28293
18.44108
18.28989
18.44717
18.29694
18.45326
18.30392
18.45934
18.30974
18.46539
18.31549
18.47519
18.32753
18.48132
18.33328
18.48749
18.33907
18.4972
18.35269
18.50461
18.35852
18.5107
18.36432
18.51685
18.37137
18.5243
18.38091
18.53162
18.38795
18.53896
18.39993
18.54515
18.41444
18.55126
18.42395
18.55739
18.42979
18.56356
18.43931
18.56975
18.45131
18.57582
18.46087
18.58199
18.46673
18.58814
18.4726
18.59717
18.47967
18.6045
18.48674
18.61067
18.49263
18.61688
18.49852
18.62301
18.50563
18.63037
18.51152
18.63657
18.52615
18.64271
18.53208
18.64884
18.53918
18.65505
18.54884
18.66239
18.556
18.66985
18.56193
18.68136
18.56791
18.68874
18.57753
18.6986
18.58721
18.70479
18.60095
18.71099
18.60809
18.72088
18.61527
18.72702
18.62246
18.73324
18.62971
18.73948
18.63573
18.74688
18.64176
18.75432
18.64899
18.76923
18.65505
18.7842
18.66109
18.79168
18.6671
18.79911
18.67437
18.80544
18.68575
18.81173
18.69183
18.82174
18.69793
18.828
18.70518
18.83431
18.71123
18.84182
18.71731
18.84813
18.72462
18.85446
18.73068
18.86075
18.73679
18.86706
18.74664
18.87712
18.75398
18.88343
18.7679
18.88967
18.77524
18.89968
18.78503
18.90597
18.79494
18.91224
18.80481
18.91847
18.81714
18.92592
18.82454
18.93497
18.83193
18.94495
18.84183
18.95246
18.85082
18.95875
18.86074
18.96501
18.87314
18.97128
18.88056
18.98623
18.9005
18.99246
18.9068
18.99875
18.91296
19.00871
18.92535
19.06367
18.9394
19.12905
18.94934
19.14407
18.96429
19.15038
18.97169
19.15669
18.98156
19.16665
18.99396
19.17414
19.00009
19.19079
19.0062
19.1971
19.02131
19.20337
19.02855
19.21089
19.03579
19.22099
19.04184
19.22852
19.0479
19.24498
19.0539
19.25123
19.06363
19.25747
19.07082
19.26373
19.08049
19.27366
19.09018
19.28112
19.10392
19.29098
19.11353
19.29843
19.12809
19.3046
19.13513
19.31079
19.1447
19.32318
19.16372
19.33055
19.16955
19.33793
19.18815
19.34698
19.19395
19.35435
19.19978
19.36167
19.22599
19.36781
19.25552
19.37392
19.27356
19.38876
19.28299
19.39491
19.29248
19.40102
19.30949
19.40717
19.32642
19.42202
19.33584
19.43599
19.34689
19.44214
19.35383
19.44827
19.37074
19.45809
19.38014
19.48002
19.3896
19.49479
19.40409
19.50206
19.41362
19.51682
19.42061
19.52825
19.42919
19.53805
19.43862
19.5478
19.44554
19.56261
19.45251
19.56865
19.4621
19.58091
19.47654
19.59823
19.48231
19.60428
19.48808
19.61034
19.50006
19.61644
19.50952
19.63862
19.51527
19.65344
19.52972
19.66323
19.53551
19.66929
19.54128
19.67547
19.56323
19.68439
19.58027
19.6967
19.6123
19.70277
19.6302
19.70888
19.63725
19.72119
19.65676
19.72852
19.66624
19.73583
19.67827
19.74192
19.68694
19.74808
19.69394
19.75542
19.70098
19.76527
19.71543
19.77757
19.72246
19.78491
19.73204
19.79477
19.74658
19.80461
19.75367
19.82689
19.77149
19.84418
19.77735
19.85685
19.78322
19.87153
19.79708
19.87758
19.80418
19.88479
19.81387
19.89449
19.82102
19.91167
19.82807
19.9188
19.83517
19.93343
19.84476
19.94978
19.85599
19.95573
19.86303
19.96539
19.87753
19.97741
19.88337
19.98449
19.89285
19.99406
19.90978
20.0161
19.92426
20.02197
19.9404
20.02786
19.96231
20.03991
19.96928
20.04696
19.97869
20.059
19.99815
20.06855
20.0075
20.08323
20.02798
20.08915
20.03748
20.10777
20.06444
20.1245
20.07134
20.1316
20.08817
20.19563
20.11172
20.23192
20.13526
20.28113
20.15727
20.29786
20.17288
20.33669
20.18746
20.34264
20.1968
20.35972
20.21865
20.36567
20.23444
20.37161
20.24375
20.38129
20.2681
20.38844
20.27652
20.41058
20.29601
20.42022
20.30551
20.44121
20.31502
20.4483
20.32192
20.48037
20.34629
20.51235
20.36817
20.53859
20.38505
20.5457
20.40693
20.57538
20.41388
20.59473
20.44248
20.61591
20.47346
20.62534
20.49225
20.64641
20.51682
20.66295
20.54783
20.68244
20.5745
20.70073
20.59979
20.75068
20.62973
20.76019
20.66321
20.78233
20.70209
20.82376
20.72495
20.83327
20.73172
20.85027
20.7531
20.86649
20.77394
20.87601
20.79509
20.89799
20.81614
20.91996
20.82172
20.9362
20.84081
20.94574
20.85802
20.97272
20.86734
20.99589
20.89287
21.01034
20.91964
21.01613
20.94313
21.02182
20.9549
21.03376
20.96045
21.06247
20.97471
21.08884
20.99632
21.152
21.01967
21.17133
21.04767
21.1859
21.07449
21.19158
21.09133
21.2084
21.09982
21.21777
21.11909
21.22714
21.13233
21.23648
21.13903
21.25326
21.1501
21.2838
21.1556
21.29313
21.16111
21.31496
21.18537
21.34329
21.2108
21.36624
21.2312
21.3755
21.24038
21.3947
21.27402
21.40405
21.30967
21.42562
21.34512
21.45149
21.37191
21.47555
21.40229
21.49818
21.43142
21.50487
21.44061
21.52566
21.477
21.53484
21.49828
21.56413
21.50489
21.5733
21.52097
21.59751
21.53007
21.61313
21.55123
21.64227
21.56031
21.67137
21.58688
21.69666
21.60228
21.73448
21.60883
21.76683
21.62772
21.8027
21.64932
21.83868
21.66587
21.86521
21.695
21.9388
21.72561
21.98113
21.75623
21.98772
21.79286
22.00438
21.82569
22.02646
21.86221
22.05495
21.89642
22.08666
21.92319
22.12408
21.95601
22.178
21.98782
22.18471
22.02319
22.21044
22.05627
22.2956
22.09203
22.31418
22.12384
22.32338
22.14795
22.36608
22.1735
22.37526
22.1967
22.39446
22.22296
22.40369
22.23602
22.42797
22.24146
22.45405
22.26489
22.48124
22.28655
22.50106
22.2957
22.51028
22.31878
22.53454
22.347
22.56215
22.37059
22.58592
22.39509
22.62018
22.40425
22.64999
22.42694
22.68672
22.43608
22.71956
22.45253
22.75612
22.48086
22.77275
22.48998
22.81
22.52057
22.84332
22.54723
22.86752
22.57093
22.88505
22.60473
22.89414
22.63052
22.91971
22.66588
22.94434
22.69074
22.96442
22.71128
22.97327
22.73901
22.99582
22.75707
23.01306
22.78128
23.03134
22.80158
23.06183
22.81067
23.081
22.82957
23.10705
22.83759
23.13048
22.86335
23.14838
22.89251
23.15755
22.91471
23.18975
22.93748
23.19806
22.97087
23.21978
22.99019
23.22778
23.01714
23.25581
23.03886
23.27958
23.06494
23.30355
23.09864
23.32832
23.12939
23.33668
23.15923
23.37192
23.19195
23.43083
23.2143
23.46597
23.23841
23.48136
23.26163
23.49853
23.26822
23.51811
23.30361
23.53863
23.33194
23.54783
23.35465
23.57663
23.39057
23.60118
23.42737
23.62161
23.45753
23.6308
23.47648
23.65206
23.50121
23.66737
23.52032
23.69161
23.55006
23.71731
23.56764
23.74506
23.57672
23.78287
23.60749
23.81495
23.61523
23.82157
23.64991
23.83821
23.67015
23.84602
23.68688
23.86449
23.70618
23.89092
23.74414
23.90871
23.7684
23.93479
23.79246
23.97244
23.81108
24.00121
23.83044
24.02312
23.86063
24.04479
23.87331
24.05755
23.89713
24.07645
23.91749
24.10368
23.95255
24.11272
23.98112
24.13057
24.00422
24.15496
24.02763
24.18272
24.04284
24.20859
24.04928
24.21744
24.07076
24.24141
24.07722
24.25853
24.10513
24.27778
24.12685
24.30551
24.1358
24.32461
24.15472
24.35007
24.17987
24.37738
24.20421
24.38633
24.22466
24.41032
24.23363
24.41922
24.24503
24.44742
24.25398
24.46162
24.26292
24.47831
24.28336
24.50197
24.31234
24.53473
24.34468
24.57119
24.37478
24.60769
24.40227
24.64315
24.43265
24.66472
24.45329
24.6907
24.47487
24.72839
24.49763
24.75719
24.5153
24.78591
24.52439
24.80757
24.55339
24.82559
24.57827
24.85417
24.58724
24.87761
24.59623
24.89861
24.60519
24.92014
24.62677
24.93493
24.65152
24.95472
24.67066
24.97895
24.68509
24.98797
24.69154
25.00588
24.71537
25.01488
24.72183
25.03279
24.74081
25.05289
24.7565
25.0798
24.77807
25.10558
24.80078
25.13489
24.82391
25.16282
24.8529
25.17045
24.87419
25.19765
24.9071
25.21171
24.92858
25.23443
24.93741
25.25331
24.95501
25.2767
24.97523
25.29116
24.99307
25.31388
24.9994
25.3202
25.03308
25.34157
25.06186
25.35042
25.08432
25.35924
25.10304
25.37421
25.12321
25.38672
25.13089
25.3954
25.15096
25.40422
25.15605
25.41674
25.16114
25.42559
25.18241
25.44014
25.20023
25.44525
25.2267
25.45655
25.25171
25.47031
25.2681
25.47666
25.28087
25.49284
25.28835
25.51006
25.30861
25.52691
25.32397
25.55035
25.33883
25.56661
25.34509
25.57544
25.35141
25.59542
25.37796
25.61607
25.39565
25.62486
25.40446
25.64316
25.42215
25.66189
25.42963
25.66939
25.44476
25.69173
25.45292
25.71734
25.47887
25.74229
25.49407
25.77201
25.50038
25.79399
25.52317
25.80145
25.52945
25.82443
25.55398
25.84646
25.58462
25.85468
25.61532
25.86414
25.63847
25.87041
25.6552
25.88952
25.67771
25.89579
25.71074
25.92871
25.73318
25.95335
25.75957
25.96187
25.77792
25.99022
25.79002
26.01832
25.79829
26.04132
25.82861
26.06049
25.83739
26.08822
25.86196
26.10721
25.87315
26.116
25.89492
26.13767
25.9012
26.15945
25.91397
26.16822
25.92024
26.18492
25.9365
26.19305
25.95695
26.20956
25.96514
26.22712
25.98407
26.24818
26.00315
26.2757
26.01061
26.28319
26.03085
26.3047
26.05185
26.30978
26.05934
26.31486
26.08087
26.3344
26.09577
26.34187
26.10451
26.36542
26.1213
26.38472
26.13191
26.40435
26.14891
26.41654
26.16359
26.42483
26.18704
26.44927
26.19821
26.47995
26.20699
26.51069
26.22227
26.53162
26.24127
26.54039
26.25002
26.5658
26.27145
26.59406
26.28017
26.61421
26.29518
26.62907
26.30398
26.65837
26.32014
26.66345
26.33223
26.69
26.33968
26.71139
26.36601
26.73156
26.38529
26.73902
26.40514
26.76881
26.43476
26.79071
26.4511
26.80698
26.45937
26.82961
26.47716
26.83827
26.49566
26.84335
26.51323
26.84843
26.53138
26.86472
26.55256
26.8881
26.55883
26.8966
26.58846
26.91393
26.61165
26.93708
26.62879
26.95954
26.63758
26.98898
26.64387
27.02221
26.66072
27.03902
26.67483
27.05398
26.68688
27.06224
26.69317
27.0879
26.71299
27.10434
26.72835
27.11062
26.74538
27.1243
26.76295
27.13191
26.78645
27.1568
26.79496
27.17564
26.8226
27.18906
26.84258
27.19415
26.87265
27.20547
26.89385
27.21424
26.9026
27.24101
26.9176
27.25645
26.9363
27.27261
26.95089
27.29134
26.95723
27.31287
26.97086
27.33421
26.97715
27.34711
26.99336
27.37065
27.00194
27.3904
27.0145
27.41183
27.02317
27.43272
27.02944
27.44021
27.03572
27.46071
27.0505
27.48156
27.08658
27.48788
27.10208
27.51257
27.1293
27.53875
27.13787
27.55834
27.16617
27.56707
27.17368
27.58454
27.18247
27.59204
27.20069
27.60926
27.20577
27.61808
27.21085
27.63472
27.23182
27.66504
27.24005
27.67254
27.26701
27.69375
27.2758
27.70856
27.29562
27.72787
27.31295
27.74614
27.32952
27.76148
27.34643
27.78408
27.36853
27.79156
27.39033
27.81384
27.39782
27.83104
27.41778
27.83614
27.43485
27.84122
27.45391
27.86169
27.47508
27.87745
27.48626
27.88254
27.49469
27.88763
27.51442
27.90725
27.52193
27.91606
27.54393
27.92953
27.55908
27.93704
27.56735
27.94584
27.59268
27.95963
27.60089
27.96714
27.61505
27.98246
27.62354
28.0058
27.64441
28.01455
27.65858
28.03074
27.67558
28.03912
27.68877
28.0479
27.69694
28.06833
27.7114
28.08477
27.71767
28.10367
27.72613
28.12358
27.73698
28.1481
27.74327
28.16513
27.75662
28.18287
27.76289
28.18916
27.76917
28.20495
27.77548
28.21125
27.78631
28.2198
27.7926
28.22868
27.80592
28.24307
27.82225
28.24935
27.83321
28.26392
27.83951
28.27021
27.85522
28.28197
27.872
28.29078
27.88825
28.31488
27.89334
28.32238
27.90646
28.3312
27.91274
28.33978
27.91903
28.36906
27.93198
28.37535
27.93826
28.3927
27.95345
28.39897
27.96886
28.41986
27.97634
28.43853
27.99541
28.45796
28.01086
28.48214
28.01715
28.48961
28.03224
28.50547
28.03851
28.51921
28.06073
28.53581
28.08029
28.5436
28.08778
28.55805
28.10913
28.56313
28.1154
28.58451
28.12826
28.59636
28.13334
28.61108
28.15752
28.61736
28.16565
28.63236
28.19251
28.64119
28.20095
28.64978
28.22706
28.66854
28.24805
28.67483
28.26112
28.69426
28.2674
28.70054
28.28489
28.72504
28.29308
28.75238
28.31243
28.77912
28.33616
28.80317
28.34364
28.8197
28.39883
28.83769
28.42617
28.85497
28.44287
28.8803
28.46668
28.90409
28.47296
28.91237
28.4818
28.92062
28.50423
28.93476
28.53145
28.93984
28.55334
28.95483
28.58048
28.9768
28.58796
28.99884
28.6585
29.01397
28.67517
29.03062
28.68673
29.05238
28.69422
29.07303
28.73285
29.08645
28.74042
29.09275
28.75589
29.1117
28.7638
29.13139
28.7759
29.15365
28.78437
29.17079
28.79895
29.18806
28.81845
29.20634
28.82471
29.22489
28.87274
29.24286
28.92302
29.26069
28.94001
29.26697
28.96327
29.28701
28.97196
29.29328
28.97822
29.30871
28.98987
29.32867
29.00621
29.3487
29.02073
29.37169
29.0287
29.40009
29.0531
29.4227
29.06596
29.43031
29.07417
29.45302
29.08273
29.46052
29.09876
29.47919
29.11477
29.50059
29.12311
29.51556
29.13964
29.52064
29.14761
29.52573
29.1564
29.53081
29.18397
29.55076
29.2017
29.56323
29.22301
29.56953
29.241
29.5948
29.24731
29.60975
29.26712
29.63107
29.28974
29.65397
29.29781
29.68305
29.31515
29.69271
29.33108
29.71228
29.34453
29.73302
29.36186
29.74724
29.37907
29.75901
29.39365
29.7653
29.39994
29.77161
29.4139
29.78902
29.4375
29.79533
29.45355
29.81219
29.47409
29.81851
29.48264
29.83658
29.49573
29.85218
29.50081
29.86967
29.51968
29.876
29.52625
29.90184
29.53765
29.91543
29.54397
29.93439
29.57022
29.94068
29.59357
29.96886
29.59988
29.99851
29.61648
30.01771
29.74488
30.04901
29.75714
30.06797
29.77686
30.07428
29.80086
30.08729
29.82183
30.09476
29.83052
30.1166
29.84728
30.13389
29.85494
30.14019
29.88608
30.149
29.89405
30.16611
29.91511
30.17238
29.93062
30.20088
29.9478
30.21959
29.96184
30.24369
29.97631
30.25175
29.98397
30.26752
30.00196
30.2914
30.02481
30.30378
30.0442
30.31252
30.06462
30.32406
30.08185
30.33206
30.09979
30.35209
30.1192
30.37263
30.1378
30.39267
30.15799
30.40982
30.17811
30.43741
30.1861
30.45678
30.21536
30.48251
30.23531
30.4888
30.26746
30.50496
30.29467
30.51004
30.31815
30.51511
30.32563
30.53147
30.34482
30.53654
30.35405
30.54162
30.36154
30.56102
30.37468
30.57472
30.38645
30.57981
30.39274
30.58489
30.41113
30.5975
30.41993
30.61348
30.44015
30.63832
30.44823
30.65475
30.468
30.67094
30.4764
30.67846
30.49264
30.7029
30.49899
30.7228
30.51991
30.74585
30.54504
30.76301
30.56794
30.77125
30.5886
30.80592
30.60321
30.83208
30.6083
30.85138
30.6374
30.8577
30.65726
30.87874
30.67948
30.90371
30.69891
30.919
30.73162
30.92529
30.75852
30.95496
30.77639
30.9741
30.79448
30.99636
30.81808
31.01368
30.82888
31.03528
30.83524
31.06747
30.84154
31.08917
30.85718
31.10088
30.86348
31.10718
30.87853
31.12218
30.88735
31.13103
30.90116
31.14488
30.93321
31.15371
30.96065
31.17282
30.98988
31.19159
31.01188
31.19671
31.03432
31.21565
31.05412
31.24241
31.07981
31.26131
31.09841
31.29078
31.10476
31.3197
31.13585
31.34974
31.16278
31.38101
31.18159
31.4119
31.20731
31.43374
31.22976
31.46577
31.2482
31.49901
31.25635
31.51986
31.28831
31.54372
31.30734
31.55003
31.31363
31.56713
31.34891
31.57222
31.37988
31.5822
31.40966
31.58851
31.43343
31.60418
31.4409
31.62148
31.46778
31.63769
31.48936
31.66138
31.50373
31.67618
31.51135
31.69208
31.52644
31.70011
31.5442
31.71865
31.56185
31.72493
31.57033
31.74211
31.58592
31.75795
31.5922
31.77687
31.61732
31.79368
31.6254
31.80205
31.63418
31.82183
31.64983
31.82929
31.6675
31.85314
31.67556
31.87665
31.69404
31.89746
31.72275
31.90585
31.74544
31.92741
31.76818
31.93529
31.79447
31.95256
31.81618
31.96093
31.83672
31.97638
31.86489
31.99568
31.88812
32.01077
31.90691
32.02649
31.92454
32.04578
31.93081
32.06543
31.94621
32.07292
31.95922
32.10195
31.97158
32.11847
31.9853
32.12669
31.99565
32.13492
32.01197
32.15464
32.02736
32.17598
32.04399
32.19893
32.06311
32.22167
32.07059
32.2411
32.08423
32.24928
32.09052
32.25972
32.10426
32.26643
32.11176
32.27939
32.14005
32.28446
32.16004
32.28954
32.17817
32.3136
32.18448
32.3278
32.19271
32.34485
32.21184
32.36058
32.22884
32.37593
32.23767
32.39664
32.2579
32.41456
32.27628
32.42208
32.28963
32.43035
32.30697
32.44907
32.31445
32.46912
32.33569
32.49295
32.3535
32.51798
32.37516
32.53818
32.38148
32.54583
32.39001
32.5611
32.4045
32.56738
32.42842
32.59949
32.45193
32.6259
32.4737
32.65266
32.50214
32.66637
32.52653
32.67514
32.55836
32.68339
32.58888
32.71453
32.60476
32.7352
32.64008
32.75867
32.67014
32.78363
32.69461
32.80788
32.70238
32.83762
32.72683
32.86721
32.73191
32.89675
32.73701
32.93091
32.80244
32.961
32.83231
32.99171
32.86472
33.02001
32.88753
33.04501
32.91197
33.07117
32.94499
33.10119
32.97274
33.12355
32.99998
33.15223
33.01875
33.17403
33.04477
33.20351
33.05355
33.23629
33.0791
33.26842
33.08789
33.28657
33.11857
33.31158
33.13872
33.33829
33.17423
33.34454
33.20353
33.37825
33.23433
33.40868
33.25491
33.41522
33.28663
33.44028
33.30301
33.44876
33.32972
33.47842
33.33628
33.49846
33.36333
33.50472
33.39282
33.52967
33.42773
33.54879
33.4457
33.57062
33.46689
33.58794
33.48457
33.60753
33.50193
33.6138
33.50851
33.64532
33.52258
33.67168
33.54301
33.70466
33.55734
33.72543
33.58731
33.73294
33.61824
33.79678
33.64776
33.82781
33.67304
33.84863
33.69484
33.86963
33.70364
33.87809
33.73798
33.90039
33.76179
33.90917
33.79157
33.93376
33.80892
33.94842
33.82007
33.95471
33.82638
33.96895
33.84879
34.00037
33.86835
34.01506
33.89216
34.03853
33.91129
34.04488
33.929
34.06234
33.9492
34.0844
33.95798
34.11031
33.97636
34.11871
33.99719
34.14687
34.02019
34.17049
34.04979
34.19019
34.07177
34.21267
34.09917
34.22776
34.11779
34.23663
34.1263
34.26099
34.14638
34.26981
34.1606
34.28614
34.16943
34.31664
34.18803
34.3428
34.22098
34.35655
34.24874
34.36287
34.27293
34.38697
34.30024
34.40201
34.30911
34.421
34.34141
34.45436
34.36702
34.48335
34.39351
34.5115
34.43096
34.53942
34.45596
34.56483
34.47839
34.58548
34.50467
34.5918
34.52274
34.61062
34.5316
34.61913
34.55095
34.65533
34.5598
34.68689
34.56613
34.71605
34.59349
34.7336
34.62615
34.74732
34.65623
34.76598
34.66254
34.79856
34.68625
34.83189
34.70609
34.86221
34.732
34.89478
34.76139
34.92829
34.78337
34.9346
34.81108
34.96679
34.84364
34.9719
34.87057
34.99318
34.87811
35.01967
34.90084
35.04304
34.90965
35.07508
34.93429
35.10767
34.95967
35.1613
34.99374
35.19407
35.01796
35.21828
35.04081
35.25069
35.06208
35.2793
35.09418
35.30366
35.12585
35.31245
35.14512
35.33983
35.16653
35.36933
35.18879
35.40111
35.20982
35.42488
35.22334
35.4511
35.2497
35.47802
35.26949
35.48685
35.29336
35.5181
35.32443
35.55156
35.35883
35.58407
35.39319
35.61036
35.42075
35.63733
35.4511
35.64616
35.48734
35.66582
35.51852
35.67212
35.55069
35.69678
35.58329
35.71862
35.61494
35.74911
35.64965
35.77117
35.66745
35.79563
35.70387
35.82962
35.72821
35.86136
35.76097
35.89155
35.7826
35.89904
35.80616
35.92871
35.83256
35.96074
35.85559
35.99486
35.87399
36.02381
35.90188
36.05497
35.93127
36.07992
35.96342
36.10377
35.98816
36.13199
35.99449
36.16827
36.02508
36.19377
36.05379
36.22755
36.09061
36.26242
36.12668
36.29401
36.15746
36.32555
36.19282
36.35619
36.22786
36.38914
36.26122
36.42179
36.32494
36.45378
36.33249
36.48585
36.36332
36.52154
36.39619
36.55164
36.42929
36.58448
36.46306
36.6158
36.49597
36.64389
36.52446
36.67759
36.55747
36.70853
36.58749
36.72932
36.61676
36.75812
36.63945
36.79268
36.66813
36.82269
36.69906
36.85016
36.72673
36.87688
36.75917
36.8984
36.78907
36.91793
36.81581
36.94069
36.82439
36.96422
36.84938
36.98819
36.86877
37.0116
36.89431
37.01789
36.91967
37.04179
36.9277
37.05959
36.94501
37.08904
36.97666
37.11285
36.99408
37.14474
37.02212
37.16634
37.05272
37.20087
37.0864
37.22972
37.11532
37.25711
37.14521
37.28813
37.1617
37.31979
37.17053
37.35018
37.19705
37.3772
37.21972
37.38546
37.25129
37.41941
37.27871
37.44187
37.30714
37.47524
37.33769
37.50108
37.37062
37.53556
37.40189
37.55835
37.43457
37.58701
37.46817
37.61894
37.50522
37.65046
37.54144
37.68544
37.57505
37.71569
37.61179
37.74944
37.64695
37.78246
37.67651
37.81388
37.70851
37.84553
37.74302
37.87459
37.77137
37.90897
37.80355
37.93321
37.83596
37.96297
37.86827
37.99419
37.89928
38.02723
37.92941
38.036
37.9534
38.06133
37.96221
38.09376
37.98739
38.12004
37.9962
38.14062
38.01862
38.17446
38.05271
38.20509
38.08086
38.23534
38.11496
38.27155
38.14636
38.2958
38.18147
38.32859
38.21327
38.36081
38.24637
38.38655
38.27209
38.41236
38.29688
38.44445
38.32246
38.47274
38.32996
38.50668
38.35854
38.5382
38.38248
38.56322
38.41722
38.59492
38.44573
38.61769
38.4753
38.6397
38.50619
38.66423
38.54919
38.69371
38.55547
38.71892
38.57388
38.7389
38.58198
38.74679
38.60406
38.76175
38.6203
38.77576
38.62656
38.7808
38.64015
38.78585
38.65675
38.8096
38.67714
38.82844
38.69965
38.84521
38.71575
38.8531
38.72201
38.87525
38.7297
38.89169
38.73888
38.90351
38.74393
38.91095
38.77584
38.93636
38.79512
38.95412
38.82104
38.9742
38.84668
38.99939
38.86582
39.02563
38.89379
39.04834
38.91218
39.07187
38.92031
39.09885
38.92864
39.12328
38.94668
39.15427
38.96885
39.18273
38.97514
39.21048
39.00859
39.22894
39.02913
39.25742
39.05427
39.27388
39.06244
39.27893
39.09063
39.28399
39.11837
39.31476
39.15011
39.33466
39.18087
39.36486
39.20913
39.38879
39.22895
39.41398
39.25456
39.43911
39.27515
39.46478
39.31928
39.48387
39.34549
39.51269
39.3881
39.54142
39.41156
39.56969
39.42846
39.59289
39.43531
39.60105
39.46434
39.63263
39.48852
39.66096
39.49727
39.68661
39.52887
39.71421
39.56
39.73954
39.58875
39.76255
39.62357
39.78969
39.64529
39.8183
39.67535
39.84223
39.69679
39.8712
39.72325
39.87871
39.7458
39.90802
39.76743
39.93567
39.79455
39.94197
39.82623
39.96677
39.84968
39.97554
39.88108
40.00821
39.91151
40.03711
39.944
40.06953
39.98108
40.09125
40.01443
40.09875
40.04236
40.12292
40.07986
40.1566
40.11084
40.18877
40.14157
40.21924
40.17027
40.24765
40.20399
40.28459
40.2324
40.31659
40.26263
40.35107
40.29649
40.38274
40.33052
40.41434
40.3657
40.44459
40.39755
40.47898
40.43011
40.51151
40.46101
40.54501
40.49206
40.57484
40.52259
40.60653
40.55277
40.64254
40.57618
40.67297
40.60623
40.70684
40.63925
40.72574
40.67256
40.75545
40.70723
40.78239
40.74057
40.81715
40.76384
40.84846
40.77144
40.88129
40.80059
40.9105
40.83591
40.94268
40.87314
40.97539
40.90477
41.0094
40.93768
41.04187
40.97297
41.07275
41.00392
41.10696
41.0369
41.14192
41.07298
41.17705
41.10732
41.20934
41.13921
41.24269
41.17181
41.27792
41.20477
41.30905
41.2369
41.34046
41.27117
41.37407
41.3042
41.40299
41.33812
41.4379
41.37112
41.47453
41.40382
41.50743
41.43557
41.54179
41.47338
41.57359
41.5051
41.60748
41.53913
41.64206
41.57309
41.67326
41.6074
41.70919
41.6408
41.74565
41.67416
41.7775
41.70963
41.81313
41.7415
41.84894
41.77307
41.87791
41.80635
41.9114
41.84121
41.94828
41.87678
41.98182
41.90847
42.01542
41.94253
42.05089
41.97905
42.08233
42.04143
42.11665
42.11155
42.15242
42.14347
42.18542
42.1769
42.21993
42.21313
42.24652
42.24377
42.28215
42.27348
42.30215
42.28102
42.30999
42.31301
42.33851
42.33269
42.36985
42.3473
42.4037
42.35241
42.42406
42.36733
42.45058
42.38631
42.48027
42.39495
42.49982
42.42405
42.50867
42.44677
42.53804
42.4662
42.56262
42.48056
42.59282
42.49934
42.61809
42.52148
42.63465
42.52813
42.64131
42.55948
42.66472
42.58371
42.68332
42.5998
42.70252
42.62364
42.71161
42.63142
42.72638
42.65495
42.75164
42.6775
42.78115
42.69757
42.80981
42.70294
42.81804
42.72149
42.84722
42.75443
42.87696
42.78558
42.90324
42.81108
42.92422
42.83133
42.94786
42.86135
42.96679
42.87977
42.9757
42.90492
43.00276
42.91376
43.03215
42.94933
43.06694
42.97937
43.09304
43.00662
43.12886
43.04197
43.16248
43.06909
43.19427
43.10616
43.22609
43.13658
43.25963
43.17148
43.29273
43.20516
43.32752
43.24208
43.3614
43.27345
43.39527
43.30833
43.42838
43.33942
43.43474
43.3724
43.47244
43.38006
43.5033
43.41851
43.51083
43.45067
43.5468
43.48052
43.57582
43.50806
43.61076
43.54522
43.64578
43.5775
43.67271
43.60875
43.70823
43.64219
43.7429
43.67615
43.77124
43.7091
43.80151
43.74123
43.82666
43.7689
43.84162
43.80069
43.85046
43.81913
43.88023
43.83835
43.91674
43.86907
43.94735
43.89888
43.98296
43.92657
44.01625
43.96312
44.04779
43.99183
44.08384
44.02716
44.09267
44.05669
44.12499
44.06553
44.15926
44.10123
44.19641
44.13535
44.2303
44.17204
44.26514
44.20719
44.29531
44.23896
44.32785
44.29958
44.36428
44.33698
44.39863
44.36896
44.43333
44.40511
44.47047
44.44328
44.50243
44.47984
44.54054
44.5117
44.57647
44.54046
44.60525
44.57484
44.63805
44.60646
44.66661
44.63528
44.69991
44.67008
44.72981
44.70638
44.7638
44.73396
44.79774
44.76685
44.82112
44.79658
44.84738
44.80519
44.86893
44.84057
44.89872
44.8626
44.91864
44.86889
44.92492
44.89334
44.95107
44.90146
44.97796
44.93135
45.01226
44.94559
45.03082
44.97728
45.05862
45.00775
45.08733
45.04121
45.11882
45.07183
45.13916
45.10196
45.164
45.13189
45.19625
45.15718
45.21382
45.16549
45.222
45.19719
45.25078
45.20597
45.27421
45.22847
45.29324
45.25237
45.31515
45.26026
45.34907
45.29234
45.3836
45.32222
45.41039
45.35441
45.44618
45.38771
45.48194
45.42113
45.5101
45.45546
45.54467
45.48888
45.57783
45.52391
45.60691
45.55854
45.63447
45.56695
45.65514
45.60221
45.66269
45.63396
45.69083
45.66253
45.72545
45.69929
45.7594
45.73133
45.79247
45.76414
45.82456
45.80089
45.86071
45.83413
45.89384
45.85849
45.92656
45.89242
45.95634
45.92495
45.98755
45.95866
46.01605
45.9932
46.05099
46.02375
46.08599
46.05663
46.11944
46.0941
46.15413
46.12419
46.18741
46.16019
46.22277
46.19739
46.2547
46.2326
46.28784
46.26751
46.32358
46.29632
46.3612
46.33318
46.39355
46.36017
46.42163
46.3952
46.45708
46.42432
46.4906
46.45583
46.5229
46.48833
46.55476
46.52148
46.58966
46.55152
46.61784
46.58252
46.649
46.61187
46.67609
46.6447
46.68436
46.6646
46.7156
46.68327
46.7442
46.70788
46.77206
46.71416
46.77834
46.74533
46.81065
46.76336
46.82915
46.79653
46.84893
46.8213
46.85518
46.8299
46.87373
46.85945
46.88902
46.86572
46.89408
46.89885
46.921
46.91918
46.9292
46.94141
46.95561
46.94979
46.98664
46.97238
47.01504
46.9926
47.04348
47.00056
47.07651
47.03544
47.10773
47.07007
47.14516
47.10445
47.17825
47.13998
47.21087
47.17603
47.24092
47.20684
47.27579
47.23937
47.30832
47.27533
47.34022
47.30964
47.37491
47.34456
47.40781
47.37615
47.44129
47.41059
47.47836
47.44424
47.51431
47.48079
47.54699
47.51497
47.58056
47.55282
47.61718
47.58666
47.65295
47.61995
47.68202
47.65337
47.71575
47.68881
47.74752
47.72278
47.78268
47.75588
47.81544
47.79021
47.8545
47.82657
47.88721
47.85939
47.92248
47.89501
47.95585
47.92974
47.9901
47.96384
48.02708
47.99944
48.05602
48.02988
48.0923
48.06388
48.1268
48.09895
48.1619
48.1354
48.19689
48.17112
48.23009
48.20395
48.26115
48.23911
48.29758
48.26881
48.32881
48.30404
48.3645
48.33721
48.40271
48.37473
48.43294
48.40715
48.46432
48.43763
48.49477
48.47375
48.52476
48.506
48.56373
48.54136
48.59728
48.57507
48.63194
48.60943
48.66829
48.64499
48.70405
48.68142
48.74003
48.71776
48.77711
48.75129
48.81071
48.78625
48.8397
48.81422
48.87207
48.85094
48.90665
48.88557
48.9426
48.92063
48.9782
48.95451
49.01155
48.98888
49.04668
49.02216
49.08276
49.05879
49.11905
49.08764
49.15285
49.11147
49.18762
49.13774
49.217
49.16354
49.24901
49.19955
49.28153
49.2362
49.31965
49.27272
49.35236
49.30332
49.38366
49.33836
49.41601
49.3736
49.45234
49.40347
49.48594
49.43098
49.52047
49.46333
49.55631
49.49837
49.58852
49.53363
49.62379
49.56694
49.66137
49.60081
49.69522
49.63197
49.72832
49.66251
49.76034
49.69616
49.79657
49.73064
49.82819
49.76825
49.86359
49.80022
49.90039
49.83371
49.93159
49.86963
49.96698
49.9073
50.00005
49.94234
50.03322
49.97654
50.06523
50.00643
50.09701
50.03872
50.13431
50.07314
50.17237
50.11202
50.20417
50.14361
50.23474
50.1799
50.25819
50.21711
50.29395
50.25278
50.32695
50.28548
50.36307
50.31948
50.39717
50.35365
50.42594
50.38329
50.453
50.42232
50.48794
50.45096
50.52289
50.48555
50.55728
50.52289
50.59366
50.55744
50.63177
50.58676
50.66525
50.62145
50.69901
50.65865
50.73311
50.68912
50.76326
50.7261
50.79551
50.75543
50.82393
50.79292
50.86192
50.82646
50.89802
50.85643
50.93201
50.89207
50.96672
50.91809
51.00179
50.95143
51.03762
50.97742
51.06761
51.01502
51.10518
51.04605
51.13538
51.07715
51.16349
51.10759
51.19764
51.14613
51.23385
51.18036
51.2715
51.21862
51.30841
51.25629
51.34486
51.26452
51.38129
51.29635
51.41397
51.33186
51.45097
51.36785
51.48365
51.39935
51.51665
51.43201
51.54409
51.46366
51.57941
51.50024
51.6165
51.53532
51.65341
51.57323
51.6908
51.6022
51.72337
51.61107
51.75537
51.64883
51.7856
51.68519
51.8237
51.72318
51.85429
51.7544
51.88802
51.7851
51.91783
51.81908
51.95515
51.85272
51.9881
51.89109
52.0238
51.92559
52.06228
51.96151
52.09745
51.99669
52.1322
52.03165
52.16719
52.07036
52.19972
52.10426
52.23114
52.13667
52.26338
52.16977
52.29819
52.2037
52.33582
52.24094
52.37267
52.27559
52.40848
52.31326
52.44312
52.34495
52.47988
52.37939
52.50992
52.4156
52.54531
52.44791
52.57579
52.48056
52.61159
52.51355
52.6438
52.54728
52.68103
52.58491
52.71857
52.62121
52.75549
52.65893
52.79165
52.69315
52.82389
52.72583
52.8568
52.7602
52.8872
52.79552
52.9255
52.82605
52.95536
52.86191
52.99117
52.89701
53.02598
52.93013
53.06095
52.96786
53.09106
53.00496
53.12837
53.04111
53.1625
53.07233
53.19892
53.10696
53.23007
53.14208
53.26483
53.17482
53.2985
53.20887
53.33247
53.24227
53.36382
53.27265
53.40021
53.31038
53.43603
53.34687
53.47394
53.38403
53.50821
53.41789
53.54106
53.45119
53.57434
53.48336
53.60752
53.52022
53.6465
53.55381
53.6798
53.59016
53.714
53.62418
53.74349
53.65437
53.77956
53.69254
53.80983
53.7278
53.84209
53.75849
53.87606
53.78863
53.91324
53.8237
53.94939
53.85439
53.98498
53.8926
53.99381
53.92852
54.02678
53.96066
54.06282
53.99738
54.09534
54.03116
54.13439
54.06662
54.16459
54.10055
54.19884
54.1326
54.22985
54.16623
54.26304
54.20257
54.30083
54.23695
54.3377
54.27262
54.3749
54.30789
54.40601
54.34247
54.44304
54.3786
54.47879
54.4168
54.51445
54.44978
54.54847
54.48206
54.58474
54.51744
54.62066
54.55417
54.65474
54.59061
54.6912
54.62468
54.72449
54.66054
54.75846
54.69255
54.79594
54.72747
54.83207
54.76649
54.86538
54.80236
54.90028
54.8397
54.9373
54.87526
54.97132
54.90855
55.00816
54.94411
55.04417
54.98103
55.08026
55.01794
55.11664
55.0496
55.15411
55.08578
55.19028
55.12153
55.22627
55.15967
55.26157
55.19723
55.29816
55.23092
55.33092
55.26563
55.366
55.3033
55.40446
55.33958
55.44182
55.37705
55.47694
55.414
55.51067
55.44838
55.54859
55.48257
55.58565
55.51991
55.62426
55.55775
55.65753
55.5956
55.69355
55.63221
55.73292
55.66994
55.76884
55.7063
55.80404
55.74309
55.84022
55.77971
55.87237
55.81767
55.91144
55.85176
55.9487
55.8868
55.98362
55.92381
56.01597
55.96093
56.05414
55.99051
56.08942
56.02707
56.12228
56.06404
56.16
56.09966
56.19698
56.13783
56.23073
56.17223
56.2668
56.21005
56.30132
56.2426
56.33667
56.27948
56.37455
56.31854
56.41061
56.3539
56.44715
56.38823
56.47928
56.42276
56.51415
56.46008
56.55208
56.49511
56.58245
56.52757
56.61682
56.56219
56.65406
56.59741
56.68869
56.63342
56.72612
56.67014
56.76286
56.70824
56.79995
56.74451
56.83662
56.77934
56.87094
56.8165
56.90822
56.85396
56.94575
56.8907
56.97835
56.92922
56.98727
56.96597
57.02523
57.0011
57.05982
57.03655
57.09535
57.07513
57.13323
57.11224
57.16928
57.14991
57.2094
57.18767
57.24617
57.22375
57.28299
57.2628
57.32044
57.30087
57.35397
57.33609
57.39079
57.37345
57.42862
57.41042
57.46758
57.44715
57.50254
57.48506
57.53682
57.52084
57.57592
57.55845
57.60997
57.59467
57.64898
57.63313
57.68528
57.6708
57.7201
57.7032
57.75534
57.73874
57.79316
57.77332
57.82804
57.81198
57.86568
57.84806
57.89894
57.88247
57.93741
57.9178
57.97349
57.95301
58.00834
57.98893
58.04298
58.02411
58.07963
58.05761
58.10974
58.094
58.1452
58.12307
58.18024
58.16162
58.21606
58.19205
58.25127
58.22517
58.28799
58.2644
58.32378
58.29874
58.35735
58.33278
58.38446
58.36951
58.42085
58.40038
58.45673
58.43589
58.49056
58.47156
58.52509
58.50264
58.55391
58.53037
58.58913
58.56284
58.62528
58.59803
58.66149
58.63728
58.69586
58.66909
58.73056
58.70735
58.76531
58.74315
58.80349
58.77591
58.83565
58.81374
58.8703
58.84989
58.90708
58.88267
58.94475
58.91652
58.98098
58.95328
59.01856
58.99097
59.05539
59.02707
59.08898
59.06648
59.12423
59.10258
59.16098
59.13559
59.19347
59.17464
59.22906
59.20793
59.26457
59.24294
59.30267
59.27544
59.33769
59.3144
59.37449
59.35108
59.41364
59.38969
59.44818
59.42683
59.4813
59.46088
59.51824
59.49395
59.55339
59.53298
59.58917
59.57167
59.62751
59.60709
59.66357
59.64139
59.69786
59.67789
59.73572
59.71459
59.77367
59.75089
59.80902
59.78753
59.84503
59.82288
59.88203
59.85552
59.91757
59.89406
59.95043
59.93243
59.98582
59.97078
60.02267
60.00591
60.05714
60.04247
60.089
60.07194
60.12434
60.10763
60.16254
60.1425
60.19391
60.17955
60.22441
60.21434
60.25584
60.25102
60.26353
60.2599
60.29235
60.29651
60.32877
60.33287
60.3665
60.36435
60.40334
60.40172
60.43984
60.43515
60.47549
60.471
60.51337
60.50755
60.54984
60.54437
60.55867
60.57954
60.59768
60.61756
60.63246
60.65334
60.67012
60.66219
60.70641
60.69785
60.74173
60.73668
60.77383
60.77158
60.80841
60.80274
60.84614
60.8405
60.88505
60.87873
60.92263
60.91588
60.95906
60.94796
60.99678
60.98487
61.0319
61.02332
61.06862
61.06168
61.1053
61.09974
61.14381
61.1367
61.18222
61.17
61.21894
61.20729
61.25529
61.2459
61.2929
61.2832
61.32766
61.31501
61.36586
61.35252
61.40435
61.39158
61.44114
61.43035
61.47988
61.47031
61.51765
61.50622
61.55405
61.54243
61.59225
61.57883
61.63092
61.6171
61.66734
61.65039
61.70462
61.68699
61.74349
61.72395
61.77936
61.76154
61.8137
61.79694
61.84915
61.83386
61.88932
61.87229
61.92722
61.91024
61.96557
61.94685
62.00288
61.98476
62.04024
62.02173
62.07711
62.05988
62.11626
62.0991
62.15349
62.13825
62.19006
62.17533
62.22871
62.21172
62.2665
62.25097
62.30373
62.28676
62.34226
62.32634
62.37944
62.36324
62.41766
62.40184
62.45457
62.43999
62.49266
62.47964
62.52683
62.5153
62.56554
62.55326
62.60412
62.59184
62.64313
62.63255
62.67853
62.66866
62.71659
62.70518
62.75231
62.74102
62.7901
62.77671
62.82768
62.81554
62.86054
62.84979
62.89682
62.88343
62.92941
62.91759
62.96693
62.95547
63.0045
62.99522
63.04396
63.03348
63.0798
63.07125
63.11626
63.10718
63.15132
63.1428
63.18831
63.17832
63.21955
63.21103
63.25675
63.24411
63.29059
63.28052
63.32607
63.31342
63.35479
63.35186
63.383
63.39115
63.38939
63.42411
63.42643
63.46009
63.46326
63.49778
63.49735
63.53011
63.53309
63.56493
63.56933
63.59974
63.64003
63.63879
63.67506
63.67667
63.71413
63.71346
63.75046
63.74829
63.78656
63.78337
63.81517
63.81499
63.84967
63.85203
63.88146
63.88765
63.91835
63.92572
63.95372
63.95957
63.99387
63.9963
64.02929
64.03462
64.06706
64.07313
64.10527
64.10988
64.14155
64.14745
64.1777
64.1841
64.2135
64.21886
64.24979
64.25553
64.28862
64.29481
64.32603
64.33091
64.36424
64.36742
64.39996
64.40732
64.4388
64.44641
64.47752
64.48444
64.51475
64.52026
64.55388
64.55957
64.58812
64.59453
64.62566
64.63098
64.66253
64.66916
64.69815
64.70571
64.7349
64.74217
64.7734
64.77877
64.81235
64.81698
64.84961
64.85481
64.88561
64.8943
64.92294
64.93096
64.95682
64.96855
64.99365
65.00524
65.02681
65.03585
65.05619
65.0705
65.09309
65.09428
65.1292
65.12978
65.16769
65.15821
65.20052
65.19382
65.23843
65.23321
65.27625
65.2702
65.31244
65.31042
65.35078
65.34702
65.38417
65.38566
65.41824
65.42009
65.45554
65.4567
65.4903
65.49141
65.52522
65.5279
65.56009
65.56507
65.59557
65.59924
65.63243
65.63276
65.66943
65.66874
65.7059
65.70338
65.74097
65.74127
65.77586
65.77845
65.81488
65.81632
65.85098
65.85172
65.88969
65.89107
65.9269
65.92676
65.96339
65.9649
66.00054
66.00233
66.03693
66.04089
66.07204
66.07661
66.11045
66.11373
66.14651
66.14942
66.18435
66.18741
66.22173
66.22451
66.2606
66.2624
66.29353
66.29662
66.33004
66.33265
66.36686
66.36995
66.40189
66.40644
66.44086
66.44423
66.47725
66.48333
66.51456
66.52016
66.55111
66.55592
66.58862
66.59229
66.62654
66.63044
66.66319
66.66765
66.70134
66.70394
66.73599
66.73947
66.77504
66.77658
66.81226
66.81548
66.84988
66.85467
66.88817
66.89066
66.92532
66.92747
66.96458
66.96375
67.00023
67.00194
67.03764
67.03819
67.07602
67.07489
67.11089
67.11306
67.15092
67.14944
67.1862
67.18776
67.22632
67.2273
67.26147
67.26414
67.29826
67.30184
67.33621
67.33907
67.37225
67.37727
67.41036
67.41392
67.44838
67.44926
67.48381
67.48788
67.52279
67.52416
67.55975
67.56195
67.59792
67.59964
67.63506
67.63206
67.67043
67.6699
67.7064
67.70519
67.74171
67.74248
67.7809
67.78101
67.81953
67.819
67.85748
67.85825
67.8928
67.89559
67.93215
67.93478
67.97189
67.97444
68.01012
68.01276
68.04741
68.05013
68.08487
68.08833
68.12127
68.12417
68.15961
68.16257
68.19823
68.20129
68.23563
68.24117
68.27278
68.27584
68.3119
68.31355
68.34663
68.35208
68.38551
68.39134
68.42377
68.42912
68.46149
68.46721
68.49963
68.50367
68.53616
68.5443
68.57417
68.5819
68.61221
68.61976
68.65011
68.6551
68.68786
68.69331
68.72567
68.73191
68.76138
68.77039
68.80145
68.80987
68.84044
68.84908
68.88002
68.88474
68.91795
68.92393
68.95482
68.96118
68.99409
68.99909
69.03114
69.03557
69.06805
69.07225
69.10631
69.11033
69.14499
69.14704
69.18114
69.18572
69.22062
69.22491
69.25727
69.26315
69.29523
69.30156
69.33186
69.3393
69.37023
69.37699
69.40909
69.41496
69.44659
69.45288
69.48594
69.492
69.52444
69.5313
69.56403
69.5721
69.60275
69.61106
69.64209
69.6504
69.67722
69.68836
69.71489
69.72354
69.753
69.76087
69.79365
69.80003
69.83213
69.83912
69.87085
69.87988
69.91032
69.91628
69.94933
69.95547
69.98724
69.99174
70.02573
70.02966
70.06086
70.06856
70.09921
70.10493
70.13524
70.1431
70.17331
70.18247
70.21236
70.22061
70.25114
70.25993
70.28973
70.29882
70.32986
70.33601
70.3681
70.37455
70.40736
70.41386
70.44443
70.45295
70.48406
70.49209
70.51971
70.52878
70.55785
70.56783
70.59466
70.60592
70.63351
70.64303
70.67215
70.68246
70.71149
70.722
70.74984
70.76087
70.78837
70.79842
70.82527
70.83569
70.8634
70.87281
70.89742
70.91023
70.93542
70.94811
70.97414
70.98605
71.01225
71.02411
71.0486
71.06167
71.08684
71.1009
71.12417
71.13765
71.15847
71.17271
71.19367
71.20726
71.23273
71.24435
71.26674
71.2796
71.30319
71.31873
71.33852
71.35587
71.37643
71.39225
71.41451
71.42767
71.44958
71.46603
71.48752
71.50417
71.52367
71.54192
71.56104
71.57821
71.60017
71.61581
71.63697
71.65311
71.67165
71.68944
71.70914
71.72635
71.74465
71.76266
71.78291
71.79863
71.81755
71.8364
71.85406
71.87352
71.89013
71.91196
71.92626
71.94672
71.96288
71.98582
71.99632
72.01999
72.03065
72.05152
72.0663
72.08861
72.10226
72.12535
72.13837
72.16122
72.17426
72.19715
72.21143
72.23419
72.25043
72.27335
72.28802
72.30756
72.32552
72.34544
72.36031
72.37975
72.39706
72.41656
72.43173
72.45297
72.46747
72.48941
72.50318
72.525
72.53928
72.56219
72.57748
72.59848
72.6157
72.63663
72.65446
72.67565
72.68665
72.71499
72.7247
72.75267
72.73226
72.7628
72.77267
72.80357
72.79324
72.82114
72.83102
72.85644
72.87135
72.86636
72.89641
72.88895
72.90382
72.92924
72.9441
72.95669
72.97038
72.96656
73.01041
72.99908
73.05086
73.03902
73.09088
73.07946
73.12377
73.11944
73.13358
73.15948
73.17333
73.19941
73.21333
73.23924
73.25312
73.27888
73.29268
73.31842
73.33021
73.35613
73.36884
73.39528
73.40726
73.43394
73.44273
73.46889
73.47973
73.50429
73.51284
73.5427
73.55145
73.57566
73.5889
73.61251
73.62678
73.65115
73.6651
73.68665
73.70055
73.72385
73.74094
73.76231
73.77866
73.80227
73.81773
73.83923
73.85371
73.87794
73.89178
73.91561
73.92936
73.95232
73.96684
73.98908
74.00259
74.02371
74.03386
74.05794
74.06793
74.08881
74.10629
74.11916
74.14239
74.14425
74.1776
74.18181
74.21278
74.22036
74.25063
74.25706
74.28849
74.29489
74.32543
74.3327
74.36337
74.36789
74.40305
74.40284
74.43526
74.43581
74.47347
74.4734
74.50979
74.51125
74.54515
74.54947
74.57872
74.5864
74.6179
74.62296
74.65394
74.66087
74.68848
74.69807
74.72523
74.73418
74.76435
74.76577
74.79619
74.7992
74.83306
74.83847
74.87061
74.87653
74.90662
74.91571
74.94356
74.9539
74.98441
74.99196
75.0214
75.03115
75.05492
75.07101
75.0929
75.10513
75.13278
75.14153
75.17081
75.17917
75.2104
75.22014
75.24723
75.25859
75.28603
75.2995
75.3255
75.33743
75.36359
75.37684
75.40303
75.41613
75.43862
75.45408
75.47786
75.48832
75.51461
75.52535
75.55442
75.56615
75.59282
75.60435
75.62865
75.64304
75.6656
75.68024
75.70352
75.71793
75.74091
75.75624
75.77911
75.79502
75.81322
75.83033
75.85167
75.86532
75.88926
75.90448
75.92702
75.94288
75.96102
75.98095
75.99758
76.01867
76.03407
76.05548
76.0885
76.09282
76.11507
76.11896
76.12016
76.13736
76.15158
76.16879
76.18697
76.18903
76.22592
76.22024
76.26127
76.25298
76.30042
76.28979
76.33723
76.32824
76.37543
76.36729
76.41148
76.40143
76.44652
76.43919
76.48324
76.47574
76.52121
76.51075
76.55721
76.54885
76.59415
76.58566
76.63164
76.62307
76.66952
76.66022
76.70687
76.69843
76.74534
76.73454
76.7803
76.76983
76.81906
76.80898
76.85531
76.84798
76.89249
76.88378
76.92834
76.92151
76.96643
76.95949
77.00438
76.99856
77.04355
77.03511
77.0791
77.07401
77.11649
77.10999
77.15322
77.14472
77.18989
77.18209
77.22844
77.21932
77.26642
77.258
77.30329
77.29705
77.34222
77.33588
77.38116
77.37537
77.4191
77.41124
77.4589
77.45041
77.49651
77.49021
77.53303
77.52613
77.57228
77.56393
77.6114
77.60308
77.64941
77.6421
77.68859
77.68101
77.72794
77.71893
77.76513
77.75711
77.80397
77.79378
77.84071
77.83324
77.87876
77.87255
77.91566
77.91068
77.95426
77.94971
77.99361
77.98684
78.03165
78.02534
78.07023
78.06134
78.10841
78.10043
78.14177
78.1372
78.18092
78.17463
78.21474
78.21288
78.25198
78.2458
78.28735
78.28121
78.32484
78.31837
78.35962
78.35406
78.39636
78.39202
78.43543
78.42798
78.47305
78.46574
78.50527
78.50146
78.5443
78.54043
78.57841
78.57884
78.61748
78.61411
78.6566
78.65332
78.69121
78.68895
78.72693
78.72598
78.76545
78.76314
78.80207
78.79967
78.84096
78.83793
78.87794
78.8749
78.91706
78.91427
78.9537
78.95345
78.99306
78.99062
79.03129
79.02952
79.06468
79.0666
79.10168
79.104
79.13744
79.1389
79.17593
79.17528
79.21072
79.21306
79.24892
79.25085
79.2861
79.28671
79.32291
79.32541
79.36214
79.36423
79.40009
79.40302
79.43257
79.43616
79.46996
79.47257
79.50577
79.50964
79.54414
79.54693
79.57814
79.5832
79.61486
79.62188
79.65402
79.65894
79.68795
79.69534
79.72415
79.73077
79.76277
79.76921
79.79555
79.80457
79.83274
79.84076
79.87164
79.87991
79.91075
79.91737
79.94762
79.95459
79.98401
79.99296
80.02198
80.02937
80.05653
80.06778
80.09541
80.1049
80.1348
80.14192
80.16912
80.17946
80.20924
80.21836
80.24729
80.25762
80.28653
80.29738
80.3241
80.33527
80.36291
80.37375
80.39847
80.40978
80.43643
80.44895
80.47466
80.48679
80.51263
80.52341
80.54803
80.56091
80.5871
80.59777
80.62546
80.63524
80.65951
80.67334
80.69662
80.70685
80.73019
80.73673
80.76572
80.74559
80.79717
80.76702
80.80605
80.79531
80.81489
80.80415
80.83498
80.83573
80.85589
80.85577
80.86471
80.87436
80.90219
80.90377
80.94094
80.93691
80.96437
80.96346
80.99892
80.99596
81.03649
81.02138
81.07284
81.05689
81.11071
81.09576
81.14802
81.13401
81.18576
81.17279
81.21941
81.21094
81.25769
81.24775
81.2962
81.28484
81.33537
81.32195
81.37357
81.35981
81.41089
81.39999
81.44773
81.43556
81.4869
81.47551
81.52498
81.51465
81.56136
81.55249
81.59555
81.58825
81.63241
81.62485
81.66988
81.66222
81.7105
81.70007
81.74815
81.73733
81.78506
81.77505
81.819
81.81222
81.8576
81.85006
81.89577
81.88865
81.9329
81.92738
81.97141
81.9647
82.00935
82.00379
82.04893
82.04191
82.08822
82.08118
82.12503
82.11783
82.16174
82.15398
82.19766
82.19284
82.23761
82.23222
82.27676
82.27083
82.31685
82.30995
82.35548
82.3486
82.395
82.3896
82.43409
82.42796
82.47363
82.46515
82.51291
82.50442
82.54888
82.54386
82.58553
82.58138
82.62411
82.61983
82.66373
82.65714
82.70243
82.69664
82.74166
82.73759
82.78123
82.77715
82.8211
82.81526
82.86055
82.85414
82.89671
82.89518
82.93623
82.93385
82.97514
82.97318
83.01342
83.01188
83.05457
83.05219
83.09406
83.09163
83.13473
83.12977
83.17188
83.16827
83.21111
83.20554
83.24693
83.2442
83.28284
83.28255
83.32288
83.31978
83.3605
83.35808
83.40005
83.39549
83.43645
83.43483
83.47726
83.47217
83.51371
83.50922
83.55334
83.54978
83.59267
83.58713
83.63135
83.62772
83.67031
83.66412
83.70727
83.70171
83.74467
83.74033
83.78339
83.77733
83.81937
83.81542
83.85869
83.85333
83.89722
83.89239
83.93594
83.93159
83.97415
83.97112
84.01178
84.00919
84.05108
84.04669
84.08901
84.08618
84.12721
84.12539
84.1657
84.16187
84.20393
84.20132
84.2431
84.24032
84.28127
84.27842
84.31976
84.31796
84.35781
84.3549
84.39704
84.39449
84.43506
84.43338
84.47414
84.47175
84.51075
84.50967
84.55128
84.54803
84.59078
84.5875
84.63055
84.6255
84.66574
84.66267
84.70256
84.69987
84.73994
84.73604
84.81747
84.77528
84.85201
84.81396
84.88925
84.85173
84.92827
84.88478
84.96622
84.9211
85.00406
84.96151
85.03964
84.99977
85.07608
85.03817
85.11481
85.07631
85.15067
85.11061
85.18958
85.15011
85.22642
85.18767
85.26396
85.22589
85.30379
85.26532
85.34324
85.30368
85.38097
85.34237
85.41884
85.38229
85.4564
85.42097
85.49631
85.46007
85.53568
85.49702
85.57405
85.53663
85.61182
85.5757
85.65203
85.61506
85.69171
85.65579
85.73182
85.6945
85.77138
85.73575
85.81113
85.77541
85.85073
85.81574
85.891
85.85525
85.92999
85.89603
85.96828
85.93554
86.0079
85.97465
86.04895
86.01387
86.08785
86.05483
86.12855
86.09339
86.16673
86.13327
86.20549
86.17284
86.28483
86.21398
86.32334
86.25274
86.36251
86.29232
86.40255
86.33099
86.44022
86.36907
86.48152
86.41014
86.51961
86.44781
86.55816
86.48805
86.5976
86.52756
86.63868
86.56721
86.67738
86.60594
86.71629
86.64671
86.75587
86.68407
86.79315
86.72267
86.83282
86.76214
86.87107
86.80064
86.90995
86.84047
86.94962
86.88185
86.98937
86.9213
87.02772
86.96168
87.06723
86.99926
87.10366
87.03811
87.14292
87.07735
87.18233
87.11675
87.22117
87.1567
87.25903
87.19599
87.29942
87.23389
87.33651
87.27317
87.37529
87.31235
87.41253
87.34908
87.45154
87.38764
87.49091
87.42692
87.56944
87.46704
87.60864
87.50529
87.6465
87.54565
87.68573
87.58392
87.72444
87.62186
87.76028
87.66202
87.79984
87.69944
87.83806
87.73713
87.87783
87.77636
87.91611
87.81554
87.95293
87.85387
87.99267
87.89182
88.03004
87.93107
88.06821
87.96853
88.10612
88.00684
88.14098
88.04482
88.1797
88.08123
88.2151
88.11954
88.25435
88.15923
88.29435
88.19725
88.33374
88.23781
88.37225
88.27662
88.41071
88.31525
88.44876
88.354
88.48889
88.39085
88.52698
88.43029
88.56728
88.47101
88.60541
88.51019
88.64648
88.55098
88.68538
88.59071
88.72652
88.63111
88.76601
88.66983
88.80495
88.70992
88.84458
88.74796
88.88519
88.78751
88.92459
88.82851
88.9631
88.86782
89.00156
88.90733
89.04099
88.94685
89.08202
88.9879
89.12148
89.02746
89.16001
89.06688
89.19957
89.10551
89.23909
89.14436
89.27853
89.18385
89.3172
89.22337
89.35477
89.26212
89.39421
89.29996
89.433
89.33943
89.47221
89.38076
89.5116
89.42049
89.55033
89.45879
89.59017
89.49863
89.63153
89.53834
89.67119
89.57959
89.71172
89.61905
89.75097
89.65917
89.78961
89.6973
89.82838
89.73653
89.86503
89.77527
89.90421
89.81208
89.94333
89.84976
89.9826
89.88896
90.02124
89.92821
90.06041
89.96761
90.09954
90.00552
90.1374
90.04605
90.17676
90.08537
90.21552
90.1264
90.25491
90.16505
90.29351
90.20361
90.33122
90.24183
90.37052
90.28055
90.44843
90.31891
90.48692
90.35838
90.52545
90.39747
90.56419
90.43517
90.60354
90.47459
90.64218
90.51353
90.6808
90.55244
90.71892
90.59182
90.75835
90.6312
90.79767
90.67063
90.83469
90.70992
90.87391
90.74814
90.91349
90.78774
90.95304
90.82721
90.99263
90.86682
91.03211
90.90653
91.07339
90.94635
91.11295
90.98695
91.1543
91.02682
91.19273
91.06709
91.23423
91.1064
91.2741
91.14805
91.31559
91.18809
91.35542
91.22973
91.3963
91.26984
91.43623
91.31131
91.47773
91.35117
91.51759
91.39223
91.5591
91.43214
91.5985
91.47363
91.64017
91.5136
91.67923
91.55408
91.72089
91.59401
91.76089
91.63525
91.80222
91.67533
91.84218
91.71441
91.88368
91.7543
91.92352
91.7959
91.96497
91.83574
92.00475
91.8755
92.04497
91.91555
92.08492
91.95536
92.12484
91.99528
92.16542
92.03519
92.20528
92.07658
92.24679
92.11648
92.28653
92.15788
92.328
92.19769
92.3677
92.23903
92.40736
92.27879
92.44733
92.32023
92.48677
92.35995
92.5265
92.39923
92.56621
92.43881
92.60567
92.48008
92.64439
92.51962
92.68391
92.55914
92.72325
92.59781
92.76275
92.63722
92.80233
92.67671
92.8418
92.71635
92.88164
92.75587
92.92112
92.79607
92.96021
92.83551
93.00001
92.87514
93.03984
92.91651
93.07968
92.95629
93.1196
92.99622
93.16132
93.03624
93.20055
93.07686
93.24143
93.11697
93.28129
93.15854
93.32174
93.19852
93.36176
93.23892
93.40343
93.27905
93.44357
93.32049
93.48505
93.36042
93.5249
93.40207
93.56522
93.44192
93.60512
93.48335
93.64481
93.52301
93.68439
93.56274
93.72585
93.60246
93.76564
93.64409
93.80563
93.68294
93.84542
93.7228
93.88528
93.76263
93.92513
93.8025
93.96468
93.84218
94.0043
93.88167
94.04376
93.92124
94.08327
93.96085
94.12281
93.99976
94.16263
94.03925
94.20225
94.08038
94.24193
94.12024
94.28171
94.15566
94.32229
94.19537
94.36195
94.23663
94.40331
94.2763
94.44294
94.31754
94.48425
94.35727
94.52392
94.39698
94.56266
94.43594
94.6016
94.47661
94.64129
94.51624
94.68082
94.55588
94.72219
94.59556
94.76178
94.63522
94.80307
94.67481
94.84277
94.71433
94.88235
94.7539
94.92193
94.79346
94.96322
94.83313
95.00288
94.87285
95.04257
94.91409
95.08241
94.95388
95.11971
94.99374
95.15961
95.02609
95.19451
95.06487
95.23592
95.10465
95.27556
95.14508
95.31682
95.18489
95.35661
95.22468
95.39629
95.26193
95.43605
95.30331
95.46736
95.34306
95.50728
95.38295
95.54707
95.4228
95.58717
95.46033
95.62215
95.50036
95.64958
95.53469
95.67721
95.5613
95.71099
95.5964
95.75115
95.62799
95.79121
95.66821
95.83303
95.70082
95.85561
95.72501
95.8849
95.73498
95.91737
95.76266
95.94756
95.79105
95.97419
95.82103
96.00173
95.84108
96.01168
95.86523
96.04088
95.8852
96.0685
95.89273
96.09073
95.90765
96.11425
95.9176
96.14937
95.98944
96.18705
96.01682
96.22871
96.11748
96.25632
96.16245
96.27285
96.17236
96.29283
96.1889
96.30268
96.22135
96.3327
96.2588
96.36755
96.29797
96.40912
96.33775
96.44903
96.37641
96.48844
96.41608
96.52679
96.45577
96.5681
96.49698
96.60774
96.53642
96.64809
96.57762
96.68754
96.6171
96.72865
96.65815
96.76882
96.73687
96.81031
96.77749
96.85118
96.81729
96.89204
96.89973
96.93229
96.94002
96.9703
96.97781
97.00587
97.01487
97.04424
97.05516
97.08407
97.09567
97.12457
97.13596
97.16399
97.175
97.20127
97.21555
97.24048
97.25586
97.28057
97.29524
97.31933
97.33431
97.35883
97.3744
97.39832
97.41299
97.47485
97.45332
97.51331
97.49386
97.55302
97.53235
97.59232
97.57332
97.61996
97.61238
97.62894
97.64118
97.65796
97.66387
97.68954
97.68541
97.6948
97.69187
97.70003
97.731
97.73322
97.73997
97.77258
97.77136
97.80836
97.79968
97.81738
97.80615
97.85605
97.84135
97.88554
97.86797
97.89201
97.87691
97.91454
97.88586
97.92107
97.90291
97.94178
97.92715
97.94829
97.93617
97.97091
97.95718
97.97959
97.96365
97.99103
97.97261
97.99628
97.98158
98.01047
98.0006
98.01572
98.00706
98.03497
98.02699
98.04552
98.03344
98.052
98.04243
98.05852
98.05807
98.06754
98.06454
98.07407
98.07106
98.0806
98.08263
98.08965
98.08791
98.09877
98.09319
98.10781
98.1022
98.11695
98.11123
98.12608
98.11968
98.13268
98.12622
98.14835
98.14273
98.15739
98.15176
98.16396
98.16058
98.17298
98.18133
98.19306
98.18787
98.19832
98.21034
98.22572
98.21681
98.23097
98.22531
98.23623
98.23176
98.25434
98.24071
98.25963
98.2497
98.26491
98.25869
98.28355
98.26642
98.29002
98.27168
98.31546
98.2878
98.32445
98.29308
98.33842
98.29832
98.34367
98.3168
98.34893
98.32206
98.3554
98.3361
98.3618
98.34134
98.36829
98.34657
98.37724
98.36034
98.38248
98.36684
98.38772
98.38464
98.40024
98.38985
98.40671
98.39507
98.41194
98.4065
98.41716
98.41174
98.42239
98.41695
98.42761
98.42336
98.4328
98.42857
98.43802
98.43377
98.44446
98.43897
98.4509
98.44968
98.4561
98.45486
98.46129
98.46006
98.46771
98.46526
98.47291
98.47919
98.47812
98.48441
98.48958
98.48963
98.49482
98.51582
98.50004
98.52103
98.50525
98.52625
98.52763
98.55502
98.53284
98.56023
98.53807
98.56543
98.56719
98.58151
98.57243
98.58673
98.57766
98.59192
98.59629
98.61712
98.60149
98.62233
98.60669
98.62751
98.61886
98.64882
98.62775
98.65523
98.64681
98.66162
98.65199
98.67924
98.67139
98.68441
98.69266
98.68958
98.6978
98.69743
98.70294
98.70258
98.7118
98.70774
98.71693
98.72849
98.72208
98.73362
98.73007
98.73877
98.74664
98.74823
98.75177
98.75338
98.7569
98.75853
98.76713
98.76488
98.77229
98.77005
98.77743
98.77521
98.78381
98.78159
98.78897
98.78674
98.79414
98.79192
98.80191
98.80003
98.8083
98.80521
98.81348
98.81039
98.81865
98.8156
98.82507
98.822
98.83565
98.82719
98.84084
98.83237
98.84605
98.83881
98.85501
98.84832
98.86771
98.85593
98.87549
98.86115
98.88195
98.86637
98.89469
98.87534
98.9137
98.88712
98.91892
98.89989
98.92624
98.90511
98.9352
98.91407
98.94346
98.93076
98.94872
98.95815
98.95396
98.96712
98.9592
98.98028
98.96568
98.98551
98.97401
98.99074
98.98299
98.99722
98.98948
99.00371
98.99474
99.01019
99.00002
99.01543
99.00901
99.02068
99.02058
99.02591
99.02588
99.03237
99.03116
99.03759
99.04016
99.04282
99.04546
99.05181
99.05076
99.05701
99.05603
99.06223
99.06134
99.06873
99.0666
99.07517
99.07305
99.08044
99.07835
99.08563
99.08362
99.09395
99.092
99.09917
99.1001
99.10442
99.10661
99.11089
99.11474
99.11987
99.13087
99.12514
99.13617
99.1304
99.14144
99.13567
99.14959
99.1477
99.15488
99.15298
99.16018
99.15829
99.18425
99.17254
99.19073
99.17907
99.21368
99.20261
99.21893
99.20785
99.22419
99.22237
99.2471
99.23135
99.25607
99.2461
99.26254
99.25255
99.27876
99.26305
99.28397
99.26826
99.28916
99.27348
99.3102
99.2907
99.3154
99.29716
99.32058
99.31321
99.33453
99.31841
99.33973
99.32361
99.34489
99.34155
99.36226
99.34673
99.36742
99.35188
99.37258
99.37196
99.38924
99.37711
99.39438
99.38226
99.39952
99.39864
99.40586
99.40379
99.411
99.40896
99.41615
99.42059
99.42506
99.42577
99.4319
99.43094
99.43826
99.43981
99.44462
99.44618
99.44978
99.45255
99.45493
99.45774
99.4613
99.46292
99.46766
99.47057
99.47401
99.47696
99.47918
99.48334
99.48434
99.48973
99.4895
99.49492
99.49586
99.50009
99.50224
99.51026
99.50743
99.51727
99.51261
99.52367
99.52589
99.53255
99.53364
99.54723
99.54507
99.55364
99.56789
99.5674
99.57809
99.57264
99.58815
99.57787
99.59335
99.58681
99.59857
99.59341
99.60825
99.60178
99.61469
99.60699
99.62362
99.61221
99.63004
99.61868
99.63644
99.62933
99.64412
99.64469
99.65939
99.65871
99.6646
99.66396
99.66982
99.6692
99.67786
99.67976
99.6843
99.68622
99.68949
99.69144
99.69472
99.69664
99.70114
99.70187
99.70637
99.70711
99.71159
99.72068
99.71802
99.72593
99.72327
99.73235
99.72848
99.7376
99.73492
99.74284
99.74134
99.74812
99.74657
99.75462
99.75185
99.75992
99.75712
99.7652
99.7624
99.77425
99.76768
99.77955
99.77296
99.78487
99.78692
99.79017
99.79219
99.79668
99.79749
99.80201
99.80278
99.80735
99.81175
99.81267
99.8171
99.82172
99.82245
99.82828
99.83562
99.83363
99.84106
99.83902
99.84647
99.85025
99.85304
99.85686
99.86469
99.866
99.87136
99.8726
99.87798
99.87923
99.8915
99.89
99.91005
99.90366
99.91544
99.91273
99.92658
99.9261
99.93551
99.94153
99.95392
99.94788
99.96278
99.95672
99.96909
99.96552
99.97421
99.97428
99.9793
99.98312
99.98966
99.9882
99.99476
99.99332
99.99986
99.99838
100.005
100.0047
100.01
100.0098
100.0164
100.0149
100.0214
100.02
100.0266
100.0251
100.0317
100.0314
100.038
100.0402
100.0431
100.0453
100.0482
100.0504
100.0545
100.0555
100.0596
100.0643
100.0647
100.0695
100.0727
100.0746
100.0778
100.0797
100.0916
100.0848
100.0968
100.0911
100.1019
100.0963
100.1157
100.1014
100.1208
100.1117
100.126
100.1168
100.1324
100.122
100.1375
100.1271
100.1427
100.136
100.1479
100.1411
100.1532
100.1515
100.1584
100.1566
100.1673
100.1618
100.1737
100.1682
100.1789
100.1734
100.1842
100.1786
100.1894
100.185
100.2009
100.1914
100.2074
100.1979
100.2262
100.2043
100.2352
100.2096
100.2543
100.2148
100.2596
100.2238
100.265
100.2403
100.2829
100.2467
100.3058
100.2532
100.3112
100.2613
100.3165
100.2703
100.3277
100.2843
100.333
100.2895
100.3383
100.3586
100.3616
100.3638
100.3669
100.3702
100.3787
100.3767
100.384
100.3906
100.3894
100.3958
100.4009
100.4011
100.4062
100.4121
100.4115
100.4173
100.4284
100.4306
100.4337
100.437
100.4389
100.4423
100.4441
100.4475
100.4505
100.4539
100.4626
100.4628
100.4678
100.4693
100.473
100.4782
100.4794
100.4846
100.4847
100.4935
100.4899
100.505
100.4951
100.5102
100.5062
100.5154
100.5115
100.5231
100.5167
100.5296
100.5257
100.536
100.5322
100.5425
100.5461
100.5515
100.5526
100.5567
100.559
100.562
100.5748
100.573
100.5812
100.5874
100.5978
100.5939
100.6055
100.6004
100.626
100.6094
100.6413
100.6146
100.6477
100.6199
100.6567
100.6365
100.6731
100.657
100.6797
100.6647
100.6942
100.6732
100.7031
100.6785
100.712
100.6899
100.7197
100.6964
100.7261
100.7054
100.7313
100.7158
100.7365
100.7238
100.7454
100.7302
100.7506
100.7354
100.7595
100.7406
100.7672
100.7471
100.7736
100.7629
100.7812
100.7693
100.7876
100.7745
100.7939
100.7797
100.8069
100.7861
100.8121
100.7925
100.8216
100.7977
100.8268
100.8078
100.832
100.8142
100.8409
100.8232
100.8557
100.8308
100.8621
100.8483
100.8709
100.8572
100.8773
100.8624
100.8938
100.8689
100.9026
100.8753
100.9115
100.8842
100.9179
100.8905
100.9297
100.8969
100.9463
100.9033
100.9565
100.9205
100.9712
100.9547
100.9839
100.965
100.9902
100.9789
101.0033
100.9902
101.0097
100.9966
101.0174
101.008
101.025
101.0156
101.0376
101.0302
101.0441
101.0366
101.0546
101.0455
101.0622
101.0519
101.0735
101.0633
101.0799
101.0719
101.0851
101.0782
101.0903
101.0834
101.0969
101.0886
101.1033
101.0986
101.1097
101.1094
101.1161
101.1146
101.1224
101.1198
101.1288
101.125
101.134
101.1356
101.1392
101.1408
101.148
101.146
101.1544
101.1524
101.1608
101.16
101.166
101.1664
101.1712
101.1728
101.1764
101.1795
101.1817
101.1847
101.1903
101.1899
101.2012
101.1963
101.209
101.2015
101.2154
101.208
101.2218
101.2169
101.2282
101.2233
101.2346
101.2285
101.241
101.2337
101.2462
101.2418
101.2514
101.247
101.2578
101.2571
101.263
101.2639
101.2682
101.279
101.2746
101.2854
101.291
101.2993
101.2999
101.3045
101.3152
101.3097
101.33
101.3161
101.3364
101.3268
101.3454
101.3385
101.3543
101.3437
101.3646
101.3489
101.3723
101.3554
101.3787
101.363
101.3852
101.3762
101.3918
101.3814
101.3971
101.3867
101.4024
101.3932
101.4141
101.4009
101.4193
101.4074
101.4246
101.4164
101.4299
101.4217
101.4364
101.427
101.4417
101.4323
101.4471
101.4387
101.4575
101.4553
101.4628
101.4606
101.4681
101.4659
101.4772
101.4712
101.4838
101.4777
101.4929
101.4843
101.502
101.4895
101.5111
101.4949
101.5166
101.5062
101.522
101.517
101.5274
101.5223
101.5328
101.5277
101.5381
101.5457
101.5472
101.5547
101.5538
101.5601
101.5604
101.5654
101.5658
101.572
101.5711
101.5774
101.5798
101.5827
101.5852
101.5893
101.5906
101.5998
101.5973
101.6064
101.604
101.6155
101.6094
101.6221
101.6148
101.6288
101.6214
101.6354
101.6306
101.6444
101.6398
101.651
101.6486
101.6564
101.6628
101.663
101.672
101.6697
101.6844
101.6804
101.691
101.6857
101.6976
101.691
101.7067
101.7001
101.7182
101.7186
101.7274
101.7253
101.734
101.7319
101.7431
101.7374
101.7498
101.7428
101.7564
101.7494
101.7648
101.756
101.7703
101.7614
101.7794
101.7667
101.786
101.7721
101.7926
101.7787
101.7992
101.7841
101.8046
101.7895
101.81
101.8036
101.8188
101.8091
101.8254
101.8145
101.8371
101.8258
101.8453
101.8312
101.8519
101.8365
101.8585
101.8472
101.8639
101.8538
101.8693
101.8628
101.8759
101.8694
101.8814
101.8747
101.8868
101.8801
101.8935
101.8866
101.9002
101.8995
101.9069
101.9049
101.9124
101.9103
101.9178
101.9157
101.927
101.9223
101.9324
101.9305
101.9378
101.9396
101.9444
101.9462
101.951
101.9628
101.9577
101.9719
101.9643
101.981
101.9784
101.9865
101.9851
101.9919
101.9933
101.9985
102.0072
102.0077
102.0146
102.0131
102.0238
102.0185
102.0304
102.0362
102.0396
102.0428
102.0463
102.0494
102.0529
102.0585
102.0645
102.0651
102.0738
102.0742
102.0804
102.0796
102.0922
102.0849
102.0976
102.0903
102.103
102.1011
102.1084
102.1065
102.1176
102.1118
102.123
102.1234
102.1285
102.1289
102.1401
102.1343
102.1456
102.1434
102.151
102.1488
102.1564
102.1543
102.1631
102.1707
102.1722
102.1781
102.1929
102.1872
102.1984
102.1989
102.2039
102.2044
102.2093
102.2099
102.216
102.2191
102.2215
102.2258
102.227
102.2349
102.2413
102.2404
102.2481
102.2459
102.2574
102.2526
102.2753
102.2609
102.2822
102.2663
102.2915
102.2718
102.3008
102.2811
102.3065
102.2866
102.3122
102.2934
102.3217
102.3124
102.3311
102.318
102.348
102.3236
102.3565
102.3304
102.3661
102.3373
102.3756
102.3558
102.3901
102.3615
102.4022
102.3671
102.4093
102.3814
102.4164
102.3959
102.4224
102.4029
102.4282
102.4123
102.4353
102.418
102.4412
102.4237
102.447
102.4295
102.453
102.4352
102.4627
102.4447
102.47
102.4517
102.476
102.4575
102.4821
102.4633
102.4894
102.4692
102.4956
102.4788
102.5018
102.4885
102.5079
102.4944
102.5142
102.5004
102.5205
102.5064
102.5278
102.5124
102.5341
102.5198
102.5404
102.5296
102.5467
102.5395
102.553
102.5456
102.5631
102.5517
102.5707
102.5616
102.5771
102.5765
102.5871
102.5827
102.5938
102.5891
102.6002
102.6058
102.6067
102.6196
102.6143
102.6259
102.6245
102.6323
102.6322
102.6488
102.6425
102.6667
102.6526
102.6865
102.6628
102.6929
102.6705
102.7006
102.6848
102.7083
102.6926
102.7148
102.7028
102.7214
102.7105
102.7317
102.7183
102.7383
102.7261
102.7448
102.7328
102.7516
102.7395
102.7595
102.7474
102.7663
102.7579
102.7728
102.7647
102.7792
102.7712
102.7871
102.7791
102.7937
102.7857
102.8004
102.7924
102.807
102.7991
102.8174
102.8094
102.8253
102.8172
102.8321
102.8238
102.8389
102.8316
102.8458
102.8382
102.8526
102.8451
102.8593
102.8516
102.8672
102.8583
102.8775
102.8651
102.8844
102.8754
102.891
102.8821
102.899
102.8889
102.9095
102.8955
102.9224
102.9022
102.9293
102.909
102.9361
102.9158
102.9441
102.9225
102.9521
102.9372
102.9589
102.944
102.9657
102.9508
102.9737
102.9576
102.9805
102.9655
102.9873
102.9723
102.9941
102.9791
103.0021
102.9859
103.0101
102.9927
103.017
102.9995
103.0238
103.0076
103.0306
103.0197
103.0386
103.0277
103.0454
103.0346
103.0522
103.0414
103.0602
103.0494
103.067
103.0574
103.0738
103.0642
103.0806
103.071
103.0874
103.079
103.0942
103.087
103.101
103.0966
103.1078
103.1047
103.1146
103.1115
103.1214
103.1183
103.1294
103.1251
103.1362
103.1319
103.143
103.1398
103.1498
103.1466
103.1578
103.1546
103.1683
103.1626
103.175
103.1706
103.1819
103.1774
103.1887
103.1842
103.1954
103.191
103.2034
103.199
103.2102
103.2058
103.217
103.2138
103.225
103.2218
103.2318
103.2286
103.2448
103.2354
103.2527
103.2421
103.2607
103.2489
103.2675
103.2557
103.2743
103.2626
103.2823
103.2693
103.2928
103.2798
103.2995
103.2878
103.3063
103.2946
103.3143
103.3014
103.3211
103.3119
103.3279
103.3187
103.3346
103.3254
103.3426
103.3322
103.3547
103.339
103.3615
103.3458
103.3683
103.3538
103.375
103.3618
103.3818
103.3686
103.3898
103.3754
103.3966
103.3858
103.4033
103.3963
103.4101
103.4031
103.4169
103.4099
103.4236
103.4167
103.4304
103.4234
103.4372
103.4302
103.4439
103.437
103.4507
103.445
103.4575
103.453
103.4642
103.461
103.4722
103.4677
103.479
103.4745
103.4857
103.4813
103.4925
103.4881
103.5005
103.4985
103.5084
103.5065
103.5152
103.5161
103.5219
103.5228
103.5287
103.5296
103.5355
103.5363
103.5434
103.5431
103.5502
103.5511
103.5569
103.5615
103.5637
103.5683
103.5704
103.5751
103.5772
103.5818
103.5852
103.5898
103.5932
103.5965
103.6027
103.6033
103.6095
103.61
103.6162
103.618
103.623
103.6247
103.636
103.6315
103.6439
103.6383
103.6507
103.645
103.6574
103.653
103.6642
103.6609
103.6709
103.6677
103.6777
103.6745
103.6845
103.6812
103.6924
103.688
103.6992
103.696
103.7059
103.7039
103.7127
103.7107
103.7194
103.7174
103.7262
103.7242
103.7329
103.7321
103.7397
103.7401
103.7465
103.7469
103.7544
103.7536
103.7612
103.7605
103.7679
103.7673
103.7747
103.774
103.7814
103.7808
103.7882
103.7875
103.7949
103.7943
103.8017
103.801
103.8084
103.8078
103.8164
103.8146
103.8231
103.8213
103.8299
103.8281
103.8366
103.8348
103.8462
103.8428
103.8541
103.8548
103.8609
103.8616
103.8676
103.8683
103.8744
103.8751
103.8811
103.8818
103.8891
103.8886
103.8958
103.8966
103.9025
103.9045
103.9093
103.9113
103.916
103.918
103.9228
103.9248
103.9324
103.9315
103.9403
103.9383
103.9471
103.945
103.9538
103.953
103.9605
103.9609
103.9673
103.9677
103.9752
103.9744
103.9857
103.9812
103.9924
103.9879
103.9992
103.9959
104.0059
104.0026
104.0155
104.0094
104.0222
104.0161
104.029
104.0229
104.0369
104.0296
104.0436
104.0376
104.0504
104.0456
104.0571
104.0523
104.0639
104.0591
104.0706
104.0658
104.0786
104.0725
104.0853
104.0805
104.0921
104.0872
104.0988
104.094
104.1056
104.1008
104.1123
104.1075
104.1191
104.1143
104.1258
104.121
104.1326
104.1277
104.1393
104.1345
104.146
104.1412
104.1528
104.1479
104.1608
104.1547
104.1675
104.1614
104.1742
104.1744
104.181
104.1839
104.1889
104.1919
104.1969
104.1998
104.2036
104.2066
104.2104
104.2133
104.2171
104.22
104.2239
104.2268
104.2306
104.2335
104.2374
104.2403
104.2441
104.247
104.2508
104.255
104.2588
104.2617
104.2655
104.2684
104.2723
104.2752
104.279
104.2819
104.287
104.2887
104.2937
104.2954
104.3005
104.3034
104.3084
104.3101
104.3164
104.3169
104.3243
104.3236
104.3311
104.3304
104.3378
104.3383
104.3499
104.3479
104.3566
104.3546
104.3634
104.3613
104.3701
104.3681
104.3781
104.3748
104.3848
104.3828
104.3915
104.3895
104.3983
104.3963
104.405
104.403
104.4118
104.4098
104.4197
104.4165
104.4265
104.4245
104.4332
104.4312
104.44
104.438
104.4467
104.4447
104.4535
104.4514
104.4602
104.4582
104.4669
104.4649
104.4737
104.4717
104.4804
104.4784
104.4872
104.4852
104.4939
104.4919
104.5007
104.4987
104.5074
104.5054
104.517
104.515
104.5238
104.5229
104.5317
104.5309
104.5396
104.5388
104.5464
104.5455
104.5531
104.5523
104.5599
104.559
104.5666
104.5658
104.5733
104.5725
104.5801
104.5793
104.5868
104.586
104.5936
104.5928
104.6003
104.5995
104.607
104.6063
104.6138
104.6142
104.6205
104.621
104.6284
104.6277
104.6352
104.6345
104.6419
104.6412
104.6487
104.6491
104.6554
104.6559
104.6658
104.6626
104.6738
104.6694
104.6806
104.6773
104.6874
104.6869
104.6941
104.6936
104.7009
104.7003
104.7076
104.7071
104.7155
104.715
104.7235
104.723
104.7302
104.7298
104.7369
104.7365
104.7437
104.7432
104.7504
104.75
104.7571
104.7567
104.7667
104.7634
104.7734
104.7702
104.7802
104.7781
104.7869
104.7849
104.7936
104.7916
104.8004
104.7983
104.8071
104.8051
104.8139
104.8118
104.8206
104.8186
104.8273
104.8265
104.8341
104.8332
104.8408
104.84
104.8475
104.8467
104.8555
104.8534
104.8623
104.8602
104.869
104.8681
104.8769
104.8835
104.8849
104.8903
104.8916
104.897
104.8984
104.9038
104.9051
104.9117
104.913
104.9184
104.9198
104.9252
104.9265
104.9348
104.9333
104.9415
104.94
104.9482
104.9467
104.9562
104.9535
104.9629
104.9602
104.9697
104.967
104.9764
104.9749
104.9832
104.9817
104.9911
104.9884
104.9978
104.9951
105.0046
105.0019
105.0113
105.0123
105.0181
105.0219
105.0248
105.0286
105.0352
105.0354
105.042
105.0421
105.0487
105.0488
105.0555
105.0556
105.0635
105.066
105.0702
105.0728
105.0769
105.0795
105.0837
105.0863
105.0904
105.093
105.0972
105.0997
105.1039
105.1077
105.1107
105.1144
105.1174
105.1211
105.1253
105.1279
105.1321
105.1346
105.1388
105.1414
105.1456
105.1481
105.1523
105.1549
105.1591
105.1616
105.1658
105.1684
105.1725
105.1751
105.1793
105.1818
105.186
105.1886
105.1928
105.1965
105.1995
105.2033
105.2063
105.21
105.2142
105.218
105.2246
105.2259
105.2314
105.2327
105.2381
105.2394
105.2461
105.2461
105.2528
105.2529
105.2596
105.2596
105.2663
105.2664
105.2742
105.2731
105.281
105.2798
105.2877
105.2866
105.2945
105.2933
105.3012
105.3013
105.3092
105.308
105.3159
105.3159
105.3226
105.3227
105.3294
105.3294
105.3373
105.3362
105.3441
105.3429
105.3508
105.3525
105.3576
105.3604
105.3643
105.3671
105.371
105.3739
105.379
105.3806
105.3857
105.3886
105.3924
105.3953
105.3992
105.4021
105.4072
105.41
105.4139
105.4167
105.4206
105.4235
105.4274
105.4355
105.4341
105.4423
105.4408
105.449
105.4476
105.4558
105.4543
105.4637
105.461
105.4704
105.469
105.4772
105.4757
105.4839
105.4825
105.4907
105.4892
105.4974
105.4971
105.5041
105.5039
105.5109
105.5106
105.5176
105.5173
105.5244
105.5241
105.5311
105.5308
105.5391
105.5376
105.5458
105.5443
105.5526
105.551
105.5605
105.559
105.5684
105.5694
105.5752
105.5762
105.5819
105.5829
105.5887
105.5908
105.5954
105.5976
105.6021
105.6043
105.6089
105.6111
105.6156
105.619
105.6224
105.6257
105.6291
105.6325
105.6359
105.6392
105.6426
105.646
105.6493
105.6564
105.6573
105.6632
105.664
105.6699
105.6708
105.6778
105.6804
105.6874
105.6871
105.6942
105.695
105.7009
105.703
105.7076
105.7097
105.7144
105.7165
105.7223
105.7232
105.7291
105.7312
105.7358
105.7379
105.7426
105.7447
105.7505
105.7526
105.7573
105.7594
105.7642
105.7661
105.7709
105.7741
105.7776
105.7808
105.7844
105.7876
105.7912
105.7943
105.7979
105.8011
105.8046
105.809
105.8114
105.8158
105.8193
105.8225
105.8261
105.8293
105.8328
105.836
105.8396
105.8428
105.8463
105.8495
105.8531
105.8562
105.8598
105.863
105.8665
105.8709
105.8745
105.8789
105.8812
105.8857
105.888
105.8924
105.8947
105.8991
105.9026
105.9071
105.9131
105.915
105.921
105.9218
105.9306
105.9313
105.9373
105.9381
105.9441
105.9448
105.9508
105.9516
105.9576
105.9583
105.9643
105.965
105.971
105.9718
105.9778
105.9785
105.9845
105.9853
105.9913
105.992
105.9993
106
106.006
106.0067
106.0127
106.0135
106.0207
106.0202
106.0286
106.0282
106.0354
106.0361
106.0421
106.0441
106.0489
106.0508
106.0556
106.0575
106.0636
106.0643
106.0715
106.0722
106.0782
106.079
106.085
106.0857
106.093
106.0937
106.0997
106.1004
106.1065
106.1072
106.1132
106.1139
106.1199
106.1207
106.1267
106.1274
106.1335
106.1353
106.1402
106.1421
106.1469
106.1488
106.1537
106.1556
106.1641
106.1623
106.1709
106.1691
106.1776
106.1758
106.1844
106.1825
106.1911
106.1893
106.1979
106.196
106.2046
106.2028
106.2113
106.2095
106.2181
106.2163
106.2248
106.2243
106.2316
106.231
106.2383
106.2377
106.2463
106.2445
106.2567
106.2549
106.2634
106.2645
106.2702
106.2724
106.2781
106.2792
106.286
106.2859
106.2928
106.2927
106.2995
106.2994
106.3063
106.3062
106.313
106.3129
106.3198
106.3196
106.3265
106.3264
106.3333
106.3331
106.3412
106.3411
106.348
106.3478
106.3547
106.3546
106.3626
106.3613
106.3694
106.3692
106.3761
106.3772
106.3841
106.3851
106.3908
106.3919
106.3976
106.3986
106.4055
106.4053
106.4122
106.4133
106.419
106.4201
106.4257
106.4268
106.4353
106.4347
106.4421
106.4415
106.4488
106.4482
106.4556
106.455
106.4635
106.4617
106.4702
106.4684
106.477
106.4764
106.4837
106.4831
106.4905
106.4899
106.4972
106.4966
106.5051
106.5033
106.5119
106.5102
106.5186
106.5169
106.5254
106.5237
106.5321
106.5304
106.5388
106.5372
106.5455
106.5439
106.5523
106.5507
106.559
106.5574
106.5669
106.5654
106.5737
106.5721
106.5804
106.5789
106.5884
106.5856
106.6004
106.5935
106.6071
106.6031
106.6139
106.6135
106.6218
106.6203
106.6286
106.627
106.6353
106.6338
106.6421
106.6405
106.6488
106.6473
106.6555
106.654
106.6623
106.6608
106.669
106.6675
106.6758
106.6743
106.6853
106.6838
106.6933
106.6918
106.7013
106.6985
106.708
106.7053
106.7148
106.712
106.7215
106.7199
106.7294
106.7304
106.7362
106.7371
106.7429
106.7439
106.7509
106.7518
106.7576
106.7598
106.7644
106.7665
106.7711
106.7745
106.7791
106.7812
106.7858
106.7879
106.7926
106.7947
106.7993
106.8014
106.806
106.8082
106.8128
106.8149
106.8207
106.8229
106.8275
106.8296
106.8342
106.8364
106.841
106.8431
106.8505
106.8499
106.8572
106.8566
106.864
106.8633
106.8707
106.8701
106.8774
106.8768
106.8842
106.8836
106.8909
106.8903
106.8977
106.8971
106.9044
106.9038
106.9123
106.9118
106.9191
106.9185
106.9258
106.9253
106.9354
106.932
106.9458
106.94
106.9525
106.9479
106.9593
106.9546
106.9672
106.9614
106.9739
106.9681
106.9807
106.9749
106.9874
106.9816
106.9942
106.9884
107.0009
106.9951
107.0076
107.0018
107.0144
107.0086
107.0211
107.0154
107.0278
107.0233
107.0383
107.0301
107.0462
107.0368
107.053
107.0447
107.0597
107.0515
107.0665
107.0582
107.0744
107.065
107.0811
107.0779
107.0879
107.0847
107.0974
107.0914
107.1042
107.0982
107.1109
107.1049
107.1176
107.1129
107.1256
107.1233
107.1323
107.1301
107.1391
107.1368
107.1458
107.1435
107.1526
107.1503
107.1593
107.157
107.1661
107.1638
107.174
107.1705
107.1807
107.1773
107.1875
107.184
107.1954
107.192
107.2022
107.1987
107.2089
107.2055
107.2156
107.2122
107.2224
107.2189
107.2291
107.2257
107.2358
107.2324
107.2426
107.2392
107.2493
107.2471
107.2561
107.2551
107.2628
107.2618
107.2696
107.2686
107.2775
107.2753
107.2879
107.2832
107.2947
107.2912
107.3014
107.2979
107.3093
107.3047
107.3161
107.3114
107.3228
107.3181
107.3296
107.3249
107.3363
107.3316
107.3431
107.3383
107.3498
107.3451
107.3565
107.3518
107.3633
107.3586
107.37
107.3665
107.3768
107.3733
107.3835
107.38
107.394
107.3879
107.4007
107.3947
107.4074
107.4014
107.4179
107.4081
107.4246
107.4149
107.4314
107.4253
107.4393
107.4321
107.4461
107.4388
107.4528
107.4455
107.4607
107.4535
107.4687
107.4614
107.4755
107.4682
107.4822
107.4749
107.489
107.4854
107.4957
107.4921
107.5024
107.4988
107.5092
107.5056
107.5187
107.5123
107.5255
107.519
107.5322
107.5258
107.539
107.5325
107.5469
107.5405
107.5536
107.5472
107.5604
107.5539
107.5671
107.5607
107.5739
107.5674
107.5806
107.5742
107.5873
107.5809
107.5941
107.5876
107.6008
107.5997
107.6075
107.6065
107.6143
107.6132
107.6222
107.6199
107.6326
107.6279
107.6394
107.6358
107.6461
107.6425
107.654
107.6493
107.6608
107.656
107.6675
107.6628
107.6742
107.6695
107.681
107.6763
107.6877
107.683
107.6944
107.6897
107.7011
107.6965
107.7091
107.7032
107.7158
107.7112
107.7225
107.7179
107.7293
107.7246
107.7372
107.7314
107.7439
107.7381
107.7507
107.7449
107.7586
107.7516
107.7654
107.7583
107.7721
107.7679
107.78
107.7746
107.7868
107.7814
107.7935
107.7881
107.8014
107.7948
107.8094
107.8028
107.8161
107.8095
107.8229
107.8163
107.8296
107.8267
107.8364
107.8346
107.8431
107.8414
107.8498
107.8481
107.8578
107.8548
107.8657
107.8628
107.8725
107.8695
107.8792
107.8763
107.8871
107.883
107.8939
107.891
107.9006
107.8977
107.9073
107.9044
107.9141
107.9112
107.9208
107.9179
107.9277
107.9246
107.9344
107.9314
107.9411
107.9393
107.9479
107.9461
107.9546
107.9528
107.9626
107.9596
107.9705
107.9663
107.9784
107.9742
107.9852
107.9822
107.9919
107.9889
107.9986
107.9957
108.0066
108.0024
108.0133
108.0091
108.02
108.0187
108.028
108.0254
108.0347
108.0322
108.0414
108.0389
108.0482
108.0457
108.0549
108.0536
108.0616
108.0603
108.0684
108.0671
108.0751
108.0738
108.0831
108.0806
108.0898
108.0873
108.0965
108.094
108.1032
108.1008
108.11
108.1087
108.1167
108.1155
108.1246
108.1222
108.1314
108.129
108.1381
108.1357
108.1461
108.1436
108.1541
108.1504
108.1608
108.1571
108.1675
108.1651
108.1742
108.1718
108.181
108.1814
108.1877
108.1893
108.1945
108.196
108.2012
108.204
108.2091
108.2107
108.2159
108.2175
108.2226
108.2242
108.2306
108.231
108.2373
108.2389
108.244
108.2456
108.252
108.2524
108.2587
108.2591
108.2654
108.2659
108.2721
108.2726
108.2789
108.2806
108.2856
108.2873
108.2924
108.2941
108.2991
108.3008
108.3071
108.3076
108.3175
108.3155
108.3242
108.3234
108.3309
108.3302
108.3377
108.3369
108.3444
108.3438
108.3512
108.3505
108.3591
108.3572
108.3658
108.364
108.3726
108.3707
108.3793
108.3775
108.3861
108.3842
108.3928
108.3909
108.3996
108.3989
108.4063
108.4056
108.413
108.4124
108.421
108.4191
108.4305
108.4258
108.4373
108.4326
108.444
108.4393
108.4507
108.4461
108.4575
108.454
108.4654
108.4619
108.4722
108.4687
108.4789
108.4754
108.4856
108.4821
108.4924
108.4901
108.5029
108.4968
108.5096
108.5035
108.5164
108.5131
108.5231
108.5199
108.5298
108.5266
108.5366
108.537
108.5433
108.5438
108.5501
108.5505
108.5568
108.5572
108.5636
108.564
108.5715
108.5707
108.5782
108.5775
108.585
108.5842
108.5917
108.5909
108.5985
108.6005
108.6052
108.6085
108.6132
108.6164
108.6199
108.6232
108.6266
108.6299
108.6334
108.6367
108.6401
108.6434
108.6481
108.6501
108.656
108.6581
108.6639
108.666
108.6707
108.6727
108.6774
108.6795
108.6842
108.6862
108.6909
108.693
108.6976
108.6997
108.7044
108.7065
108.7111
108.7132
108.7191
108.7199
108.7258
108.7267
108.7326
108.7334
108.7393
108.7414
108.7472
108.7481
108.754
108.7548
108.7635
108.7616
108.7715
108.7683
108.7782
108.7751
108.785
108.7818
108.7917
108.7885
108.7984
108.7965
108.8064
108.8032
108.8131
108.8099
108.8198
108.8167
108.8266
108.8234
108.8333
108.8314
108.8413
108.8381
108.848
108.8448
108.8548
108.8516
108.8615
108.8583
108.8682
108.8651
108.875
108.873
108.8817
108.881
108.8885
108.8877
108.8952
108.8944
108.9019
108.9012
108.9087
108.9079
108.9166
108.9146
108.9234
108.9214
108.9301
108.9281
108.9369
108.9349
108.9436
108.9416
108.9503
108.9496
108.9571
108.9575
108.9638
108.9643
108.9718
108.971
108.9785
108.9778
108.9853
108.9845
108.9932
108.9924
109.0036
109.0004
109.0104
109.0083
109.0171
109.0151
109.0238
109.0218
109.0306
109.0285
109.0373
109.0353
109.044
109.042
109.0508
109.0487
109.0575
109.0555
109.0643
109.0622
109.0722
109.069
109.079
109.0757
109.0857
109.0861
109.0925
109.0929
109.0992
109.0996
109.1059
109.1063
109.1139
109.1131
109.1206
109.1198
109.1274
109.1266
109.1341
109.1333
109.1408
109.1413
109.1488
109.148
109.1555
109.1547
109.1623
109.1615
109.169
109.1682
109.1758
109.1787
109.1837
109.1854
109.1917
109.1921
109.1996
109.1989
109.2064
109.2056
109.2131
109.2123
109.2198
109.2203
109.2266
109.227
109.2333
109.2338
109.2401
109.2405
109.2468
109.2485
109.2536
109.2552
109.2631
109.2619
109.2699
109.2687
109.2766
109.2754
109.2833
109.2822
109.2901
109.2889
109.2968
109.2956
109.3036
109.3036
109.3103
109.3115
109.3171
109.3183
109.3238
109.325
109.3306
109.3329
109.3373
109.3409
109.3494
109.3504
109.3573
109.3572
109.364
109.3639
109.3708
109.3706
109.3775
109.3774
109.3843
109.3841
109.391
109.3908
109.3978
109.3976
109.4045
109.4043
109.4112
109.411
109.418
109.4178
109.4247
109.4257
109.4315
109.4325
109.4382
109.4392
109.4449
109.446
109.4517
109.4527
109.4596
109.4594
109.4664
109.4662
109.4731
109.4729
109.4799
109.4797
109.4878
109.4876
109.4958
109.4943
109.5025
109.5011
109.5092
109.5078
109.516
109.5146
109.524
109.5225
109.5319
109.5293
109.5399
109.536
109.5466
109.5427
109.5534
109.5495
109.5601
109.5562
109.5668
109.5642
109.5736
109.5721
109.5803
109.5788
109.5883
109.5856
109.595
109.5923
109.6018
109.599
109.6097
109.6058
109.6164
109.6125
109.6232
109.6192
109.6299
109.626
109.6367
109.6339
109.6434
109.6419
109.6502
109.6486
109.6569
109.6554
109.6637
109.6621
109.6704
109.6688
109.6771
109.6756
109.6839
109.6851
109.6943
109.6955
109.7023
109.7023
109.709
109.709
109.7158
109.7158
109.7225
109.7225
109.7292
109.7292
109.7372
109.736
109.7439
109.7427
109.7506
109.7494
109.7574
109.7562
109.7641
109.7629
109.7709
109.7708
109.7776
109.7776
109.7844
109.7843
109.7911
109.791
109.7979
109.7978
109.8058
109.8045
109.8125
109.8124
109.8193
109.8191
109.826
109.8259
109.8328
109.8338
109.8407
109.8405
109.8475
109.8473
109.8542
109.854
109.8609
109.8608
109.8689
109.8687
109.8757
109.8754
109.8824
109.8822
109.8892
109.8889
109.8959
109.8957
109.9026
109.9024
109.9094
109.9091
109.9173
109.9171
109.9241
109.9238
109.9308
109.9305
109.9376
109.9373
109.9443
109.9452
109.9511
109.952
109.959
109.9587
109.9658
109.9654
109.9725
109.9722
109.9792
109.9801
109.986
109.9881
109.9927
109.9948
109.9995
110.0015
110.0062
110.0083
