10.01021
10.01064
10.01695
10.01737
10.02369
10.0241
10.03162
10.03201
10.03835
10.03874
10.0451
10.04547
10.05184
10.05219
10.05859
10.05892
10.06533
10.06565
10.07208
10.07238
10.07882
10.07911
10.08556
10.08584
10.0923
10.09256
10.09905
10.09929
10.10579
10.10602
10.11253
10.11275
10.11927
10.11948
10.12602
10.12621
10.13276
10.13294
10.1395
10.13968
10.14625
10.14641
10.153
10.15313
10.15974
10.15987
10.16649
10.16659
10.17324
10.17332
10.17998
10.18006
10.18673
10.18679
10.19347
10.19472
10.20022
10.20145
10.20696
10.20817
10.21371
10.2149
10.22045
10.22163
10.2272
10.22837
10.23395
10.2351
10.24069
10.24183
10.24744
10.24856
10.25418
10.25529
10.26093
10.26202
10.26768
10.26876
10.27442
10.27549
10.28117
10.28222
10.28791
10.28895
10.29466
10.29568
10.3014
10.30241
10.30815
10.30913
10.31489
10.31586
10.32164
10.32259
10.32838
10.32932
10.33512
10.33605
10.34187
10.34278
10.34863
10.34951
10.35537
10.35625
10.36211
10.36298
10.36885
10.36971
10.37677
10.37763
10.38351
10.38435
10.39026
10.39109
10.397
10.39782
10.40374
10.40455
10.41049
10.41128
10.41723
10.41922
10.42397
10.42594
10.43071
10.43267
10.43746
10.43941
10.4442
10.44614
10.45094
10.45287
10.45769
10.4596
10.46443
10.46633
10.47117
10.47306
10.47791
10.47979
10.48466
10.48652
10.4914
10.49325
10.49815
10.49999
10.50489
10.50671
10.51163
10.51345
10.51837
10.52018
10.52511
10.52691
10.53185
10.53364
10.5386
10.54037
10.54534
10.5471
10.55208
10.55503
10.55883
10.56175
10.56557
10.56848
10.57231
10.57522
10.57906
10.58195
10.5858
10.58868
10.59254
10.5954
10.5993
10.60212
10.60605
10.60885
10.61279
10.61558
10.61954
10.62231
10.62629
10.62904
10.63303
10.63577
10.63978
10.6425
10.64652
10.64923
10.65327
10.65596
10.66002
10.66268
10.66677
10.66941
10.67351
10.67614
10.68026
10.68288
10.687
10.68961
10.69374
10.69634
10.70049
10.70307
10.70723
10.7098
10.71397
10.71772
10.72071
10.72445
10.72745
10.73118
10.73419
10.73791
10.74094
10.74465
10.74767
10.75137
10.75442
10.75811
10.76395
10.76484
10.77069
10.77157
10.77744
10.77831
10.78418
10.78504
10.79092
10.79177
10.79767
10.7985
10.80442
10.80523
10.81116
10.81197
10.8179
10.81869
10.82465
10.82542
10.83139
10.83215
10.83814
10.83888
10.84488
10.8456
10.85163
10.85233
10.85837
10.85906
10.86512
10.8658
10.87186
10.87252
10.87861
10.87926
10.88535
10.88599
10.89209
10.89272
10.89883
10.89946
10.90557
10.90619
10.91232
10.91293
10.91907
10.91966
10.92582
10.92639
10.93257
10.93313
10.93931
10.93986
10.94606
10.94659
10.95281
10.95333
10.95956
10.96006
10.9663
10.96679
10.97305
10.97352
10.97979
10.98026
10.98654
10.98699
10.99329
10.99372
11.00004
11.00045
11.00678
11.00719
11.01353
11.01676
11.02027
11.02349
11.02702
11.03023
11.03378
11.03696
11.04051
11.04369
11.04726
11.05043
11.054
11.05716
11.06075
11.0639
11.06749
11.07063
11.07424
11.07736
11.08099
11.08527
11.08773
11.09201
11.09447
11.09874
11.10122
11.10547
11.10796
11.1122
11.11471
11.11892
11.12145
11.12564
11.12819
11.13238
11.13493
11.13911
11.14167
11.14583
11.14842
11.15256
11.15634
11.15928
11.16309
11.16601
11.16983
11.17274
11.17657
11.17946
11.18331
11.18619
11.19005
11.19292
11.1968
11.19965
11.20355
11.20638
11.21028
11.21311
11.21703
11.21984
11.22376
11.22657
11.23051
11.2333
11.23725
11.24003
11.24399
11.24676
11.25074
11.25348
11.25748
11.26021
11.26422
11.26694
11.27096
11.27366
11.2777
11.28039
11.28445
11.28711
11.29119
11.29383
11.29793
11.30056
11.30467
11.30728
11.31141
11.31401
11.31815
11.32073
11.32489
11.32746
11.33164
11.33418
11.33838
11.3409
11.34512
11.34763
11.35186
11.35436
11.3586
11.36108
11.36534
11.36781
11.37208
11.37453
11.37883
11.38126
11.38557
11.38798
11.3923
11.39471
11.39904
11.40143
11.40578
11.40816
11.41253
11.41488
11.41927
11.4216
11.426
11.42832
11.43275
11.43505
11.43948
11.44178
11.44623
11.4485
11.45296
11.45641
11.4597
11.46313
11.46644
11.46986
11.47317
11.47659
11.47991
11.48331
11.48665
11.49004
11.49338
11.49676
11.50012
11.5035
11.50686
11.51022
11.51359
11.51694
11.52033
11.52367
11.52707
11.53039
11.53381
11.53712
11.54055
11.54385
11.54729
11.55057
11.55402
11.55729
11.56076
11.56402
11.56749
11.57073
11.57423
11.57746
11.58096
11.58417
11.58769
11.59089
11.59442
11.59761
11.60115
11.60433
11.60787
11.61105
11.6146
11.61777
11.62133
11.62449
11.62806
11.63121
11.63479
11.63792
11.64152
11.64464
11.64824
11.65136
11.65498
11.65808
11.6617
11.6648
11.66843
11.67152
11.67516
11.67824
11.6819
11.68495
11.68863
11.69167
11.69535
11.69839
11.70208
11.70511
11.70881
11.71183
11.71554
11.71855
11.72227
11.72527
11.72901
11.73199
11.73573
11.73871
11.74245
11.74543
11.74918
11.75214
11.7559
11.75886
11.76263
11.76558
11.76936
11.7723
11.77609
11.77901
11.78282
11.78573
11.78955
11.79244
11.79627
11.79916
11.803
11.80588
11.80973
11.8126
11.81646
11.81931
11.82318
11.82603
11.82991
11.83275
11.83663
11.83946
11.84336
11.84618
11.85009
11.8529
11.85682
11.85962
11.86355
11.86634
11.87028
11.87306
11.87701
11.87978
11.88374
11.8865
11.89047
11.89322
11.89721
11.89993
11.90394
11.90665
11.91067
11.91337
11.9174
11.92009
11.92414
11.9268
11.93087
11.93352
11.9376
11.94024
11.94433
11.94696
11.95106
11.95368
11.95779
11.9604
11.96452
11.96711
11.97125
11.97383
11.97798
11.98055
11.98471
11.98726
11.99144
11.99398
11.99817
12.0007
12.0049
12.00742
12.01163
12.01414
12.01836
12.02086
12.0251
12.02758
12.03183
12.0343
12.0453
12.04101
12.05203
12.04773
12.05876
12.05445
12.06549
12.06117
12.07222
12.06789
12.07896
12.07461
12.08568
12.08132
12.09242
12.08803
12.09915
12.09475
12.10588
12.10147
12.11261
12.10819
12.11934
12.11491
12.12607
12.12163
12.13399
12.12835
12.1419
12.13506
12.14863
12.14178
12.15536
12.1485
12.16209
12.15522
12.16882
12.16193
12.17555
12.16865
12.18238
12.17537
12.18911
12.18209
12.19585
12.18881
12.20257
12.19552
12.20931
12.20224
12.21604
12.20896
12.22277
12.21568
12.2295
12.2224
12.23623
12.22911
12.24296
12.23583
12.24969
12.24254
12.25643
12.24926
12.2699
12.25597
12.27663
12.26269
12.28336
12.2694
12.2901
12.27612
12.29683
12.28284
12.30355
12.28955
12.31029
12.29627
12.31702
12.30299
12.32375
12.30971
12.33048
12.31643
12.33722
12.32315
12.34395
12.32987
12.35068
12.33659
12.35741
12.34331
12.36414
12.35003
12.37088
12.35675
12.37761
12.36347
12.38434
12.37019
12.39108
12.37691
12.39781
12.38363
12.40454
12.39035
12.41127
12.39707
12.418
12.40379
12.42474
12.41051
12.43147
12.41723
12.4382
12.42395
12.44493
12.43067
12.45166
12.43739
12.45839
12.44411
12.46512
12.45082
12.47185
12.45754
12.47858
12.46426
12.48532
12.47098
12.49205
12.4777
12.49878
12.48442
12.50551
12.49114
12.51224
12.49786
12.51898
12.50457
12.52571
12.5113
12.53244
12.51801
12.54035
12.52474
12.54708
12.53145
12.55381
12.53817
12.56053
12.54491
12.56726
12.55163
12.57399
12.55953
12.58072
12.56625
12.58745
12.57297
12.59419
12.57969
12.60091
12.5864
12.60764
12.59313
12.61437
12.59985
12.6211
12.60657
12.62782
12.61329
12.63455
12.62001
12.64128
12.62673
12.64801
12.63345
12.65474
12.64017
12.66146
12.64688
12.66819
12.65361
12.67492
12.66032
12.68165
12.66704
12.68838
12.67376
12.69511
12.68049
12.70183
12.6872
12.70857
12.69392
12.7153
12.70064
12.72203
12.70736
12.72876
12.71408
12.73549
12.7208
12.74222
12.72752
12.74894
12.73424
12.75568
12.74095
12.76241
12.74767
12.76914
12.75439
12.77587
12.76111
12.7826
12.76783
12.78933
12.77455
12.79607
12.78127
12.8028
12.78799
12.80953
12.7947
12.81626
12.80142
12.82299
12.80814
12.82971
12.81485
12.83644
12.82158
12.84316
12.82829
12.8499
12.83501
12.85663
12.84291
12.86336
12.84972
12.8701
12.85643
12.87683
12.86316
12.88356
12.86988
12.89028
12.8766
12.89702
12.88332
12.90494
12.89004
12.91167
12.89675
12.9184
12.90347
12.92633
12.91019
12.93306
12.91691
12.9398
12.92363
12.94653
12.93035
12.95326
12.93706
12.96
12.94378
12.96673
12.9505
12.97346
12.95722
12.98019
12.96394
12.98693
12.97066
12.99366
12.97737
13.00039
12.98409
13.00712
12.99081
13.01384
12.99753
13.02057
13.00425
13.0273
13.01097
13.03402
13.01769
13.04075
13.02441
13.04748
13.03112
13.05421
13.03784
13.06094
13.04456
13.06768
13.05128
13.07441
13.058
13.08115
13.06472
13.08788
13.07144
13.09461
13.07816
13.10134
13.08488
13.10808
13.0916
13.11481
13.09832
13.12154
13.10504
13.12827
13.11176
13.135
13.11848
13.14174
13.1252
13.14847
13.13192
13.1552
13.13864
13.16193
13.14536
13.16866
13.15207
13.17539
13.15879
13.18212
13.16551
13.18884
13.17223
13.19557
13.17895
13.2023
13.18567
13.20903
13.19239
13.21576
13.19911
13.22248
13.20583
13.23039
13.21255
13.23712
13.21926
13.24384
13.22598
13.25058
13.2327
13.25731
13.23942
13.26404
13.24614
13.27077
13.25286
13.27749
13.25957
13.28421
13.2663
13.29094
13.27302
13.29767
13.27974
13.3044
13.28646
13.31113
13.29318
13.31786
13.2999
13.32459
13.30662
13.33132
13.31333
13.33805
13.32005
13.34478
13.32677
13.35151
13.33349
13.35825
13.3402
13.36498
13.34693
13.37171
13.35364
13.37845
13.36036
13.38518
13.36708
13.39191
13.3738
13.39864
13.38052
13.40537
13.38724
13.4121
13.39396
13.41883
13.40067
13.42556
13.40739
13.43229
13.41411
13.43903
13.42083
13.44576
13.42755
13.45249
13.43427
13.45922
13.44099
13.46595
13.44771
13.47269
13.45443
13.47942
13.46115
13.48615
13.46787
13.49288
13.47458
13.49961
13.4813
13.50634
13.48802
13.51308
13.49474
13.51981
13.50146
13.52654
13.50818
13.53328
13.5149
13.54001
13.52162
13.54674
13.52834
13.55347
13.53506
13.56021
13.54178
13.56693
13.5485
13.57366
13.55523
13.58039
13.56195
13.58711
13.56867
13.59385
13.57539
13.60058
13.58211
13.60731
13.58883
13.61404
13.59555
13.62078
13.60227
13.62751
13.60899
13.63424
13.61572
13.64097
13.62244
13.64769
13.62916
13.65442
13.63588
13.66114
13.64378
13.66787
13.6505
13.67461
13.65722
13.68133
13.66394
13.68806
13.67066
13.69479
13.67738
13.70152
13.6841
13.70825
13.69082
13.71498
13.69754
13.72171
13.70426
13.72844
13.71097
13.73518
13.7177
13.74191
13.72441
13.74864
13.73114
13.75537
13.73786
13.7621
13.74457
13.76883
13.75129
13.77556
13.75802
13.78229
13.76474
13.78902
13.77146
13.79574
13.77818
13.80247
13.7849
13.8092
13.79162
13.81593
13.79835
13.82266
13.80507
13.82939
13.8118
13.83612
13.81851
13.84286
13.82523
13.84959
13.83195
13.85632
13.83867
13.86305
13.84539
13.86978
13.85211
13.87652
13.85883
13.88325
13.86555
13.88998
13.87228
13.89672
13.879
13.90345
13.88572
13.91018
13.89244
13.91692
13.89916
13.92365
13.90589
13.93038
13.91261
13.93711
13.91933
13.94384
13.92605
13.95058
13.93277
13.95731
13.93949
13.96404
13.94621
13.97078
13.95293
13.97751
13.95965
13.98425
13.96637
13.99098
13.97309
13.99771
13.97981
14.00445
13.98652
14.01399
13.99324
14.02072
14.00114
14.02746
14.00786
14.03419
14.01457
14.04093
14.02129
14.04766
14.02801
14.0544
14.03473
14.06113
14.04144
14.06787
14.04816
14.0746
14.05488
14.08133
14.0616
14.08807
14.06832
14.0948
14.07504
14.10153
14.08176
14.10826
14.08848
14.11499
14.09519
14.12172
14.10191
14.12845
14.10863
14.13518
14.11534
14.14191
14.12206
14.14865
14.12877
14.15538
14.13548
14.16211
14.14219
14.16884
14.1489
14.17557
14.15562
14.1823
14.16233
14.18903
14.16904
14.19577
14.17575
14.20249
14.18246
14.20923
14.18918
14.21596
14.19589
14.22269
14.20259
14.22943
14.2093
14.23616
14.21601
14.2429
14.22273
14.24963
14.22943
14.25636
14.23614
14.26309
14.24286
14.26983
14.24957
14.27656
14.25628
14.28329
14.26298
14.29002
14.26969
14.29675
14.2764
14.30348
14.28311
14.31022
14.28981
14.31695
14.29653
14.32368
14.30323
14.33041
14.30982
14.33713
14.31765
14.34386
14.32425
14.3506
14.33083
14.35732
14.33738
14.36405
14.34391
14.37077
14.35161
14.3775
14.35812
14.38422
14.3646
14.39095
14.37224
14.39767
14.37864
14.4044
14.38499
14.41112
14.39139
14.41784
14.39788
14.42457
14.40436
14.4313
14.41077
14.43803
14.41726
14.44476
14.4237
14.45149
14.43017
14.45821
14.43663
14.46494
14.44309
14.47167
14.44946
14.4784
14.45584
14.48513
14.46222
14.49187
14.46861
14.4986
14.47495
14.50534
14.48133
14.51207
14.48768
14.5188
14.49404
14.52553
14.50042
14.53227
14.50683
14.539
14.51443
14.54574
14.52079
14.55246
14.52717
14.55919
14.53352
14.56592
14.53988
14.57266
14.54619
14.58059
14.55252
14.58732
14.55884
14.59406
14.56516
14.60079
14.57152
14.60753
14.57785
14.61426
14.58418
14.62099
14.59165
14.62773
14.59795
14.63447
14.60426
14.6412
14.61055
14.64794
14.61685
14.65467
14.62318
14.66141
14.62949
14.66814
14.63585
14.67487
14.6422
14.68161
14.64856
14.68834
14.65494
14.69507
14.66254
14.70181
14.66897
14.70854
14.67535
14.71528
14.68174
14.72201
14.68819
14.72874
14.69468
14.73548
14.70113
14.74339
14.70777
14.75012
14.71442
14.75686
14.72102
14.76359
14.72765
14.77032
14.7343
14.77706
14.74098
14.78379
14.74761
14.79052
14.75426
14.79725
14.76091
14.80398
14.76877
14.81071
14.77662
14.81745
14.78328
14.82537
14.7899
14.83211
14.79651
14.83884
14.80314
14.84557
14.80973
14.85231
14.81628
14.85904
14.82288
14.86577
14.82946
14.87251
14.83604
14.87924
14.84268
14.88598
14.84938
14.89271
14.85602
14.89945
14.86268
14.90619
14.86936
14.91292
14.87607
14.92086
14.88278
14.92759
14.88949
14.93432
14.89741
14.94105
14.90412
14.94779
14.91083
14.95452
14.91754
14.96126
14.92425
14.96799
14.93096
14.97472
14.93767
14.98146
14.94438
14.9882
14.95228
14.99493
14.96019
15.00167
14.9669
15.0084
14.97361
15.01514
14.98032
15.02187
14.98703
15.0286
14.99374
15.03533
15.00045
15.04207
15.00837
15.04881
15.01508
15.05554
15.02179
15.06227
15.0285
15.06901
15.03521
15.07574
15.04192
15.08248
15.04864
15.08921
15.05535
15.09713
15.06206
15.10386
15.06877
15.11059
15.07548
15.11733
15.08219
15.12406
15.0889
15.13079
15.0956
15.13753
15.10232
15.14427
15.10903
15.151
15.11574
15.15774
15.12245
15.16447
15.12916
15.1712
15.13587
15.17793
15.14258
15.18467
15.14929
15.1914
15.156
15.19814
15.16271
15.20487
15.16942
15.2116
15.17613
15.21834
15.18284
15.22507
15.18955
15.23181
15.19626
15.23855
15.20297
15.24528
15.20968
15.25201
15.21639
15.25873
15.2231
15.26829
15.22981
15.27502
15.23653
15.28176
15.24324
15.28849
15.24995
15.29642
15.25666
15.30316
15.26337
15.30989
15.27008
15.31663
15.2768
15.32336
15.28351
15.3301
15.29022
15.33683
15.29812
15.34728
15.30482
15.35401
15.31153
15.36075
15.31824
15.36749
15.32495
15.37422
15.33166
15.38096
15.33837
15.38769
15.34508
15.39443
15.353
15.40235
15.35971
15.40909
15.36642
15.41582
15.37313
15.42255
15.37984
15.42929
15.38655
15.43602
15.39326
15.44275
15.39997
15.44949
15.40668
15.45622
15.41463
15.46296
15.42134
15.46968
15.42805
15.47641
15.43476
15.48315
15.44148
15.48988
15.44819
15.49661
15.4549
15.50335
15.46161
15.51009
15.46832
15.51682
15.47503
15.52356
15.48295
15.53029
15.49085
15.53702
15.49756
15.54375
15.50427
15.55048
15.51098
15.55721
15.51769
15.56394
15.52812
15.57067
15.53483
15.57741
15.54154
15.58414
15.54945
15.59087
15.55616
15.59761
15.56287
15.60434
15.56958
15.61108
15.5763
15.61781
15.58422
15.62455
15.59093
15.63128
15.59765
15.63921
15.60435
15.64713
15.61106
15.65386
15.61777
15.66059
15.62448
15.66733
15.63119
15.67407
15.63791
15.68081
15.6458
15.68874
15.65251
15.6967
15.65922
15.70344
15.66717
15.71017
15.67388
15.71691
15.68059
15.72365
15.6873
15.73038
15.69402
15.73712
15.70194
15.74385
15.70865
15.75059
15.71537
15.75733
15.72208
15.76406
15.72879
15.77754
15.7355
15.78428
15.74222
15.79101
15.74893
15.79775
15.75564
15.80449
15.76235
15.81123
15.76907
15.8247
15.77578
15.83144
15.78249
15.83937
15.78921
15.84611
15.79592
15.85285
15.80264
15.85958
15.80935
15.86632
15.81606
15.87306
15.82277
15.8798
15.82949
15.88653
15.8362
15.89328
15.8441
15.90001
15.85081
15.90675
15.85752
15.91349
15.86544
15.92023
15.87588
15.92696
15.88259
15.9337
15.8905
15.94044
15.89721
15.94718
15.90392
15.95516
15.91064
15.9619
15.91735
15.96863
15.92529
15.97537
15.93483
15.98835
15.94155
15.99508
15.94826
16.00182
15.95498
16.00856
15.96169
16.0153
15.9684
16.02204
15.97512
16.02878
15.98183
16.03552
15.98855
16.04226
15.99648
16.049
16.00443
16.05574
16.01401
16.06248
16.02191
16.06922
16.02863
16.07596
16.03534
16.08269
16.04325
16.08942
16.04997
16.09616
16.05668
16.1029
16.0634
16.10963
16.07011
16.11637
16.07683
16.12311
16.08354
16.12985
16.09026
16.13658
16.10322
16.14332
16.10993
16.15006
16.11664
16.15798
16.1271
16.16471
16.13382
16.17145
16.14054
16.17819
16.14725
16.18493
16.15396
16.19167
16.16068
16.1984
16.16861
16.20514
16.17532
16.21188
16.18204
16.21984
16.19243
16.22657
16.19914
16.23331
16.20706
16.24004
16.21751
16.24678
16.22422
16.25352
16.23214
16.26025
16.23885
16.26699
16.24557
16.27373
16.25229
16.28047
16.25901
16.2872
16.26572
16.29394
16.27244
16.30068
16.28287
16.30863
16.28958
16.31537
16.2963
16.3221
16.30423
16.32884
16.31094
16.33557
16.31889
16.34231
16.32684
16.34904
16.33355
16.35578
16.34027
16.3625
16.34698
16.37045
16.3537
16.37718
16.36409
16.38392
16.37451
16.39065
16.38246
16.39739
16.38917
16.40413
16.39589
16.41087
16.40261
16.41878
16.40932
16.42552
16.41604
16.43226
16.42276
16.43899
16.42947
16.44573
16.43619
16.45367
16.44411
16.46041
16.45202
16.46715
16.45874
16.47389
16.46546
16.48063
16.47218
16.48854
16.48009
16.49528
16.4868
16.50202
16.49351
16.51669
16.50023
16.52343
16.50695
16.53018
16.51488
16.5381
16.52159
16.54603
16.52831
16.56191
16.53502
16.56865
16.54174
16.57539
16.54846
16.58213
16.55517
16.58887
16.56311
16.59561
16.57103
16.60235
16.57893
16.60909
16.58565
16.61583
16.59237
16.63606
16.59909
16.6428
16.60581
16.65628
16.61252
16.66302
16.61924
16.66975
16.62967
16.68324
16.63638
16.68998
16.6431
16.69672
16.65599
16.70346
16.66393
16.7114
16.67188
16.71814
16.68144
16.72488
16.68938
16.73162
16.6961
16.73836
16.70282
16.7451
16.71072
16.75183
16.71864
16.75857
16.72536
16.76531
16.73208
16.77205
16.74247
16.7788
16.74919
16.78553
16.75591
16.79348
16.76263
16.80143
16.77555
16.80816
16.78348
16.8149
16.79141
16.82284
16.79813
16.83077
16.80484
16.83751
16.81155
16.85505
16.81827
16.86179
16.82618
16.86853
16.83289
16.87527
16.83961
16.89362
16.84633
16.90711
16.85305
16.91385
16.85977
16.92179
16.86649
16.92974
16.87321
16.94017
16.87992
16.94691
16.88664
16.95365
16.89336
16.96039
16.90008
16.96713
16.91551
16.97387
16.92342
16.9818
16.93796
16.98854
16.94468
16.99528
16.9514
17.00202
16.95811
17.00876
16.96604
17.0155
16.97646
17.02224
16.98439
17.02898
16.9923
17.03572
16.99902
17.04246
17.00574
17.0492
17.01525
17.05714
17.02197
17.06388
17.02991
17.07062
17.03662
17.0841
17.04335
17.09084
17.05006
17.09758
17.05798
17.10432
17.0647
17.11107
17.07142
17.13129
17.07815
17.15274
17.08858
17.16068
17.09538
17.16742
17.10211
17.17416
17.1125
17.18379
17.12794
17.19425
17.13587
17.20099
17.1426
17.20773
17.14932
17.22608
17.15724
17.23402
17.16514
17.24076
17.17306
17.2475
17.17978
17.26099
17.1865
17.27567
17.19444
17.29711
17.20116
17.30385
17.20788
17.31059
17.21833
17.31734
17.22505
17.32527
17.23177
17.33202
17.23849
17.33876
17.24521
17.3455
17.25193
17.35225
17.26235
17.35899
17.27439
17.36574
17.28111
17.37247
17.28783
17.37922
17.29576
17.38597
17.30248
17.39271
17.3092
17.39945
17.31593
17.40987
17.32385
17.41661
17.33177
17.43008
17.33972
17.43683
17.34926
17.44357
17.35716
17.45031
17.36511
17.45705
17.37182
17.46379
17.37854
17.47053
17.38899
17.47726
17.39571
17.484
17.40244
17.49073
17.41034
17.49747
17.41825
17.50789
17.42496
17.51462
17.43169
17.52136
17.43841
17.52929
17.44513
17.53603
17.45306
17.54276
17.46347
17.5507
17.47019
17.55862
17.47692
17.56536
17.48485
17.57211
17.49277
17.58004
17.50068
17.58678
17.51108
17.59352
17.5178
17.60025
17.52452
17.60699
17.54745
17.61374
17.55417
17.62416
17.5609
17.63089
17.5763
17.63763
17.58302
17.64557
17.58974
17.65231
17.59647
17.65905
17.60319
17.66579
17.61611
17.67253
17.62403
17.68707
17.63201
17.69381
17.64245
17.70847
17.65286
17.71522
17.66326
17.73544
17.67117
17.75686
17.68074
17.76361
17.68869
17.77653
17.69909
17.78327
17.70581
17.79001
17.71253
17.79675
17.71925
17.80349
17.73215
17.81395
17.73887
17.82188
17.74556
17.82862
17.75221
17.83536
17.76511
17.8421
17.77183
17.85915
17.7785
17.86708
17.79139
17.87382
17.79799
17.88057
17.8046
17.88731
17.81246
17.89774
17.82274
17.90448
17.83052
17.91123
17.83706
17.91797
17.8436
17.9309
17.85632
17.93764
17.86655
17.94439
17.87429
17.95233
17.88447
17.96029
17.89099
17.97318
17.89747
17.97988
17.91017
17.98778
17.92027
17.99445
17.92665
18.00105
17.93297
18.00759
17.94046
18.01943
17.9529
18.0295
17.96781
18.0521
17.97518
18.06454
17.98757
18.07693
17.99489
18.08305
18.00101
18.09036
18.00709
18.10518
18.02186
18.11242
18.02916
18.12214
18.04897
18.12939
18.05498
18.13658
18.061
18.14258
18.07824
18.14861
18.08424
18.15828
18.09025
18.16544
18.10503
18.17141
18.11219
18.17737
18.11817
18.18699
18.12422
18.19413
18.1339
18.20383
18.13992
18.21348
18.14594
18.22065
18.15813
18.22658
18.16414
18.23253
18.17633
18.23969
18.18228
18.24561
18.18824
18.25155
18.20543
18.2575
18.22127
18.2663
18.2285
18.27598
18.23441
18.28194
18.24905
18.28788
18.26605
18.29505
18.27199
18.30218
18.27798
18.31436
18.28515
18.32032
18.29974
18.32632
18.30688
18.33596
18.3165
18.34561
18.32362
18.35942
18.33794
18.36542
18.34384
18.3714
18.34974
18.38357
18.35684
18.40289
18.37148
18.42106
18.3786
18.42714
18.38826
18.44427
18.39536
18.46257
18.40247
18.49167
18.41711
18.49896
18.42302
18.50623
18.42894
18.51233
18.44862
18.51842
18.45576
18.52454
18.46288
18.54295
18.47493
18.55508
18.48082
18.57335
18.48672
18.58569
18.49632
18.59179
18.50593
18.61748
18.51465
18.62363
18.52682
18.62976
18.53273
18.63967
18.53865
18.6495
18.55326
18.66292
18.56658
18.6752
18.57252
18.68663
18.57847
18.69905
18.58812
18.71261
18.59694
18.71879
18.62157
18.7262
18.6312
18.74477
18.64332
18.75835
18.65294
18.76738
18.6589
18.77355
18.66483
18.78342
18.67446
18.80319
18.68825
18.8094
18.69546
18.82803
18.70765
18.83801
18.72234
18.85447
18.72829
18.86692
18.73549
18.88061
18.74271
18.89419
18.7499
18.90051
18.75589
18.90681
18.76195
18.91428
18.76919
18.92058
18.77645
18.92975
18.79122
18.93612
18.80103
18.95276
18.80829
18.96045
18.82562
18.97057
18.83172
18.99255
18.83777
19.00017
18.85169
19.00649
18.85785
19.01286
18.864
19.02047
18.87009
19.02812
18.87747
19.04313
18.88481
19.04955
18.89466
19.05601
18.90445
19.07112
18.91928
19.07876
18.92548
19.08638
18.93169
19.09654
18.93781
19.11081
18.94513
19.11839
18.96755
19.12479
18.97371
19.13109
18.99368
19.14618
19.00352
19.15251
19.02759
19.16513
19.04988
19.25127
19.05979
19.34254
19.06962
19.35402
19.07582
19.36014
19.08196
19.37
19.08932
19.37733
19.10171
19.3872
19.10779
19.39331
19.11391
19.39947
19.13116
19.41679
19.14339
19.43162
19.15059
19.44063
19.16279
19.46039
19.16873
19.46641
19.17465
19.47245
19.19177
19.48466
19.19874
19.50931
19.21325
19.51522
19.22028
19.52113
19.2422
19.53832
19.25164
19.5454
19.27105
19.56494
19.27671
19.57077
19.28237
19.57661
19.29922
19.5862
19.30857
19.59732
19.33294
19.60434
19.35977
19.61635
19.39967
19.62338
19.42389
19.64292
19.43221
19.65237
19.45349
19.66938
19.4602
19.68547
19.46942
19.69247
19.47863
19.70701
19.49293
19.71275
19.50716
19.71851
19.51267
19.74309
19.51818
19.75002
19.5399
19.76956
19.56164
19.78561
19.57042
19.79502
19.60216
19.80947
19.62752
19.81635
19.63426
19.82577
19.65071
19.83268
19.65993
19.85463
19.68668
19.87066
19.70611
19.89514
19.72769
19.91206
19.74444
19.9178
19.76619
19.92726
19.79132
19.94827
19.81307
19.95777
19.81984
19.97467
19.83664
19.99167
19.84509
20.01361
19.86942
20.0272
19.87503
20.03419
19.88064
20.05359
19.90493
20.06307
19.92934
20.08242
19.95033
20.08933
19.97386
20.09785
19.98322
20.10352
19.99261
20.11792
20.01195
20.13232
20.03041
20.13919
20.03727
20.14856
20.061
20.16792
20.07783
20.17729
20.08715
20.20079
20.11142
20.23276
20.11941
20.26392
20.13877
20.29137
20.14808
20.30076
20.17245
20.32269
20.19495
20.3421
20.21676
20.36711
20.2336
20.3741
20.25445
20.40117
20.27929
20.41067
20.29531
20.44019
20.31723
20.45521
20.33153
20.46219
20.33831
20.48161
20.36643
20.49316
20.37575
20.51017
20.39506
20.52859
20.40187
20.54289
20.42879
20.54996
20.43809
20.56713
20.46494
20.60071
20.49674
20.6331
20.53613
20.66766
20.56082
20.70732
20.59218
20.73862
20.63135
20.76576
20.66943
20.85427
20.69132
20.86131
20.72024
20.89724
20.74798
20.90674
20.77732
20.92634
20.80886
20.94967
20.83129
20.96686
20.83801
20.97265
20.85996
20.98967
20.88808
21.01338
20.91487
21.04916
20.93816
21.06872
20.94368
21.0957
20.96545
21.12101
20.98475
21.14546
21.02401
21.17215
21.05621
21.21121
21.09528
21.23063
21.12736
21.26608
21.15719
21.28712
21.16638
21.29647
21.19562
21.3233
21.2183
21.33019
21.23285
21.34699
21.24705
21.36798
21.26626
21.38977
21.27303
21.39908
21.29951
21.42096
21.33878
21.43045
21.37127
21.44964
21.40039
21.48401
21.43464
21.51499
21.46345
21.53458
21.50027
21.61036
21.53698
21.65621
21.57658
21.68286
21.61303
21.70486
21.65122
21.73393
21.67728
21.74055
21.71487
21.76881
21.74026
21.79678
21.77379
21.86822
21.80965
21.93322
21.83368
21.96578
21.86965
21.99983
21.90517
22.02135
21.94177
22.04485
21.97573
22.09659
22.01309
22.12327
22.04959
22.15448
22.08719
22.19078
22.12049
22.22017
22.14934
22.25455
22.18426
22.29383
22.21375
22.38971
22.24903
22.41643
22.28274
22.45371
22.32081
22.49161
22.35088
22.52535
22.37956
22.56333
22.40981
22.58878
22.4362
22.61739
22.45682
22.65418
22.48566
22.68729
22.51536
22.70882
22.55203
22.73723
22.58763
22.76867
22.6228
22.79249
22.65595
22.82178
22.6934
22.85409
22.72854
22.87904
22.75409
22.90451
22.78885
22.9137
22.8185
22.93899
22.83759
22.96981
22.84621
22.9965
22.87074
23.01955
22.90403
23.04534
22.93993
23.08345
22.97549
23.11251
23.01189
23.13973
23.04841
23.14879
23.0797
23.18668
23.09883
23.20679
23.13095
23.24188
23.16914
23.27093
23.20363
23.29771
23.23873
23.3336
23.26926
23.37189
23.30419
23.40117
23.34071
23.43672
23.37436
23.47715
23.41151
23.50178
23.44704
23.53886
23.47801
23.57812
23.49469
23.61099
23.50124
23.64452
23.51774
23.66216
23.5449
23.67878
23.57834
23.70136
23.59481
23.73029
23.60344
23.75447
23.63888
23.77491
23.66721
23.8083
23.70017
23.82926
23.73565
23.86435
23.771
23.8908
23.79603
23.89981
23.82653
23.93105
23.86089
23.965
23.87707
23.99916
23.90532
24.03476
23.93338
24.06019
23.96861
24.09744
23.99887
24.12007
24.02473
24.14399
24.0512
24.17558
24.07856
24.20598
24.08501
24.23758
24.10281
24.24661
24.12166
24.27717
24.12812
24.29644
24.15956
24.31731
24.18776
24.34598
24.21585
24.37404
24.24671
24.41128
24.27448
24.4428
24.29057
24.4724
24.31694
24.50635
24.33212
24.53036
24.33858
24.56437
24.3524
24.59176
24.3853
24.59956
24.41843
24.61824
24.45333
24.64002
24.48734
24.66811
24.51876
24.69355
24.55308
24.71265
24.58364
24.71914
24.60858
24.73796
24.61756
24.76675
24.63967
24.79853
24.65476
24.82802
24.66124
24.86473
24.68913
24.90125
24.70927
24.93578
24.73463
24.97185
24.75777
24.9998
24.78524
25.02314
24.80952
25.02975
24.83885
25.05192
24.86839
25.08074
24.90134
25.10024
24.92345
25.12217
24.95229
25.14675
24.97853
25.17285
24.9871
25.20091
25.01926
25.22252
25.05144
25.25532
25.08323
25.2859
25.12098
25.30724
25.15277
25.33243
25.17143
25.36377
25.1944
25.3996
25.22751
25.42864
25.258
25.44909
25.29428
25.4779
25.31691
25.50175
25.32574
25.53301
25.3619
25.55358
25.38649
25.55868
25.41858
25.56376
25.45048
25.58282
25.46781
25.60143
25.49039
25.60793
25.51377
25.62662
25.53486
25.63409
25.54113
25.66156
25.56735
25.6695
25.59497
25.68701
25.61342
25.71003
25.63594
25.73416
25.65607
25.74301
25.67762
25.76369
25.69881
25.78376
25.72729
25.80946
25.74806
25.83031
25.75608
25.85949
25.77786
25.88139
25.78418
25.90966
25.80243
25.91753
25.8256
25.94077
25.83307
25.96573
25.86182
25.98788
25.88423
26.01236
25.9012
26.03824
25.91676
26.05141
25.93519
26.05891
25.94028
26.08028
25.96443
26.08658
25.98476
26.10366
26.0016
26.11112
26.02438
26.13375
26.05539
26.16213
26.08162
26.19017
26.10503
26.20959
26.12139
26.21775
26.13017
26.24374
26.14982
26.26641
26.17359
26.28254
26.1816
26.29001
26.19864
26.31652
26.20492
26.3392
26.22496
26.3679
26.23601
26.38708
26.24401
26.40825
26.27421
26.42298
26.29885
26.42806
26.30514
26.43314
26.32518
26.44826
26.33145
26.45452
26.34865
26.47251
26.36549
26.48095
26.37355
26.49307
26.38907
26.49939
26.39414
26.52306
26.40765
26.53172
26.41616
26.54972
26.43213
26.5705
26.44517
26.60032
26.45024
26.61349
26.46419
26.63204
26.47296
26.66046
26.48879
26.68265
26.49713
26.70671
26.51528
26.71548
26.52887
26.73033
26.54109
26.75785
26.54856
26.78337
26.55732
26.78965
26.56612
26.81791
26.57734
26.83689
26.58575
26.86556
26.61162
26.88798
26.63718
26.91141
26.64466
26.94261
26.6683
26.96863
26.68981
26.99521
26.71209
27.01709
26.73927
27.04299
26.77095
27.06561
26.79218
27.08796
26.81315
27.09424
26.82186
27.11883
26.83995
27.14499
26.84869
27.16606
26.87532
27.1847
26.90796
27.1997
26.92851
27.20478
26.9521
27.21551
26.96866
27.22182
26.97746
27.23814
26.99576
27.2647
27.01339
27.28324
27.04516
27.30086
27.07399
27.32055
27.0969
27.33779
27.11632
27.35753
27.14308
27.36503
27.16275
27.39355
27.17153
27.4213
27.18909
27.44314
27.20156
27.46348
27.21536
27.46979
27.22165
27.47935
27.24296
27.48444
27.24804
27.48952
27.26367
27.5188
27.28871
27.52508
27.30277
27.54652
27.32243
27.55286
27.3386
27.57105
27.34665
27.57613
27.36223
27.5812
27.37888
27.59895
27.38763
27.61633
27.40657
27.6386
27.41286
27.65215
27.4278
27.66083
27.43407
27.68609
27.44405
27.7135
27.46022
27.73556
27.47537
27.75476
27.48164
27.77547
27.50111
27.78177
27.52254
27.8055
27.52881
27.82796
27.55651
27.83426
27.56279
27.85403
27.57932
27.85912
27.5856
27.8642
27.59889
27.87637
27.60519
27.89466
27.62477
27.9131
27.6526
27.91941
27.67664
27.93663
27.6883
27.94846
27.69689
27.96384
27.71089
27.97518
27.72886
27.98382
27.73515
28.00527
27.75096
28.01752
27.75949
28.03345
27.76577
28.05361
27.78748
28.0599
27.80289
28.08268
27.81954
28.10323
27.8258
28.1179
27.84301
28.12588
27.85078
28.14293
27.87016
28.14922
27.89088
28.1707
27.9052
28.19174
27.9213
28.19802
27.92638
28.22054
27.93145
28.23785
28.00926
28.26036
28.03092
28.27431
28.05327
28.28182
28.07148
28.29509
28.09054
28.30348
28.09683
28.31215
28.1054
28.32732
28.11418
28.34523
28.12694
28.35366
28.1332
28.37249
28.13946
28.37878
28.15558
28.39639
28.16376
28.40387
28.17005
28.41736
28.18766
28.42584
28.20185
28.45138
28.21595
28.47654
28.22912
28.49622
28.25263
28.50414
28.26628
28.51984
28.27134
28.53956
28.27642
28.54705
28.2912
28.56372
28.30399
28.57697
28.30906
28.58326
28.32899
28.59442
28.35312
28.6025
28.37508
28.6172
28.38333
28.64254
28.39642
28.66005
28.40876
28.6794
28.42332
28.69354
28.4284
28.69983
28.43348
28.71574
28.44607
28.72362
28.45115
28.7408
28.47699
28.74708
28.4884
28.75337
28.49348
28.76833
28.49855
28.7861
28.5188
28.80438
28.54096
28.81066
28.54843
28.83124
28.56849
28.85365
28.59307
28.8791
28.62126
28.89701
28.62953
28.91508
28.68375
28.92135
28.71007
28.93531
28.73268
28.94279
28.7415
28.9593
28.7848
28.97693
28.79324
28.99682
28.80835
29.0031
28.81465
29.02325
28.83927
29.03809
28.85127
29.04558
28.85973
29.06244
28.87473
29.07074
28.88221
29.09112
28.9558
29.0986
28.99171
29.11093
29.02015
29.11841
29.05437
29.13716
29.07475
29.15681
29.08653
29.17212
29.10172
29.17838
29.11044
29.19878
29.12423
29.21488
29.14628
29.22341
29.15258
29.24108
29.16706
29.26497
29.17337
29.28364
29.19326
29.29117
29.21151
29.30825
29.21935
29.31454
29.2425
29.32941
29.25974
29.33568
29.27035
29.34449
29.27542
29.35784
29.29477
29.374
29.32075
29.39112
29.33711
29.40227
29.34463
29.40856
29.35782
29.42682
29.37356
29.4453
29.37987
29.46239
29.3991
29.46869
29.40539
29.48894
29.41385
29.49775
29.42707
29.51498
29.44256
29.54199
29.45338
29.56007
29.45965
29.58085
29.48049
29.59557
29.50022
29.60309
29.50531
29.61863
29.5104
29.6285
29.52763
29.64355
29.54242
29.65846
29.56164
29.67063
29.57801
29.67691
29.6002
29.69281
29.61349
29.70805
29.62745
29.71624
29.63376
29.73935
29.65119
29.75605
29.65751
29.77572
29.67795
29.78334
29.69452
29.80036
29.70873
29.80825
29.71755
29.82474
29.73623
29.83978
29.75999
29.84726
29.76747
29.86444
29.78283
29.87586
29.78793
29.88219
29.80711
29.90017
29.82336
29.90647
29.83183
29.92825
29.84839
29.94675
29.85349
29.97405
29.85858
29.99439
29.87427
30.01505
29.89173
30.03246
29.90866
30.0407
29.92261
30.05619
29.94826
30.06501
29.96253
30.08241
29.98109
30.08992
29.99295
30.10116
30.00169
30.12354
30.02291
30.13647
30.04359
30.14479
30.06064
30.15504
30.07825
30.17071
30.1008
30.17883
30.12284
30.19154
30.13777
30.19987
30.16069
30.21595
30.18175
30.23219
30.18803
30.24053
30.20887
30.26344
30.21635
30.27903
30.24173
30.30151
30.25011
30.32435
30.28548
30.34369
30.30968
30.35721
30.33593
30.37717
30.35725
30.39692
30.37031
30.40575
30.39455
30.41203
30.41693
30.42651
30.44517
30.44459
30.47087
30.46732
30.48934
30.4888
30.50597
30.51172
30.52463
30.52874
30.52971
30.54703
30.5348
30.5658
30.56236
30.58173
30.5916
30.58921
30.62339
30.61216
30.63218
30.62218
30.66091
30.62726
30.68739
30.64137
30.70929
30.64766
30.72966
30.66583
30.73598
30.67371
30.75674
30.69031
30.7649
30.71025
30.7833
30.7262
30.78958
30.74635
30.80974
30.77236
30.83063
30.79989
30.85328
30.8172
30.87583
30.84349
30.88334
30.85226
30.90149
30.87291
30.92009
30.89998
30.95152
30.92038
30.98063
30.92886
31.00397
30.94815
31.01974
30.95667
31.03823
30.97183
31.04681
30.97815
31.06341
30.99787
31.0721
31.01676
31.08579
31.03203
31.10068
31.04922
31.1127
31.05783
31.12924
31.0763
31.13673
31.09492
31.1502
31.11709
31.17438
31.13691
31.19642
31.14482
31.21853
31.16578
31.23925
31.18869
31.25752
31.20841
31.27967
31.23385
31.29871
31.26325
31.3133
31.291
31.33418
31.31011
31.36003
31.32784
31.37561
31.33415
31.40783
31.35295
31.42543
31.37003
31.44196
31.39486
31.45696
31.42031
31.46446
31.43725
31.4915
31.44481
31.50651
31.47795
31.51984
31.48624
31.53703
31.51745
31.56314
31.54373
31.58109
31.5703
31.58739
31.5967
31.61131
31.62042
31.6176
31.64878
31.63822
31.66878
31.6602
31.69603
31.69192
31.71839
31.72092
31.76364
31.75208
31.78667
31.7826
31.79174
31.80851
31.81888
31.83649
31.85196
31.86243
31.8655
31.88922
31.88402
31.89671
31.90068
31.91082
31.90696
31.92993
31.93605
31.94932
31.95366
31.95754
31.95994
31.97597
31.97511
31.98223
31.99423
32.00091
32.01487
32.00719
32.04622
32.02515
32.06921
32.03341
32.08585
32.06495
32.10425
32.09177
32.11053
32.11416
32.12283
32.14168
32.12791
32.16306
32.13298
32.18874
32.14713
32.21835
32.1705
32.23908
32.17934
32.24415
32.19391
32.2706
32.20184
32.29281
32.22148
32.29912
32.24191
32.32207
32.24698
32.3395
32.25205
32.3481
32.27312
32.3662
32.29137
32.375
32.29955
32.39041
32.31668
32.3979
32.33787
32.40633
32.36217
32.42546
32.37892
32.43376
32.40301
32.46211
32.42328
32.49326
32.4414
32.52011
32.46107
32.54627
32.46906
32.57675
32.482
32.60004
32.49239
32.62228
32.50084
32.63517
32.52078
32.64145
32.53519
32.66237
32.55763
32.67912
32.57396
32.69574
32.60189
32.71235
32.62477
32.71745
32.64091
32.72254
32.64719
32.74086
32.65548
32.74944
32.67105
32.76336
32.6793
32.78032
32.71437
32.80262
32.73622
32.82705
32.74445
32.84531
32.76519
32.8597
32.78853
32.86851
32.81396
32.88946
32.83034
32.91758
32.864
32.94813
32.87915
32.97917
32.91336
33.00911
32.93436
33.04245
32.9617
33.06369
32.98351
33.09896
33.01425
33.13097
33.03121
33.15692
33.05365
33.17058
33.07516
33.1769
33.10192
33.1912
33.13356
33.21302
33.16532
33.24293
33.19317
33.27066
33.20124
33.29628
33.23375
33.3156
33.26479
33.35043
33.28576
33.37927
33.29325
33.4093
33.31683
33.44273
33.33493
33.46962
33.35852
33.47589
33.38773
33.50644
33.41787
33.53127
33.44853
33.53756
33.47231
33.56845
33.50277
33.59658
33.52011
33.60289
33.5488
33.62683
33.5717
33.64626
33.57961
33.66852
33.61342
33.67481
33.64239
33.70026
33.64894
33.72333
33.67926
33.75324
33.70581
33.78236
33.71407
33.81272
33.73266
33.846
33.75436
33.86908
33.77667
33.89507
33.80073
33.90255
33.82344
33.92229
33.8376
33.9412
33.84297
33.94748
33.87168
33.96698
33.89648
33.97477
33.92385
33.99678
33.97049
34.02108
33.99234
34.0388
33.99981
34.05765
34.03519
34.07761
34.05449
34.1017
34.06194
34.12219
34.08434
34.15627
34.09063
34.17453
34.11439
34.18207
34.14083
34.1991
34.18707
34.21869
34.21164
34.23775
34.22699
34.2554
34.25286
34.26047
34.28032
34.26555
34.31104
34.28744
34.33454
34.31992
34.35155
34.33986
34.35995
34.37343
34.37779
34.38942
34.38409
34.39751
34.40785
34.41855
34.43158
34.44157
34.43919
34.44947
34.45281
34.46639
34.4591
34.47516
34.47768
34.50096
34.48397
34.52839
34.50475
34.54646
34.51666
34.56433
34.52446
34.57182
34.54895
34.59114
34.56871
34.6061
34.59469
34.61239
34.62777
34.63774
34.65405
34.6638
34.68457
34.69348
34.71846
34.72512
34.75019
34.75535
34.77826
34.77789
34.80564
34.80222
34.82686
34.82507
34.83439
34.85572
34.86611
34.89003
34.89273
34.9046
34.91475
34.91091
34.93052
34.93759
34.93942
34.96189
34.96651
34.99198
34.97419
35.01234
35.00475
35.04586
35.0373
35.07514
35.07007
35.09975
35.10558
35.12513
35.14045
35.15513
35.16804
35.18589
35.18806
35.20377
35.21218
35.22787
35.23093
35.23673
35.23944
35.26088
35.2691
35.26969
35.30218
35.29888
35.33124
35.32991
35.36657
35.35116
35.39206
35.38273
35.41586
35.41542
35.42216
35.44812
35.44576
35.48126
35.48168
35.51505
35.50063
35.54602
35.51474
35.55487
35.5408
35.58449
35.54963
35.60079
35.57032
35.60868
35.5868
35.63173
35.60342
35.65695
35.60974
35.69028
35.63536
35.71571
35.65609
35.74318
35.68722
35.77008
35.71847
35.80008
35.74712
35.82834
35.7777
35.86306
35.80199
35.88927
35.82935
35.92041
35.86064
35.95163
35.89162
35.9865
35.92564
35.99532
35.95737
36.02927
35.9866
36.06097
35.99291
36.09546
36.02509
36.12812
36.05653
36.15687
36.08788
36.19111
36.1202
36.2242
36.1517
36.25673
36.20789
36.28914
36.24226
36.32116
36.27307
36.35869
36.3058
36.39384
36.33348
36.42921
36.34231
36.46337
36.37465
36.49243
36.42346
36.52367
36.4437
36.55856
36.4764
36.57829
36.53797
36.60817
36.57383
36.64175
36.60823
36.67644
36.64228
36.71242
36.67787
36.74874
36.70995
36.7807
36.73911
36.81126
36.77163
36.84711
36.80504
36.87689
36.83509
36.90808
36.86584
36.94234
36.90154
36.97182
36.92795
36.99181
36.95881
37.02367
36.98245
37.06041
37.01011
37.08575
37.03782
37.0937
37.06751
37.11904
37.10006
37.15028
37.13534
37.18231
37.195
37.2155
37.21598
37.24514
37.24238
37.26699
37.26568
37.2958
37.29901
37.32583
37.32855
37.35601
37.35727
37.3862
37.38588
37.41229
37.41074
37.43943
37.43987
37.4707
37.4733
37.4973
37.50515
37.52795
37.5318
37.56213
37.55786
37.59394
37.58519
37.62398
37.61147
37.63277
37.63557
37.66687
37.64406
37.68893
37.67778
37.71976
37.70757
37.75219
37.73907
37.78123
37.7722
37.81417
37.80341
37.84894
37.8122
37.88137
37.84377
37.91991
37.87604
37.95391
37.90765
37.98543
37.93842
38.01887
37.97366
38.05368
38.00237
38.08402
38.03233
38.11694
38.06393
38.14833
38.09512
38.17494
38.131
38.20956
38.16346
38.2409
38.20277
38.27793
38.24379
38.31025
38.26994
38.33689
38.29751
38.36374
38.32787
38.39515
38.36105
38.4297
38.38968
38.45694
38.42318
38.493
38.45662
38.52191
38.4795
38.55508
38.51133
38.58868
38.54239
38.61621
38.57349
38.62491
38.60517
38.65717
38.63475
38.68266
38.66434
38.7121
38.69832
38.73951
38.76051
38.77344
38.78025
38.79427
38.81287
38.82516
38.83876
38.85689
38.86323
38.8821
38.89193
38.90511
38.91446
38.93218
38.92256
38.95647
38.94753
38.96446
38.96897
38.99565
38.99276
39.01717
39.01152
39.0446
39.01899
39.07027
39.03981
39.07656
39.05851
39.09908
39.06598
39.1218
39.09573
39.13259
39.11903
39.13885
39.13864
39.16619
39.15968
39.18746
39.1882
39.21928
39.21276
39.24732
39.23479
39.26894
39.24282
39.29832
39.2715
39.32338
39.29979
39.35057
39.32824
39.37912
39.35577
39.40878
39.38537
39.44083
39.41565
39.46272
39.44016
39.49157
39.4625
39.5229
39.49287
39.54644
39.51016
39.57801
39.5417
39.61097
39.57085
39.63671
39.59597
39.66698
39.61242
39.69858
39.621
39.72231
39.64132
39.75547
39.64939
39.78188
39.66952
39.79691
39.67696
39.8032
39.69518
39.8357
39.71099
39.85612
39.73982
39.89013
39.76842
39.91839
39.79674
39.94481
39.82507
39.97678
39.84995
39.99789
39.87891
40.02641
39.90431
40.05335
39.92815
40.06082
39.95863
40.08213
39.9866
40.11131
40.0156
40.13065
40.03303
40.13575
40.06065
40.14085
40.0938
40.16009
40.12819
40.1924
40.14588
40.22057
40.17538
40.24589
40.20919
40.27898
40.23802
40.30814
40.26931
40.33638
40.29957
40.36894
40.33213
40.39627
40.3671
40.42804
40.39293
40.46761
40.42628
40.49847
40.45959
40.52941
40.49196
40.56074
40.51992
40.59782
40.54859
40.63171
40.57487
40.66274
40.60918
40.68971
40.64293
40.72477
40.67229
40.75891
40.70618
40.79159
40.73947
40.82407
40.767
40.85593
40.80241
40.88832
40.83556
40.92034
40.86703
40.95529
40.89532
40.98889
40.92404
41.01844
40.95118
41.04705
40.97587
41.08142
40.98438
41.11625
41.00919
41.14408
41.02705
41.14918
41.03336
41.15429
41.0682
41.18413
41.09855
41.21724
41.13228
41.24649
41.16713
41.28255
41.19386
41.32043
41.228
41.34924
41.25782
41.38298
41.29046
41.41622
41.32587
41.45168
41.35865
41.48098
41.39032
41.51689
41.42119
41.55088
41.45525
41.58298
41.48851
41.61117
41.52451
41.64713
41.55823
41.68342
41.59467
41.71379
41.62657
41.74955
41.661
41.77907
41.69392
41.81608
41.7282
41.84426
41.76015
41.88062
41.7944
41.91443
41.83342
41.95227
41.86531
41.9817
41.8994
42.0141
41.93616
42.04502
41.96624
42.0816
42.00035
42.11614
42.03325
42.15075
42.06598
42.18671
42.10373
42.22029
42.13011
42.25489
42.16629
42.28963
42.20042
42.32299
42.23276
42.35696
42.26838
42.39281
42.30661
42.42763
42.33942
42.46462
42.37204
42.50321
42.40471
42.53032
42.43777
42.60046
42.47185
42.63565
42.50296
42.66745
42.53881
42.70498
42.57464
42.73957
42.60575
42.76329
42.63086
42.76959
42.6384
42.80371
42.66384
42.8188
42.68574
42.82511
42.69372
42.84517
42.72401
42.8515
42.74404
42.88464
42.7686
42.91904
42.79937
42.95363
42.81702
42.98228
42.84742
43.00716
42.87131
43.02752
42.89811
43.03378
42.92652
43.06734
42.94434
43.09712
42.95064
43.11563
42.97351
43.1231
42.97976
43.14848
43.01056
43.17765
43.03264
43.20198
43.06252
43.23362
43.0922
43.25549
43.11987
43.27485
43.14715
43.30327
43.16895
43.33784
43.19248
43.36758
43.23116
43.39939
43.2636
43.42262
43.33196
43.45901
43.36366
43.49157
43.39578
43.52678
43.42796
43.56022
43.46532
43.59636
43.4912
43.63119
43.52079
43.66503
43.55278
43.69794
43.58523
43.73145
43.62248
43.762
43.63028
43.79922
43.66497
43.83151
43.69961
43.86712
43.73511
43.90104
43.771
43.9343
43.80461
43.96988
43.83955
44.00278
43.86885
44.03547
43.90232
44.0696
43.93526
44.1003
43.97014
44.13084
44.00523
44.16772
44.03707
44.19373
44.06831
44.22674
44.09927
44.26104
44.12582
44.2925
44.15673
44.32742
44.17482
44.35976
44.18118
44.39462
44.21858
44.42707
44.25053
44.45982
44.28192
44.49375
44.3182
44.52689
44.35236
44.53588
44.38026
44.57336
44.4157
44.60657
44.44579
44.64081
44.48255
44.67024
44.5098
44.70459
44.54078
44.74199
44.57745
44.77433
44.60845
44.81007
44.64417
44.84624
44.68124
44.88165
44.71911
44.91228
44.75087
44.94732
44.78691
44.98254
44.81992
45.0167
44.85587
45.04583
44.88192
45.08229
44.91935
45.11407
44.9531
45.14482
44.97729
45.17356
45.01293
45.19563
45.02144
45.22947
45.0497
45.25148
45.0579
45.26982
45.08554
45.2971
45.11654
45.3099
45.1421
45.33351
45.16778
45.36473
45.1908
45.39337
45.21375
45.42532
45.23971
45.44881
45.26909
45.47799
45.30146
45.50985
45.33216
45.54177
45.36345
45.5603
45.37144
45.57852
45.40319
45.5836
45.4302
45.58867
45.43845
45.61839
45.47215
45.63881
45.4996
45.64509
45.50833
45.66634
45.54227
45.69874
45.57066
45.72473
45.60278
45.7566
45.63401
45.79163
45.65961
45.82806
45.69354
45.85985
45.72769
45.88436
45.75154
45.90885
45.76038
45.94077
45.77554
45.96724
45.78185
46.00041
45.81843
46.02195
45.84501
46.05584
45.87508
46.08717
45.91082
46.11941
45.94149
46.15074
45.97872
46.18634
46.0118
46.22096
46.04045
46.25616
46.07275
46.28851
46.10883
46.31855
46.14318
46.35044
46.17345
46.38686
46.20896
46.41909
46.24173
46.44885
46.27664
46.47961
46.30766
46.51699
46.3422
46.55067
46.37569
46.58793
46.40834
46.62018
46.43758
46.65604
46.47233
46.69336
46.50995
46.72183
46.54558
46.76055
46.58018
46.78907
46.61591
46.79699
46.65052
46.82834
46.67935
46.86706
46.71607
46.89984
46.74558
46.93148
46.77786
46.96562
46.80676
46.98622
46.82999
47.01187
46.84376
47.01935
46.84885
47.04934
46.8539
47.07091
46.87032
47.07969
46.87908
47.09602
46.91098
47.10109
46.93117
47.12595
46.93745
47.1485
46.96811
47.17529
46.99582
47.20315
47.01586
47.20822
47.04945
47.22831
47.07287
47.2541
47.07917
47.28324
47.11353
47.28831
47.12182
47.31225
47.14925
47.34467
47.17159
47.37812
47.20657
47.41074
47.2146
47.44014
47.24831
47.44837
47.28428
47.4837
47.3137
47.51289
47.34568
47.54538
47.37933
47.5817
47.41417
47.61475
47.44534
47.64927
47.48072
47.68501
47.51085
47.71616
47.5457
47.75157
47.58287
47.78501
47.6171
47.82238
47.65398
47.85933
47.68144
47.88745
47.71551
47.92275
47.74861
47.95943
47.78604
47.99471
47.81806
48.0288
47.85443
48.06026
47.88534
48.09512
47.9194
48.12406
47.95777
48.16025
47.99567
48.19602
48.03273
48.23389
48.06026
48.26613
48.09556
48.30114
48.12924
48.33181
48.16385
48.36926
48.19832
48.40376
48.2359
48.43904
48.26396
48.47076
48.29884
48.50515
48.3342
48.53907
48.37279
48.57455
48.40821
48.61221
48.44043
48.64359
48.47911
48.68124
48.50551
48.71894
48.54311
48.75233
48.57874
48.78546
48.61414
48.81958
48.64543
48.85498
48.68186
48.88839
48.71453
48.92518
48.74627
48.9561
48.78138
48.98832
48.81039
49.02351
48.84689
49.05956
48.88077
49.09651
48.91515
49.13146
48.9494
49.16181
48.9853
49.19544
49.01775
49.22525
49.05479
49.25534
49.08891
49.29046
49.11974
49.31933
49.15229
49.3524
49.18727
49.38748
49.22393
49.42241
49.24967
49.45861
49.28662
49.49362
49.32006
49.52542
49.35645
49.55994
49.38679
49.59158
49.4106
49.62479
49.43277
49.64684
49.44028
49.67911
49.47708
49.70668
49.50948
49.73296
49.54523
49.74182
49.58201
49.77953
49.61705
49.81619
49.64922
49.8488
49.68455
49.88461
49.71972
49.91489
49.75444
49.95014
49.78595
49.988
49.81831
50.02494
49.85575
50.0567
49.89466
50.09292
49.93017
50.12609
49.96335
50.16193
49.99898
50.19348
50.02952
50.22902
50.06414
50.26704
50.0947
50.2964
50.13454
50.33149
50.16713
50.36647
50.20343
50.40344
50.23272
50.43636
50.23909
50.47193
50.27063
50.5072
50.30833
50.54271
50.34139
50.57086
50.37557
50.60584
50.41116
50.64469
50.44717
50.68115
50.48385
50.70699
50.50822
50.74336
50.54318
50.78192
50.57529
50.81325
50.6096
50.85022
50.64359
50.88341
50.67393
50.91953
50.70635
50.95296
50.7424
50.98602
50.77835
51.01972
50.81163
51.05523
50.8464
51.08968
50.87973
51.12739
50.9136
51.16101
50.94905
51.19216
50.98377
51.22979
51.0167
51.26495
51.05029
51.29892
51.07996
51.3347
51.1114
51.34356
51.14545
51.37742
51.18024
51.41271
51.21556
51.44732
51.2499
51.48311
51.27683
51.51503
51.30363
51.55092
51.31122
51.58531
51.34375
51.61621
51.37669
51.65277
51.41307
51.67839
51.45015
51.68475
51.48787
51.72067
51.52328
51.75707
51.55896
51.78957
51.59526
51.82398
51.6294
51.85894
51.66358
51.88933
51.69794
51.92819
51.73165
51.96392
51.76638
52.00085
51.80406
52.03139
51.84131
52.06846
51.88035
52.10498
51.91567
52.13954
51.95095
52.17812
51.98583
52.21157
52.01853
52.24314
52.05197
52.27864
52.08531
52.31117
52.11941
52.34876
52.15547
52.38114
52.19102
52.41581
52.23055
52.4542
52.26496
52.49087
52.29679
52.5281
52.33393
52.56411
52.36776
52.59708
52.39969
52.63156
52.43305
52.66531
52.46589
52.70015
52.50306
52.73583
52.54112
52.77033
52.57531
52.77671
52.6047
52.81381
52.6395
52.85083
52.67319
52.88769
52.70805
52.92299
52.74233
52.95824
52.77693
52.99224
52.81158
53.02573
52.84599
53.05858
52.88378
53.09172
52.917
53.12864
52.95369
53.16356
52.98938
53.20253
53.02291
53.23832
53.05568
53.26843
53.08878
53.30347
53.12397
53.33789
53.15944
53.37322
53.18716
53.40711
53.2227
53.44484
53.24927
53.48133
53.28387
53.51876
53.31713
53.55429
53.35359
53.58815
53.3822
53.62299
53.41623
53.65649
53.44764
53.69142
53.48385
53.72937
53.51905
53.76586
53.54802
53.80062
53.58421
53.83073
53.61786
53.86973
53.65243
53.90227
53.68856
53.93886
53.72117
53.97546
53.75463
54.00497
53.78917
54.04116
53.82434
54.07529
53.85778
54.1101
53.89164
54.14676
53.92368
54.18282
53.96267
54.21469
53.99356
54.25074
54.0317
54.28392
54.06465
54.32072
54.10225
54.35369
54.13337
54.38636
54.16475
54.42234
54.1997
54.46116
54.23009
54.49537
54.26461
54.52707
54.2998
54.56075
54.33498
54.59584
54.36727
54.62738
54.40494
54.66375
54.4347
54.69707
54.47104
54.73319
54.50754
54.77031
54.54415
54.80656
54.57822
54.84269
54.61326
54.87935
54.65165
54.91298
54.68679
54.94658
54.7194
54.98196
54.75844
55.01636
54.79236
55.05389
54.82983
55.09217
54.86534
55.12856
54.90218
55.16447
54.93739
55.19969
54.97068
55.23266
55.00739
55.26781
55.04531
55.30623
55.08078
55.34186
55.11874
55.37888
55.15588
55.41676
55.18834
55.45131
55.22648
55.48758
55.26132
55.52414
55.29743
55.56019
55.33262
55.59224
55.37005
55.63038
55.40656
55.66808
55.44313
55.70502
55.48043
55.74295
55.51413
55.78165
55.55013
55.81733
55.58923
55.8555
55.62707
55.89477
55.66372
55.92855
55.69608
55.96613
55.73413
56.00356
55.77067
56.04094
55.80583
56.07777
55.84495
56.11614
55.88426
56.15692
55.92015
56.19486
55.95787
56.23366
55.99482
56.26686
56.03167
56.29778
56.06803
56.33641
56.10228
56.37473
56.14006
56.40731
56.17124
56.44072
56.20682
56.47754
56.24253
56.51453
56.27879
56.55016
56.31326
56.58588
56.34962
56.62083
56.38652
56.65952
56.42198
56.69337
56.45701
56.73117
56.49377
56.76759
56.52902
56.80241
56.56689
56.83873
56.60532
56.87621
56.63929
56.91088
56.67592
56.94746
56.71268
56.98369
56.75007
57.02273
56.78125
57.06087
56.8158
57.09522
56.8525
57.13145
56.89082
57.16879
56.92915
57.20491
56.96676
57.24167
57.0052
57.27639
57.03622
57.31278
57.07368
57.34895
57.11186
57.38812
57.146
57.42421
57.18031
57.46045
57.2162
57.49823
57.25217
57.53231
57.2917
57.57032
57.32863
57.60844
57.36641
57.6462
57.40078
57.68404
57.43894
57.72296
57.47456
57.7577
57.51123
57.79519
57.54811
57.83276
57.58512
57.86858
57.62411
57.90649
57.66179
57.94529
57.6967
57.98247
57.73286
58.01732
57.77016
58.05453
57.80811
58.09083
57.84406
58.13013
57.87738
58.16666
57.90862
58.2051
57.94453
58.24284
57.9791
58.27846
58.01735
58.31629
58.05668
58.35235
58.09289
58.38733
58.12813
58.42431
58.16489
58.46116
58.20001
58.49745
58.23592
58.53444
58.27044
58.57221
58.30339
58.6063
58.3386
58.63959
58.3754
58.67619
58.41125
58.71102
58.44733
58.74863
58.48289
58.78252
58.51723
58.81802
58.55357
58.85262
58.58501
58.88995
58.59388
58.928
58.63041
58.96322
58.66029
58.99515
58.69614
59.0316
58.72955
59.06345
58.76708
59.09809
58.80412
59.13473
58.84123
59.1732
58.87564
59.21135
58.91347
59.2481
58.94825
59.28493
58.98389
59.32155
59.01749
59.35701
59.05527
59.39275
59.08641
59.42706
59.12539
59.4637
59.16201
59.50205
59.19894
59.53827
59.23396
59.57552
59.27088
59.60949
59.34395
59.64219
59.37765
59.68015
59.41296
59.71285
59.44761
59.74901
59.48719
59.78449
59.52438
59.8236
59.56134
59.85749
59.59539
59.89331
59.63387
59.92807
59.67195
59.96523
59.70967
60.00113
59.74543
60.03999
59.78188
60.07881
59.814
60.0971
59.8525
60.13262
59.88833
60.17097
59.9251
60.20598
59.9593
60.23898
59.99751
60.27752
60.03316
60.31316
60.07041
60.3506
60.10854
60.38967
60.14559
60.42628
60.18217
60.46495
60.21713
60.49973
60.24795
60.53342
60.28557
60.57032
60.32051
60.60144
60.35505
60.6378
60.38644
60.67434
60.42445
60.70952
60.46032
60.746
60.49905
60.78035
60.53456
60.81939
60.57161
60.85512
60.60559
60.89251
60.64463
60.92966
60.68108
60.96777
60.71869
60.99998
60.75636
61.03608
60.79492
61.07381
60.83266
61.10948
60.86933
61.14489
60.90689
61.18314
60.94275
61.2193
60.97187
61.25597
61.01097
61.2936
61.04782
61.33062
61.0833
61.36662
61.11998
61.40573
61.15559
61.4419
61.19341
61.48023
61.23071
61.5167
61.26948
61.55212
61.30533
61.5895
61.33981
61.6262
61.37989
61.66548
61.41635
61.70013
61.4524
61.73744
61.49158
61.7764
61.53086
61.81329
61.56913
61.8504
61.60537
61.88766
61.64581
61.92492
61.68156
61.95819
61.71813
61.99569
61.75603
62.035
61.79083
62.07234
61.82771
62.10973
61.86692
62.14711
61.90395
62.18377
61.9422
62.22187
61.97871
62.25867
62.01719
62.29499
62.05606
62.33176
62.0929
62.36931
62.13166
62.40828
62.16879
62.44741
62.20749
62.4869
62.24557
62.52319
62.28427
62.56342
62.32044
62.60049
62.3577
62.63678
62.39738
62.67582
62.43461
62.71315
62.47335
62.75233
62.51276
62.79056
62.55259
62.83149
62.5919
62.86895
62.62843
62.9085
62.66568
62.94622
62.70314
62.98098
62.744
63.02023
62.78323
63.06083
62.82262
63.09829
62.86084
63.13759
62.89785
63.1759
62.937
63.21482
62.973
63.24975
63.0064
63.28705
63.04135
63.32528
63.07538
63.3577
63.11325
63.39434
63.15008
63.43354
63.18541
63.46965
63.22144
63.50557
63.25871
63.54296
63.29598
63.58007
63.33508
63.61536
63.36657
63.64887
63.40387
63.68424
63.44194
63.71949
63.47718
63.75684
63.48606
63.78818
63.5251
63.82724
63.55779
63.86457
63.59396
63.90209
63.63192
63.92788
63.7056
63.96124
63.73808
64.00037
63.77591
64.03945
63.81433
64.0782
63.8531
64.11604
63.88893
64.15482
63.92538
64.18675
63.95676
64.21346
63.96573
64.25059
64.00337
64.28931
64.03971
64.3223
64.07263
64.35748
64.1074
64.39405
64.14461
64.42973
64.18307
64.46853
64.2226
64.50681
64.25946
64.54579
64.29716
64.58512
64.33318
64.62139
64.40857
64.65891
64.4449
64.69533
64.48127
64.73392
64.51735
64.76895
64.55741
64.80621
64.59663
64.84469
64.63564
64.88428
64.67392
64.92184
64.71095
64.95912
64.74739
64.99725
64.78426
65.03485
64.82291
65.07397
64.85787
65.10883
64.89705
65.14691
64.93082
65.18377
64.96996
65.2204
65.00803
65.25842
65.04317
65.29779
65.08073
65.33541
65.11671
65.37111
65.15578
65.41057
65.19391
65.44878
65.22456
65.48309
65.26185
65.5223
65.29329
65.55608
65.33138
65.59355
65.36953
65.63066
65.40582
65.66967
65.44349
65.70888
65.48252
65.74535
65.52178
65.78223
65.55634
65.81792
65.59492
65.85246
65.62862
65.88876
65.66518
65.92104
65.70073
65.96014
65.73982
65.99718
65.77328
66.03493
65.84706
66.07278
65.88573
66.10937
65.92199
66.14398
65.96036
66.18118
65.99773
66.2192
66.03595
66.25671
66.07366
66.29412
66.11163
66.33316
66.1497
66.37112
66.18448
66.40972
66.2234
66.44718
66.26222
66.48592
66.30007
66.51833
66.3365
66.55419
66.37475
66.5927
66.41134
66.62853
66.45028
66.6665
66.48683
66.70377
66.52274
66.74275
66.5583
66.78003
66.59652
66.81572
66.63311
66.85482
66.67033
66.88904
66.70784
66.92782
66.74565
66.96535
66.78419
67.00289
66.82255
67.04117
66.85917
67.07872
66.89546
67.11347
66.93048
67.15273
66.96925
67.18999
67.00811
67.22921
67.046
67.26593
67.08376
67.30503
67.12154
67.34364
67.15738
67.38071
67.19557
67.41782
67.23421
67.4557
67.26801
67.48907
67.30645
67.52704
67.34395
67.56562
67.3809
67.60464
67.42002
67.64368
67.45717
67.68167
67.49553
67.72113
67.53339
67.7589
67.57295
67.79615
67.60923
67.83303
67.64273
67.87012
67.68083
67.90848
67.71827
67.94678
67.75732
67.98518
67.79339
68.02319
67.83257
68.05844
67.87175
68.0969
67.91062
68.13504
67.94757
68.17219
67.98583
68.20992
68.02194
68.24377
68.05936
68.28295
68.09647
68.32226
68.13644
68.36176
68.17039
68.40116
68.21124
68.43856
68.24944
68.47819
68.28802
68.51725
68.32676
68.55772
68.3659
68.59331
68.4024
68.63132
68.43773
68.66705
68.47533
68.7044
68.54997
68.744
68.58916
68.78233
68.62752
68.82021
68.66493
68.85876
68.70101
68.89534
68.7396
68.93456
68.7775
68.97313
68.81268
69.01127
68.84994
69.04697
68.88686
69.08482
68.92569
69.12401
68.9627
69.16222
68.99909
69.20128
69.03818
69.23869
69.07765
69.27681
69.11561
69.3172
69.15299
69.35361
69.18913
69.39185
69.22543
69.42747
69.26167
69.46399
69.30145
69.50269
69.33527
69.54301
69.3717
69.58051
69.41051
69.61963
69.44973
69.65655
69.48901
69.69446
69.52733
69.73125
69.56634
69.77054
69.60342
69.80868
69.64086
69.84798
69.68018
69.88899
69.71957
69.92754
69.75791
69.96754
69.7989
70.00693
69.83833
70.04641
69.8782
70.08492
69.917
70.12311
69.95306
70.15916
69.99067
70.19843
70.02988
70.23882
70.06818
70.27693
70.10653
70.31573
70.1447
70.35378
70.18393
70.39335
70.22443
70.4324
70.29996
70.47103
70.33699
70.50903
70.37574
70.54693
70.41319
70.58639
70.45254
70.62495
70.49232
70.66337
70.53033
70.70286
70.56967
70.74158
70.6078
70.7807
70.64527
70.81931
70.68371
70.85723
70.72303
70.89442
70.75869
70.93366
70.7971
70.97085
70.83643
71.00896
70.87469
71.04816
70.91305
71.08481
70.95155
71.12416
70.9889
71.16348
71.02811
71.20184
71.06757
71.24094
71.10322
71.28023
71.13802
71.31742
71.17554
71.35307
71.21427
71.39223
71.25333
71.42892
71.28971
71.46829
71.32793
71.50671
71.36604
71.54268
71.40408
71.58025
71.44063
71.61741
71.47566
71.65472
71.51084
71.68913
71.54638
71.7271
71.58565
71.76382
71.62398
71.8046
71.66315
71.84385
71.70219
71.88316
71.73839
71.91953
71.77617
71.95526
71.8102
71.99185
71.8456
72.02868
71.88103
72.06325
71.91871
72.09898
71.95851
72.13776
71.99571
72.17641
72.03413
72.21601
72.07192
72.25465
72.10836
72.2887
72.14612
72.32377
72.21408
72.36287
72.2869
72.39813
72.32571
72.43211
72.36462
72.46775
72.40388
72.50682
72.44157
72.5463
72.4772
72.58515
72.51176
72.62305
72.54633
72.6568
72.5809
72.69391
72.61835
72.73312
72.65524
72.76752
72.69411
72.80106
72.73325
72.83798
72.76949
72.87716
72.80727
72.91576
72.84154
72.9524
72.87684
72.99076
72.91434
73.02305
72.9509
73.06026
72.98717
73.09811
73.02313
73.13253
73.06187
73.16934
73.10189
73.20741
73.18263
73.24611
73.19253
73.28593
73.23273
73.32471
73.26454
73.3642
73.29968
73.40443
73.30712
73.44466
73.32716
73.48481
73.33463
73.52502
73.35715
73.5499
73.38512
73.55989
73.41768
73.60004
73.45776
73.60792
73.49586
73.64802
73.53329
73.68798
73.54303
73.72794
73.58161
73.76757
73.62147
73.80664
73.66038
73.84655
73.69971
73.88551
73.73947
73.92459
73.77605
73.96374
73.81348
74.00199
73.85259
74.03963
73.89171
74.07631
73.92751
74.11533
73.96433
74.15314
74.00235
74.19038
74.04003
74.22827
74.07828
74.26749
74.11694
74.30602
74.15369
74.34379
74.19248
74.38446
74.23278
74.42235
74.27045
74.45792
74.3071
74.49698
74.3409
74.51987
74.37722
74.55635
74.41484
74.58849
74.45099
74.62657
74.48849
74.66303
74.52248
74.70095
74.56322
74.74036
74.60081
74.7775
74.63578
74.81429
74.67388
74.85252
74.70742
74.88808
74.74264
74.92327
74.78057
74.96046
74.81686
74.99575
74.85294
75.03116
74.8855
75.06934
74.92442
75.10647
74.96117
75.14442
74.99537
75.18219
75.03152
75.22017
75.06801
75.25591
75.10526
75.29079
75.14211
75.3288
75.17971
75.36584
75.21741
75.40462
75.25613
75.44384
75.2951
75.48389
75.33147
75.52026
75.36777
75.55965
75.40573
75.59835
75.44302
75.63847
75.48218
75.67369
75.51907
75.71441
75.55956
75.75334
75.5978
75.79256
75.63663
75.83129
75.67587
75.86943
75.71416
75.909
75.75143
75.94732
75.78895
75.98654
75.82759
76.02335
75.86683
76.06145
75.90349
76.10065
75.94167
76.13478
75.97746
76.17406
76.01514
76.21214
76.05441
76.25096
76.09092
76.29008
76.12679
76.32791
76.16309
76.36673
76.19941
76.40257
76.23859
76.44162
76.27556
76.48203
76.31416
76.51984
76.35226
76.55896
76.3912
76.59646
76.42952
76.63495
76.46532
76.67111
76.50239
76.69518
76.53172
76.73429
76.56949
76.7713
76.6067
76.80798
76.64336
76.84456
76.68103
76.88237
76.72099
76.92168
76.75809
76.96114
76.79778
76.99642
76.83181
77.03419
76.86993
77.07288
76.90647
77.11016
76.94117
77.14702
76.98019
77.18341
77.01582
77.21876
77.05383
77.25778
77.09126
77.29691
77.12771
77.33584
77.16571
77.37006
77.20029
77.407
77.23672
77.44601
77.27435
77.48513
77.31052
77.52412
77.3476
77.56076
77.38574
77.59896
77.42459
77.63732
77.46278
77.67654
77.50128
77.71412
77.53984
77.75198
77.57454
77.7894
77.61236
77.83032
77.64968
77.86637
77.68625
77.9055
77.7235
77.94205
77.76167
77.9825
77.80127
78.02175
77.84052
78.06095
77.88049
78.09829
77.91847
78.13802
77.95664
78.17725
77.99538
78.21403
78.03199
78.25076
78.06685
78.2875
78.10622
78.32611
78.14325
78.36443
78.18182
78.40434
78.22259
78.44132
78.26111
78.47988
78.30135
78.51778
78.34045
78.55566
78.3754
78.59148
78.41204
78.6301
78.44884
78.66573
78.48727
78.70285
78.52279
78.73985
78.56007
78.77424
78.59531
78.80922
78.6284
78.84613
78.66499
78.88241
78.70426
78.92027
78.73962
78.9593
78.77696
78.99571
78.81449
79.03143
78.85004
79.06927
78.88641
79.1085
78.92551
79.14373
78.96257
79.18092
78.99947
79.22089
79.03816
79.25887
79.07809
79.29685
79.11507
79.33545
79.15272
79.37283
79.1919
79.4098
79.22695
79.44781
79.26376
79.48674
79.30298
79.52412
79.33987
79.59814
79.37619
79.63568
79.41293
79.67508
79.45111
79.71309
79.48785
79.75252
79.52505
79.79192
79.56436
79.83051
79.60261
79.86638
79.64262
79.90644
79.68066
79.94312
79.71806
79.98145
79.75592
80.0184
79.79326
80.05608
79.83065
80.09306
79.86824
80.1322
79.90413
80.16898
79.94157
80.206
79.97841
80.24071
80.01598
80.27975
80.05502
80.31236
80.0932
80.35055
80.12753
80.38615
80.16201
80.42436
80.20039
80.46054
80.24074
80.49966
80.27621
80.53889
80.31276
80.57681
80.34963
80.6148
80.39033
80.65398
80.42937
80.69171
80.46769
80.73139
80.50359
80.7683
80.54187
80.80522
80.57915
80.84447
80.61843
80.88371
80.65517
80.92149
80.6918
80.95825
80.73112
80.99663
80.77018
81.03529
80.80949
81.07459
80.84571
81.11332
80.88343
81.14767
80.92157
81.18607
80.95589
81.22114
80.99307
81.2513
81.02503
81.28284
81.03294
81.31525
81.06124
81.3411
81.0847
81.3499
81.09099
81.38123
81.12936
81.39011
81.1448
81.41178
81.15115
81.41687
81.18254
81.42196
81.20661
81.44083
81.21539
81.46864
81.25198
81.49909
81.28556
81.52269
81.30619
81.54999
81.3344
81.57816
81.36256
81.60785
81.40028
81.6437
81.43731
81.68061
81.47715
81.71845
81.51419
81.7568
81.5514
81.79494
81.58704
81.83164
81.62503
81.87008
81.66334
81.90694
81.69964
81.94342
81.73967
81.98321
81.77662
82.02055
81.81578
82.0584
81.85469
82.09696
81.89058
82.13625
81.92715
82.17467
81.96525
82.21243
82.00354
82.25054
82.0397
82.28606
82.0773
82.32302
82.11628
82.36107
82.15387
82.39916
82.19215
82.43836
82.2315
82.47752
82.26961
82.51691
82.30692
82.55594
82.34607
82.59524
82.3844
82.63291
82.42181
82.66975
82.46036
82.70594
82.49928
82.74403
82.53748
82.78339
82.57837
82.8235
82.61759
82.86275
82.65534
82.90206
82.69337
82.94122
82.73268
82.97857
82.77042
83.01609
82.80984
83.05596
82.84679
83.09131
82.88522
83.13238
82.92316
83.17146
82.96309
83.21233
83.00133
83.25141
83.04067
83.29074
83.0817
83.32922
83.11933
83.36774
83.16035
83.4077
83.19743
83.44579
83.23685
83.48506
83.27621
83.52317
83.31729
83.56205
83.35226
83.60027
83.38985
83.63956
83.4279
83.67889
83.46726
83.71902
83.50659
83.7571
83.54222
83.796
83.58116
83.83368
83.61948
83.87292
83.65779
83.91223
83.69719
83.94955
83.73665
83.99038
83.77446
84.02837
83.81374
84.06593
83.85257
84.1049
83.8919
84.14341
83.92967
84.18213
83.96817
84.22309
84.00447
84.26112
84.0441
84.30034
84.08266
84.33839
84.1209
84.37843
84.15885
84.41718
84.19793
84.45655
84.23782
84.49554
84.27671
84.53316
84.31607
84.57227
84.35436
84.6117
84.39058
84.65109
84.43004
84.68923
84.46828
84.72839
84.50729
84.76727
84.54566
84.80727
84.58228
84.84672
84.62177
84.88613
84.66138
84.92526
84.70021
84.96496
84.73922
85.00368
84.77721
85.04344
84.81683
85.08202
84.85537
85.11974
84.8954
85.15954
84.92907
85.19807
84.96818
85.23387
85.00726
85.27193
85.04486
85.31176
85.07966
85.34935
85.11742
85.38523
85.1556
85.42138
85.19199
85.46132
85.22758
85.5004
85.26672
85.53902
85.30299
85.57915
85.34103
85.61401
85.38177
85.6545
85.41966
85.69331
85.46
85.73331
85.49803
85.76946
85.53607
85.80859
85.57299
85.84806
85.61178
85.88572
85.64803
85.92519
85.68663
85.96262
85.72757
86.0016
85.76678
86.04121
85.80795
86.08025
85.84658
86.11885
85.8856
86.1595
85.92439
86.19904
85.96416
86.23759
86.00281
86.27689
86.0438
86.31685
86.08296
86.35587
86.12178
86.39662
86.16179
86.43556
86.19976
86.47496
86.2396
86.51367
86.27785
86.55459
86.31885
86.59275
86.35725
86.63209
86.39665
86.67148
86.43597
86.70769
86.47218
86.74719
86.50896
86.78454
86.54533
86.82204
86.58486
86.86143
86.6209
86.89993
86.65948
86.93843
86.69829
86.97801
86.73945
87.01768
86.77893
87.05484
86.81862
87.09322
86.85685
87.13316
86.89326
87.1722
86.93157
87.21323
86.96983
87.25288
87.00906
87.29225
87.04906
87.33344
87.08883
87.3734
87.1294
87.41248
87.16918
87.45143
87.20825
87.49195
87.24557
87.53111
87.2852
87.57235
87.3228
87.61142
87.36234
87.65179
87.40298
87.69141
87.44257
87.73114
87.48074
87.768
87.52025
87.80856
87.55881
87.84695
87.59645
87.88641
87.63591
87.92582
87.67302
87.96467
87.71163
88.00336
87.74967
88.04173
87.78909
88.08111
87.83002
88.12051
87.86761
88.15986
87.90479
88.1993
87.94341
88.23659
87.98186
88.27523
88.01922
88.3148
88.05856
88.35358
88.09579
88.3907
88.13557
88.42944
88.17356
88.4684
88.21363
88.5051
88.24745
88.54601
88.28471
88.58253
88.3227
88.61965
88.35878
88.65883
88.39809
88.69807
88.43741
88.73715
88.47594
88.77475
88.51547
88.81573
88.55415
88.85448
88.59271
88.89389
88.62933
88.93247
88.66873
88.97317
88.70829
89.01188
88.74741
89.05093
88.78675
89.09034
88.82565
89.1296
88.86528
89.16921
88.90645
89.20869
88.94593
89.24998
88.98711
89.28918
89.02661
89.33003
89.06677
89.36867
89.10593
89.4092
89.14426
89.44868
89.18377
89.48814
89.22337
89.52769
89.26285
89.56887
89.3007
89.60844
89.3402
89.64799
89.37978
89.68726
89.4194
89.72533
89.45892
89.76488
89.49726
89.80444
89.5368
89.84399
89.577
89.88371
89.61684
89.92356
89.65662
89.96498
89.69556
90.00405
89.73534
90.04439
89.77496
90.08376
89.81512
90.12318
89.85374
90.16424
89.89478
90.20379
89.93246
90.24465
89.97183
90.28408
90.01112
90.32483
90.05195
90.36416
90.08841
90.40413
90.12771
90.44126
90.16618
90.48047
90.20458
90.51973
90.24559
90.55837
90.28393
90.59774
90.32372
90.63882
90.36327
90.67696
90.40437
90.7166
90.44255
90.75542
90.48074
90.79391
90.51933
90.83338
90.55907
90.87289
90.59858
90.91227
90.63799
90.95188
90.6752
90.99149
90.71487
91.0297
90.75438
91.07082
90.79504
91.11
90.83439
91.14952
90.87232
91.18898
90.91166
91.22999
90.95118
91.26952
90.99066
91.30903
91.0295
91.3487
91.06916
91.38734
91.10875
91.42697
91.14835
91.46645
91.18797
91.50613
91.22745
91.54582
91.267
91.5855
91.30545
91.62379
91.34501
91.66526
91.3859
91.70504
91.42575
91.7454
91.46722
91.78523
91.507
91.82154
91.54826
91.86137
91.5879
91.90261
91.62908
91.94218
91.66854
91.98115
91.70821
92.02086
91.74782
92.06059
91.78632
92.09891
91.82784
92.13787
91.86776
92.16774
91.90921
92.20773
91.94901
92.2487
91.99044
92.28867
92.03029
92.32909
92.07178
92.36892
92.11166
92.40788
92.15188
92.44752
92.19189
92.48914
92.23341
92.529
92.26832
92.56821
92.30997
92.60332
92.34982
92.64246
92.39138
92.67738
92.43076
92.71382
92.47229
92.75354
92.51208
92.79469
92.5535
92.83446
92.59332
92.87361
92.63303
92.91335
92.67277
92.95306
92.71252
92.993
92.75206
93.03254
92.79061
93.07207
92.83019
93.11166
92.86966
93.15125
92.90926
93.19079
92.94878
93.23035
92.99005
93.26989
93.02967
93.30966
93.06873
93.34875
93.10828
93.3884
93.14771
93.42826
93.18754
93.45802
93.22761
93.4979
93.25999
93.52782
93.30016
93.54435
93.34014
93.57442
93.37203
93.60698
93.39954
93.65368
93.42207
93.66367
93.4512
93.69373
93.47372
93.7167
93.50111
93.73672
93.52357
93.75661
93.55762
93.79079
93.58756
93.81578
93.61822
93.85075
93.64829
93.88975
93.6556
93.91966
93.67284
93.9495
93.69937
93.97104
93.73926
93.97818
93.77673
94.01055
93.81068
94.04944
93.84047
94.08884
93.86437
94.11494
93.89684
94.14983
93.92422
94.17477
93.94749
94.20636
93.97488
94.23134
94.00743
94.27365
94.03586
94.30277
94.04566
94.31255
94.07799
94.33983
94.10535
94.34946
94.12925
94.37161
94.169
94.40393
94.20859
94.44298
94.24819
94.48422
94.28767
94.52389
94.32844
94.55772
94.36823
94.59484
94.40938
94.63464
94.44905
94.66433
94.4906
94.67391
94.52799
94.70518
94.56937
94.7743
94.60925
94.85377
94.64898
94.88508
94.68875
94.91484
94.73017
94.95453
94.7695
95.0348
94.809
95.05698
94.84619
95.06401
94.88357
95.09373
94.91841
95.11506
94.95326
95.14978
94.99471
95.18459
95.03443
95.22192
95.06033
95.26155
95.0901
95.29379
95.13
95.32348
95.16965
95.34809
95.20196
95.38783
95.24193
95.40739
95.27683
95.4422
95.30171
95.48235
95.34163
95.51218
95.38159
95.57935
95.41147
95.61184
95.44136
95.63924
95.47628
95.64896
95.51598
95.6712
95.55087
95.76692
95.58831
95.77663
95.61831
95.84097
95.65076
95.86488
95.67548
95.87469
95.68266
95.89442
95.69747
95.92191
95.71984
95.94334
95.73721
95.95823
95.74947
95.96808
95.75684
95.9855
95.77937
96.00798
95.8018
96.01692
95.82932
96.03183
95.85174
96.06387
95.8782
96.08125
95.90308
96.08862
95.92308
96.10747
95.93707
96.12744
95.94692
96.13478
95.96669
96.15221
95.99158
96.16209
96.00137
96.17945
96.03141
96.18839
96.04034
96.21589
96.06269
96.22198
96.07256
96.22804
96.08992
96.24812
96.10872
96.26806
96.1261
96.2742
96.13347
96.29158
96.15095
96.31656
96.16589
96.33904
96.18079
96.34814
96.20241
96.36304
96.21729
96.37289
96.22474
96.38284
96.24227
96.39285
96.25978
96.40276
96.28146
96.42272
96.29647
96.43936
96.30389
96.44929
96.3139
96.45921
96.32005
96.47924
96.32619
96.48544
96.35634
96.49162
96.3804
96.50668
96.40292
96.5208
96.41285
96.52824
96.43547
96.54829
96.45702
96.5582
96.482
96.57819
96.51205
96.58437
96.54362
96.59059
96.57848
96.62215
96.61815
96.66221
96.65846
96.70084
96.69711
96.74217
96.73719
96.78249
96.81942
96.82056
96.86024
96.861
96.90018
96.90171
96.94044
96.94195
96.97606
96.97878
97.01504
97.01688
97.05312
97.05634
97.09333
97.09656
97.13312
97.13625
97.17226
97.17474
97.21236
97.21359
97.25063
97.25356
97.29073
97.29385
97.32928
97.3323
97.36902
97.37145
97.40862
97.40833
97.4462
97.44711
97.48689
97.48698
97.52502
97.52564
97.5638
97.56471
97.60287
97.60304
97.6418
97.63602
97.66435
97.66965
97.66947
97.67479
97.67461
97.67992
97.70889
97.71751
97.71403
97.74689
97.71916
97.75201
97.75314
97.75714
97.77984
97.79219
97.78498
97.79732
97.80025
97.80244
97.82123
97.82259
97.82636
97.82772
97.8315
97.83285
97.86332
97.86448
97.86845
97.87203
97.89292
97.87834
97.89929
97.90108
97.91248
97.9062
97.91759
97.9113
97.9239
97.92909
97.93944
97.9342
97.94455
97.93932
97.94965
97.9568
97.96164
97.96316
97.96674
97.97198
97.97185
97.9808
97.98114
97.9896
97.98748
98.00171
97.99584
98.00682
98.01312
98.01193
98.01823
98.02732
98.02333
98.03242
98.04608
98.03754
98.05241
98.05235
98.0677
98.05869
98.07281
98.07239
98.07793
98.07753
98.08715
98.08267
98.09743
98.09565
98.10257
98.10079
98.10773
98.10595
98.12019
98.11485
98.12535
98.12001
98.1305
98.13644
98.14169
98.14161
98.14685
98.14677
98.15201
98.15719
98.17226
98.16355
98.17738
98.17624
98.1825
98.18135
98.19453
98.18647
98.19964
98.20531
98.20473
98.21043
98.22411
98.21555
98.22921
98.22064
98.23432
98.24326
98.25651
98.24836
98.26162
98.25346
98.26673
98.27921
98.29865
98.28434
98.30749
98.3121
98.33088
98.32098
98.35102
98.34845
98.35903
98.35647
98.38161
98.37339
98.38682
98.37856
98.39201
98.38373
98.3984
98.41017
98.40482
98.41536
98.4112
98.42056
98.4164
98.43648
98.42826
98.44169
98.43466
98.4481
98.45096
98.45608
98.45617
98.4613
98.46139
98.46651
98.47183
98.47293
98.47824
98.48186
98.50503
98.50644
98.52287
98.51164
98.52805
98.51686
98.53322
98.5351
98.54277
98.54028
98.54795
98.56874
98.55312
98.57391
98.57622
98.57909
98.58135
98.60601
98.6061
98.61118
98.6141
98.61636
98.63128
98.64126
98.63644
98.64641
98.64157
98.65154
98.65607
98.66567
98.66122
98.67083
98.66635
98.67597
98.68208
98.68509
98.6872
98.69025
98.69234
98.6954
98.70486
98.7078
98.70999
98.71667
98.71748
98.72554
98.72259
98.73187
98.72769
98.73701
98.73279
98.74213
98.7379
98.75366
98.74541
98.75879
98.75052
98.76392
98.75562
98.77025
98.76073
98.77538
98.76585
98.78052
98.77095
98.79075
98.78228
98.7959
98.7874
98.80103
98.79252
98.8062
98.79885
98.81135
98.80397
98.81651
98.81411
98.82167
98.81922
98.82684
98.82436
98.83443
98.8307
98.84479
98.83934
98.84996
98.8445
98.85514
98.84965
98.86032
98.85979
98.8655
98.86618
98.87727
98.87257
98.88507
98.87897
98.89581
98.88786
98.90224
98.89303
98.90863
98.89819
98.91507
98.94178
98.92967
98.94695
98.9457
98.95731
98.9509
98.96366
98.95611
98.9688
98.96922
98.97397
98.97563
98.98037
98.98463
98.98553
98.99265
98.99071
98.99913
98.9971
99.00555
99.00226
99.01488
99.00743
99.02013
99.01384
99.02536
99.02023
99.03433
99.0254
99.0396
99.03059
99.04485
99.03699
99.0513
99.04217
99.05776
99.04737
99.0642
99.05257
99.07063
99.05775
99.07707
99.06415
99.0835
99.06932
99.08874
99.07451
99.09397
99.07971
99.10041
99.08614
99.10564
99.09132
99.11088
99.09653
99.11731
99.10664
99.13058
99.11185
99.13583
99.11707
99.14104
99.12689
99.1463
99.13212
99.15428
99.13732
99.15954
99.14877
99.16479
99.15402
99.17565
99.15927
99.18463
99.17371
99.20613
99.19173
99.21134
99.19692
99.21664
99.20213
99.2328
99.22157
99.23805
99.22677
99.24332
99.23195
99.2557
99.25832
99.26093
99.2635
99.26614
99.2687
99.28776
99.29256
99.29417
99.29775
99.31096
99.30294
99.31618
99.32198
99.32139
99.32716
99.33402
99.33232
99.3392
99.35117
99.34436
99.35632
99.36189
99.36446
99.36707
99.36962
99.37225
99.37476
99.38791
99.38896
99.3931
99.3941
99.39827
99.39923
99.40598
99.40808
99.41114
99.41322
99.41631
99.41833
99.42638
99.4235
99.43154
99.4315
99.43671
99.4482
99.44928
99.45458
99.45444
99.47264
99.45961
99.47903
99.47056
99.49554
99.48975
99.5007
99.50591
99.50584
99.51108
99.52232
99.52783
99.5312
99.53423
99.53896
99.5461
99.54785
99.5513
99.56059
99.5565
99.56578
99.56689
99.57095
99.57469
99.5847
99.58112
99.60132
99.58751
99.609
99.60885
99.62466
99.61405
99.63598
99.63158
99.64114
99.6405
99.64631
99.65813
99.65784
99.6685
99.66422
99.67736
99.67056
99.68253
99.67948
99.68771
99.68959
99.6929
99.69477
99.70954
99.69998
99.71473
99.71879
99.71989
99.72395
99.73399
99.72914
99.74036
99.74213
99.74921
99.74731
99.75436
99.7525
99.75954
99.76402
99.76835
99.76923
99.77354
99.77441
99.77872
99.78206
99.78759
99.79093
99.794
99.79612
99.79919
99.8013
99.80695
99.80766
99.81583
99.82288
99.82224
99.82928
99.82864
99.84033
99.83755
99.84555
99.84811
99.85073
99.85334
99.85858
99.85857
99.865
99.86497
99.87023
99.88414
99.87549
99.8906
99.88541
99.89703
99.89435
99.90465
99.90326
99.91107
99.90849
99.91753
99.91372
99.92275
99.92635
99.9347
99.93901
99.94984
99.95911
99.95627
99.97937
99.97762
99.98573
99.99004
99.99205
99.99633
100.0031
100.0052
100.0082
100.0172
100.0134
100.0223
100.0285
100.0274
100.0348
100.0325
100.0436
100.0376
100.0513
100.0488
100.0575
100.0539
100.0664
100.059
100.0727
100.0676
100.0858
100.0751
100.0909
100.0802
100.096
100.0877
100.1011
100.0928
100.1089
100.0979
100.114
100.1042
100.1203
100.1105
100.1291
100.1192
100.1342
100.1305
100.1394
100.1356
100.1457
100.1407
100.1508
100.1471
100.1559
100.1534
100.168
100.1673
100.1768
100.1736
100.1849
100.1816
100.19
100.1867
100.1952
100.1919
100.2016
100.2008
100.208
100.2072
100.2131
100.2135
100.2183
100.2199
100.2312
100.2288
100.2402
100.2377
100.2466
100.2563
100.2555
100.2615
100.2628
100.2667
100.2693
100.272
100.2855
100.2876
100.2907
100.3002
100.296
100.3066
100.3013
100.3156
100.3148
100.3221
100.3304
100.3421
100.3357
100.3473
100.3411
100.3526
100.3514
100.3668
100.3579
100.372
100.3643
100.3773
100.3801
100.3862
100.3855
100.3914
100.3907
100.4028
100.4041
100.4081
100.4106
100.4133
100.4171
100.4273
100.4361
100.4325
100.4414
100.4378
100.4466
100.4465
100.4518
100.4645
100.4571
100.4698
100.4702
100.475
100.4754
100.4878
100.4806
100.493
100.4928
100.4983
100.498
100.5117
100.5032
100.5169
100.5096
100.5221
100.5147
100.5331
100.5199
100.5383
100.5293
100.5436
100.5345
100.5535
100.5398
100.5599
100.5585
100.5652
100.5649
100.5704
100.5832
100.5862
100.5978
100.609
100.6055
100.6219
100.612
100.6355
100.6184
100.642
100.6361
100.6589
100.6413
100.6654
100.6466
100.6707
100.6556
100.676
100.6609
100.6936
100.6661
100.7001
100.6788
100.7077
100.684
100.7167
100.6892
100.7306
100.7044
100.7395
100.7122
100.7448
100.7298
100.75
100.7362
100.7552
100.7531
100.7604
100.7607
100.7726
100.7689
100.779
100.7912
100.7897
100.7963
100.7961
100.8039
100.8099
100.8185
100.8151
100.8249
100.8227
100.8424
100.8367
100.8475
100.8431
100.8527
100.8573
100.8591
100.8625
100.8643
100.8676
100.8694
100.8802
100.8801
100.8866
100.8865
100.8954
100.8979
100.9043
100.9042
100.9095
100.9167
100.9147
100.935
100.9284
100.9501
100.9348
100.9605
100.9469
100.9683
100.9521
100.9747
100.9572
100.9851
100.9695
100.9915
100.988
100.9979
100.9957
101.0042
101.0088
101.012
101.014
101.0273
101.0204
101.0336
101.0293
101.04
101.0357
101.0464
101.0472
101.0516
101.0536
101.0567
101.062
101.067
101.0684
101.0734
101.0888
101.0798
101.0969
101.085
101.1021
101.0902
101.1102
101.1007
101.1178
101.1083
101.1242
101.1147
101.1331
101.1298
101.1461
101.135
101.1613
101.1402
101.1689
101.1453
101.1861
101.1542
101.1951
101.1666
101.2015
101.173
101.2067
101.1876
101.2156
101.1928
101.222
101.198
101.2323
101.2044
101.2375
101.2107
101.2427
101.2172
101.2491
101.226
101.2543
101.2361
101.2611
101.2426
101.2694
101.254
101.2779
101.2626
101.2831
101.2765
101.2935
101.2887
101.2999
101.3001
101.3088
101.3065
101.3177
101.3118
101.3261
101.317
101.3341
101.3222
101.3406
101.3274
101.347
101.3326
101.3523
101.3379
101.3575
101.3444
101.364
101.3533
101.3692
101.3597
101.3757
101.3712
101.3822
101.3777
101.3874
101.3842
101.3939
101.3895
101.402
101.3947
101.4072
101.4037
101.4125
101.4131
101.4178
101.4196
101.4242
101.4249
101.4295
101.4301
101.436
101.4354
101.4413
101.4419
101.4478
101.4483
101.4568
101.4561
101.4658
101.4626
101.4809
101.4716
101.49
101.4806
101.499
101.4896
101.5105
101.4949
101.5171
101.5014
101.5251
101.5068
101.5316
101.515
101.5369
101.5228
101.5422
101.5319
101.5489
101.5372
101.5543
101.5425
101.5608
101.5479
101.5698
101.5557
101.5785
101.561
101.5875
101.5663
101.593
101.5766
101.5983
101.5857
101.6062
101.5931
101.6153
101.6021
101.6219
101.6075
101.6285
101.6141
101.6376
101.6207
101.6442
101.6357
101.6495
101.6423
101.6615
101.6476
101.6681
101.6529
101.6746
101.6596
101.6818
101.6661
101.6909
101.6727
101.6962
101.6809
101.7015
101.6863
101.7097
101.6917
101.715
101.7058
101.7281
101.7142
101.7347
101.7283
101.7412
101.7337
101.7466
101.7468
101.7521
101.7559
101.7576
101.7641
101.7631
101.7732
101.7685
101.7797
101.7751
101.7879
101.7864
101.7933
101.7931
101.7987
101.8022
101.8053
101.8077
101.8119
101.8131
101.8173
101.822
101.8228
101.8358
101.8342
101.8447
101.8409
101.8637
101.849
101.8729
101.8665
101.8956
101.8756
101.9023
101.8809
101.9307
101.8862
101.9373
101.8995
101.9462
101.906
101.9553
101.9151
101.9635
101.9304
101.9752
101.9459
101.9818
101.9513
101.9872
101.9567
101.9926
101.979
102.0064
101.9971
102.0249
102.0037
102.0315
102.0119
102.0486
102.021
102.054
102.0366
102.0594
102.0453
102.0682
102.0619
102.0772
102.0685
102.0839
102.0739
102.093
102.0903
102.1013
102.0984
102.108
102.118
102.1311
102.1271
102.1366
102.1412
102.1561
102.1465
102.1627
102.1519
102.1693
102.1608
102.1765
102.1699
102.2013
102.179
102.2079
102.1881
102.2171
102.2008
102.2226
102.2099
102.2317
102.2165
102.2384
102.2331
102.245
102.2422
102.2542
102.2489
102.2624
102.2555
102.2715
102.2637
102.2806
102.2728
102.2861
102.2898
102.2994
102.2964
102.3072
102.3105
102.321
102.3197
102.3277
102.3264
102.3332
102.3397
102.3387
102.3489
102.357
102.3606
102.3761
102.3689
102.3891
102.3744
102.3959
102.38
102.4026
102.3893
102.4115
102.396
102.426
102.4053
102.4418
102.412
102.4512
102.4187
102.4625
102.427
102.4694
102.434
102.4751
102.4409
102.4809
102.4464
102.4866
102.4532
102.496
102.465
102.5074
102.4719
102.5181
102.4863
102.5238
102.4919
102.5296
102.4976
102.5391
102.5034
102.5449
102.5146
102.5508
102.5216
102.5604
102.5312
102.5676
102.5381
102.5735
102.5441
102.5793
102.5499
102.5851
102.5595
102.5923
102.5685
102.601
102.578
102.6081
102.5852
102.6178
102.5912
102.6239
102.5973
102.6299
102.6094
102.6466
102.6216
102.6639
102.644
102.6739
102.6538
102.6802
102.6686
102.6949
102.6781
102.7048
102.6922
102.7125
102.6995
102.72
102.7145
102.73
102.7219
102.7402
102.7294
102.7479
102.7394
102.7581
102.747
102.7673
102.7547
102.7748
102.7653
102.785
102.773
102.7952
102.7794
102.8054
102.7858
102.812
102.7961
102.8186
102.8039
102.825
102.8141
102.8315
102.822
102.8382
102.8298
102.8476
102.8364
102.8541
102.8432
102.8619
102.8501
102.8684
102.8567
102.875
102.8671
102.8817
102.875
102.8895
102.8831
102.8974
102.8935
102.9053
102.909
102.912
102.9158
102.9186
102.9226
102.9251
102.9295
102.9347
102.9363
102.9415
102.9431
102.9482
102.9511
102.9561
102.958
102.9641
102.966
102.9721
102.974
102.9788
102.982
102.9856
102.9901
102.9961
103.0006
103.004
103.0111
103.0136
103.0207
103.0216
103.0337
103.0283
103.0417
103.0363
103.0523
103.0517
103.0591
103.0597
103.0659
103.0677
103.0726
103.0756
103.0795
103.0824
103.0863
103.0891
103.0943
103.0959
103.1064
103.1027
103.1132
103.1095
103.12
103.1162
103.128
103.1229
103.136
103.1297
103.144
103.1377
103.1508
103.1532
103.1588
103.1599
103.1656
103.1667
103.1724
103.1734
103.182
103.1802
103.1888
103.1881
103.1956
103.1949
103.2024
103.2029
103.2129
103.2096
103.2234
103.2163
103.2314
103.2231
103.2394
103.2298
103.2474
103.2366
103.2542
103.2446
103.2611
103.2513
103.2691
103.258
103.2758
103.2648
103.2827
103.2715
103.2907
103.2783
103.2987
103.2862
103.3067
103.2967
103.3135
103.3034
103.3203
103.3102
103.3271
103.3181
103.3351
103.3248
103.3506
103.3316
103.3652
103.3383
103.3732
103.3479
103.3799
103.3558
103.3867
103.3638
103.3947
103.3717
103.4027
103.3797
103.4095
103.3877
103.4163
103.3981
103.423
103.4048
103.4298
103.4116
103.4366
103.4183
103.4434
103.4251
103.4514
103.4318
103.4581
103.4385
103.4649
103.4453
103.4717
103.452
103.4784
103.4587
103.4852
103.4655
103.492
103.4722
103.5025
103.479
103.5092
103.4869
103.5161
103.4949
103.5228
103.5016
103.5296
103.5084
103.5364
103.5151
103.5431
103.5218
103.5499
103.5286
103.5579
103.5353
103.5659
103.5433
103.5764
103.55
103.5831
103.5567
103.5899
103.5635
103.5995
103.5702
103.6063
103.5769
103.6131
103.5837
103.6198
103.5904
103.6266
103.5971
103.6333
103.6039
103.6401
103.6106
103.6481
103.6173
103.6549
103.624
103.6616
103.632
103.6684
103.6399
103.6752
103.6467
103.6831
103.6534
103.6899
103.6613
103.6966
103.668
103.7071
103.6748
103.7176
103.6893
103.7243
103.6973
103.7311
103.704
103.7378
103.712
103.7458
103.7187
103.7526
103.7254
103.7594
103.7334
103.7661
103.7401
103.7729
103.7468
103.7796
103.7535
103.7864
103.7603
103.7931
103.7671
103.7999
103.7738
103.8067
103.7818
103.8134
103.7885
103.8202
103.7952
103.8269
103.8019
103.8337
103.8087
103.8404
103.8154
103.85
103.8221
103.8567
103.8301
103.8635
103.838
103.8702
103.8448
103.877
103.8515
103.8837
103.8582
103.8905
103.8649
103.8984
103.8717
103.9052
103.8784
103.9119
103.8851
103.9199
103.8919
103.9266
103.8986
103.9334
103.9053
103.9401
103.912
103.9469
103.9188
103.9536
103.9255
103.9604
103.9322
103.9671
103.9389
103.9739
103.9457
103.9806
103.9524
103.9874
103.9591
103.9941
103.9659
104.0009
103.9726
104.0076
103.983
104.0144
103.9897
104.0223
103.9965
104.0291
104.0043
104.0358
104.0111
104.0437
104.0178
104.0542
104.0245
104.0609
104.0312
104.0677
104.0392
104.0744
104.0471
104.0812
104.0538
104.0891
104.0605
104.0959
104.0673
104.1026
104.0752
104.1094
104.0819
104.1161
104.0886
104.1229
104.0954
104.1296
104.1021
104.1364
104.1088
104.1431
104.1155
104.1498
104.1223
104.1566
104.129
104.1633
104.1357
104.1701
104.1424
104.1768
104.1491
104.1836
104.1559
104.1915
104.1626
104.1982
104.1705
104.205
104.1772
104.2117
104.184
104.2185
104.1907
104.2252
104.1974
104.2319
104.2041
104.2399
104.2109
104.2466
104.2176
104.2534
104.2243
104.2601
104.231
104.2669
104.2377
104.2736
104.2445
104.2804
104.2512
104.2883
104.2579
104.2951
104.2646
104.3018
104.2713
104.3085
104.2781
104.3153
104.2848
104.322
104.2915
104.3288
104.2982
104.3355
104.305
104.3423
104.3117
104.349
104.3184
104.3558
104.3263
104.3637
104.3343
104.3705
104.3422
104.3772
104.3489
104.3852
104.3556
104.3931
104.3623
104.3998
104.3691
104.4066
104.3758
104.4133
104.3825
104.4201
104.3892
104.428
104.3971
104.4348
104.4051
104.4415
104.413
104.4482
104.4197
104.455
104.4264
104.4617
104.4332
104.4685
104.4399
104.4752
104.4466
104.4819
104.4533
104.4887
104.4601
104.4954
104.4668
104.5022
104.4735
104.5089
104.4802
104.5157
104.4869
104.5224
104.4937
104.5292
104.5004
104.5371
104.5071
104.5438
104.5166
104.5506
104.5234
104.5573
104.5301
104.564
104.5368
104.5708
104.5435
104.5775
104.5503
104.5855
104.557
104.5922
104.5637
104.599
104.5704
104.6057
104.5772
104.6124
104.5839
104.6192
104.5906
104.6259
104.5973
104.6327
104.604
104.6394
104.6108
104.6462
104.6175
104.6529
104.6242
104.6609
104.6309
104.6676
104.6377
104.6743
104.6444
104.6811
104.6511
104.6878
104.6578
104.6946
104.6646
104.7013
104.6713
104.7081
104.6808
104.716
104.6875
104.7227
104.6943
104.7295
104.701
104.7374
104.7089
104.7442
104.7156
104.7509
104.7223
104.7577
104.7291
104.7673
104.7358
104.7741
104.7437
104.7808
104.7541
104.7875
104.7608
104.7943
104.7675
104.801
104.7743
104.8077
104.7822
104.8145
104.7889
104.8212
104.7956
104.828
104.8024
104.8347
104.8091
104.8415
104.8158
104.8482
104.8225
104.8549
104.8292
104.8617
104.836
104.8684
104.8427
104.8752
104.8494
104.8831
104.8573
104.8898
104.8641
104.8966
104.8708
104.9033
104.8775
104.9101
104.8842
104.9168
104.8909
104.9248
104.8977
104.9344
104.9056
104.9411
104.9123
104.9478
104.9191
104.9546
104.9258
104.9613
104.9325
104.9681
104.9392
104.9748
104.946
104.9816
104.9527
104.9895
104.9594
104.9962
104.9661
105.003
104.9728
105.0097
104.9796
105.0165
104.9863
105.0232
104.993
105.03
104.9997
105.0367
105.0064
105.0434
105.0132
105.0502
105.0211
105.0606
105.0278
105.0674
105.0345
105.0741
105.0413
105.082
105.0492
105.0888
105.0559
105.0955
105.0626
105.1023
105.0694
105.109
105.0761
105.1158
105.084
105.1225
105.0919
105.1292
105.1014
105.136
105.1082
105.1427
105.1149
105.1495
105.1216
105.1562
105.1283
105.163
105.135
105.1697
105.1418
105.1765
105.1497
105.1832
105.1564
105.1899
105.1631
105.1967
105.1699
105.2034
105.1766
105.2114
105.1833
105.2193
105.19
105.226
105.1979
105.2328
105.2047
105.2395
105.2114
105.2463
105.2181
105.253
105.2248
105.2598
105.2316
105.2665
105.2383
105.277
105.2462
105.2837
105.2529
105.2904
105.2597
105.2972
105.2664
105.3039
105.2731
105.3107
105.2798
105.3174
105.2866
105.3241
105.2933
105.3309
105.3
105.3376
105.3067
105.3444
105.3134
105.3511
105.3202
105.3578
105.3269
105.3646
105.3336
105.3725
105.3403
105.3792
105.347
105.386
105.3538
105.3927
105.3642
105.4007
105.3709
105.4074
105.3776
105.4141
105.3844
105.4221
105.3923
105.4316
105.399
105.4384
105.4057
105.4451
105.4124
105.4519
105.4191
105.4586
105.4259
105.4654
105.4354
105.4721
105.4433
105.4789
105.4512
105.4856
105.458
105.4923
105.4647
105.4991
105.4714
105.5058
105.4781
105.5126
105.4849
105.5193
105.4916
105.526
105.4983
105.5328
105.505
105.5395
105.5117
105.5463
105.5184
105.553
105.5252
105.5609
105.5331
105.5677
105.541
105.5744
105.5477
105.5811
105.5545
105.5879
105.5612
105.5975
105.5679
105.6042
105.5746
105.6109
105.5813
105.6189
105.5893
105.6269
105.596
105.6336
105.6027
105.6403
105.6095
105.6471
105.6174
105.6538
105.6241
105.6606
105.6308
105.6673
105.6375
105.6741
105.6442
105.6808
105.651
105.6875
105.6577
105.6943
105.6644
105.701
105.6711
105.7078
105.6778
105.7157
105.6846
105.7225
105.6913
105.7292
105.698
105.7359
105.7047
105.7439
105.7127
105.7506
105.7194
105.7574
105.7261
105.7669
105.734
105.7749
105.7407
105.7816
105.7475
105.7884
105.7542
105.7951
105.7609
105.8018
105.7676
105.8086
105.7755
105.8153
105.7822
105.8221
105.789
105.8288
105.7994
105.8355
105.8061
105.8423
105.8128
105.849
105.8195
105.8558
105.8263
105.8625
105.833
105.8692
105.8397
105.876
105.8464
105.8827
105.8532
105.8895
105.8599
105.8962
105.8666
105.9041
105.8733
105.9109
105.8837
105.9176
105.8905
105.9244
105.8972
105.9311
105.9039
105.9379
105.9106
105.9446
105.9174
105.9513
105.9241
105.9593
105.9337
105.9697
105.9404
105.9765
105.9471
105.9832
105.9538
105.99
105.9605
105.9967
105.9673
106.0034
105.974
106.0102
105.9807
106.0169
105.9874
106.0237
105.9942
106.0304
106.0009
106.0372
106.0076
106.0439
106.0143
106.0507
106.021
106.0574
106.0278
106.0641
106.0345
106.0721
106.0412
106.08
106.0479
106.0868
106.0584
106.0935
106.0651
106.1002
106.0718
106.1082
106.0797
106.1161
106.0864
106.1229
106.0932
106.1296
106.1
106.1363
106.1067
106.1431
106.1134
106.1498
106.1213
106.1578
106.1281
106.1645
106.1348
106.1713
106.1427
106.178
106.1506
106.1847
106.1585
106.1915
106.1653
106.1982
106.172
106.2049
106.1787
106.2117
106.1854
106.2184
106.1921
106.2252
106.1989
106.2319
106.2056
106.2386
106.2123
106.2466
106.219
106.2533
106.227
106.26
106.2337
106.2668
106.2404
106.2735
106.2483
106.2803
106.255
106.287
106.2618
106.2937
106.2685
106.3017
106.2764
106.3097
106.2832
106.3164
106.2899
106.3232
106.2966
106.3311
106.3033
106.3378
106.3101
106.3446
106.3168
106.3513
106.3235
106.3581
106.3302
106.3648
106.3369
106.3716
106.3437
106.3783
106.3504
106.385
106.3571
106.3918
106.3638
106.3985
106.3705
106.4053
106.3773
106.4132
106.384
106.4212
106.3907
106.4279
106.3974
106.4346
106.4041
106.4414
106.4109
106.4493
106.4188
106.4573
106.4267
106.464
106.4334
106.4708
106.4401
106.4775
106.4468
106.4843
106.4536
106.491
106.4615
106.4977
106.4682
106.5045
106.4749
106.5112
106.4817
106.518
106.4896
106.5247
106.4975
106.5315
106.5042
106.5382
106.5109
106.5449
106.5176
106.5517
106.5244
106.5584
106.5311
106.5652
106.5378
106.5719
106.5445
106.5786
106.5512
106.5854
106.558
106.5933
106.5647
106.6
106.5726
106.6068
106.5793
106.6135
106.5861
106.6203
106.594
106.627
106.6019
106.6337
106.6086
106.6417
106.6166
106.6497
106.6233
106.6564
106.63
106.6631
106.6367
106.6699
106.6435
106.6766
106.6502
106.6835
106.6569
106.6902
106.6636
106.697
106.6703
106.7037
106.6771
106.7104
106.6838
106.7172
106.6905
106.7251
106.6972
106.7319
106.704
106.7386
106.7107
106.7454
106.7174
106.7521
106.7241
106.7588
106.7308
106.7709
106.7376
106.7776
106.7443
106.7843
106.751
106.7923
106.7589
106.8002
106.7684
106.807
106.7752
106.8137
106.7819
106.8205
106.7886
106.8272
106.7953
106.8339
106.8032
106.8407
106.81
106.8474
106.8167
106.8542
106.8234
106.8609
106.8313
106.8676
106.8392
106.8744
106.846
106.8811
106.8527
106.8891
106.8594
106.8958
106.8661
106.9025
106.8728
106.9093
106.8796
106.916
106.8863
106.9228
106.893
106.9295
106.8997
106.9374
106.9064
106.9442
106.9144
106.9509
106.9211
106.9577
106.9278
106.9644
106.9357
106.9711
106.9425
106.9779
106.9492
106.9858
106.9571
106.9938
106.9638
107.0005
106.9706
107.0073
106.9773
107.014
106.984
107.0208
106.9907
107.0275
106.9975
107.0342
107.0042
107.041
107.0137
107.0477
107.0204
107.0545
107.0272
107.0612
107.0339
107.0679
107.0406
107.0747
107.0473
107.0814
107.0541
107.0893
107.0608
107.0961
107.0675
107.1028
107.0742
107.1108
107.081
107.1187
107.0877
107.1255
107.0944
107.1334
107.1023
107.1413
107.1102
107.1481
107.117
107.1548
107.1237
107.1616
107.1304
107.1683
107.1371
107.175
107.1451
107.1818
107.1518
107.1885
107.1585
107.1952
107.1652
107.202
107.1731
107.2087
107.1827
107.2154
107.1894
107.2222
107.1961
107.2289
107.2029
107.2356
107.2096
107.2424
107.2163
107.2503
107.223
107.257
107.2297
107.2638
107.2365
107.2705
107.2432
107.2785
107.2499
107.2852
107.2578
107.2919
107.2645
107.2987
107.2712
107.3054
107.278
107.3121
107.2847
107.3189
107.2926
107.3268
107.3006
107.3348
107.3073
107.3415
107.314
107.3482
107.3207
107.355
107.3275
107.3617
107.3342
107.3684
107.3409
107.3752
107.3476
107.3819
107.3555
107.3887
107.3623
107.3954
107.369
107.4021
107.3757
107.4089
107.3824
107.4156
107.3891
107.4223
107.3959
107.4319
107.4026
107.4386
107.4093
107.4454
107.416
107.4533
107.4228
107.4601
107.4295
107.4668
107.4362
107.4772
107.4441
107.4852
107.452
107.4919
107.4588
107.4987
107.4655
107.5054
107.4722
107.5121
107.4789
107.5189
107.4868
107.5256
107.4936
107.5323
107.5003
107.5391
107.507
107.5458
107.5165
107.5526
107.5245
107.5593
107.5312
107.566
107.5379
107.5728
107.5446
107.5795
107.5514
107.5862
107.5581
107.593
107.5648
107.5997
107.5715
107.6065
107.5783
107.6132
107.585
107.6211
107.5917
107.6278
107.6013
107.6346
107.608
107.6413
107.6147
107.6481
107.6214
107.6548
107.6282
107.6615
107.6361
107.6695
107.6441
107.6775
107.6508
107.6842
107.6575
107.691
107.6642
107.6977
107.671
107.7045
107.6777
107.7112
107.6844
107.7179
107.6911
107.7247
107.6979
107.7314
107.7046
107.7382
107.7113
107.7449
107.7192
107.7516
107.7259
107.7584
107.7327
107.7651
107.7394
107.7731
107.7461
107.7798
107.7528
107.7866
107.7596
107.7945
107.7663
107.8012
107.773
107.808
107.7797
107.8159
107.7877
107.8238
107.7956
107.8318
107.8023
107.8385
107.809
107.8453
107.8157
107.852
107.8224
107.8587
107.8304
107.8655
107.8371
107.8722
107.8438
107.879
107.8505
107.8857
107.8585
107.8924
107.8652
107.8992
107.8719
107.9059
107.8798
107.9127
107.8866
107.9194
107.8933
107.9261
107.9
107.9329
107.9067
107.9396
107.9134
107.9463
107.9202
107.9531
107.9269
107.9598
107.9336
107.9677
107.9415
107.9745
107.9482
107.9812
107.955
107.9879
107.9617
107.9947
107.9684
108.0014
107.9751
108.0082
107.9819
108.0177
107.9898
108.0257
107.9977
108.0324
108.0045
108.0392
108.0112
108.0459
108.0179
108.0527
108.0246
108.0594
108.0313
108.0661
108.0381
108.0729
108.0448
108.0796
108.0515
108.0863
108.0582
108.0931
108.065
108.0998
108.0729
108.1066
108.0796
108.1145
108.0863
108.1212
108.093
108.128
108.1026
108.1359
108.1093
108.1427
108.116
108.1494
108.1227
108.1573
108.1295
108.1653
108.1399
108.1732
108.1466
108.18
108.1533
108.1867
108.16
108.1934
108.1668
108.2002
108.1747
108.2069
108.1814
108.2149
108.1881
108.2216
108.1948
108.2283
108.2016
108.2351
108.2095
108.2418
108.2162
108.2486
108.2229
108.2553
108.2309
108.2621
108.2376
108.2688
108.2443
108.2755
108.251
108.2823
108.2578
108.289
108.2646
108.2958
108.2713
108.3025
108.2781
108.3104
108.286
108.3172
108.2927
108.3239
108.2994
108.3307
108.3061
108.3374
108.3129
108.3441
108.3196
108.3509
108.3263
108.3588
108.3343
108.3668
108.3422
108.3736
108.3489
108.3803
108.3556
108.387
108.3624
108.3938
108.3691
108.4005
108.3758
108.4072
108.3825
108.414
108.3892
108.4207
108.396
108.4275
108.4027
108.4342
108.4094
108.4409
108.4161
108.4477
108.4229
108.4544
108.4296
108.4612
108.4363
108.4679
108.443
108.4746
108.4497
108.4826
108.4565
108.4893
108.4632
108.4961
108.4699
108.504
108.4778
108.5136
108.4857
108.5215
108.4924
108.5283
108.4992
108.535
108.5059
108.5417
108.5154
108.5485
108.5234
108.5552
108.5301
108.562
108.5368
108.5699
108.5435
108.5766
108.5515
108.5834
108.5582
108.5901
108.5649
108.5968
108.5728
108.6036
108.5795
108.6103
108.5863
108.6171
108.593
108.6238
108.5997
108.6305
108.6064
108.6373
108.6132
108.644
108.6199
108.6519
108.6278
108.6587
108.6345
108.6654
108.6412
108.6722
108.6479
108.6789
108.6547
108.6857
108.6614
108.6924
108.6681
108.7003
108.6761
108.7083
108.6828
108.715
108.6895
108.7218
108.6974
108.7285
108.7041
108.7353
108.7109
108.742
108.7176
108.7487
108.7243
108.7555
108.731
108.7622
108.7377
108.769
108.7445
108.7757
108.7512
108.7824
108.7579
108.7892
108.7674
108.7959
108.7741
108.8026
108.801
108.8094
108.8078
108.8161
108.8145
108.8241
108.8212
108.8308
108.8316
108.8375
108.8383
108.8443
108.8451
108.8522
108.8518
108.8601
108.8585
108.8669
108.8664
108.8736
108.8732
108.8804
108.8799
108.8883
108.8866
108.895
108.8945
108.9018
108.9012
108.9085
108.908
108.9152
108.9159
108.922
108.9226
108.9287
108.9293
108.9355
108.936
108.9422
108.9428
108.9489
108.9495
108.9557
108.9562
108.9624
108.9629
108.9692
108.9708
108.9759
108.9776
108.9826
108.9843
108.9894
108.991
109.0023
108.9977
109.009
109.0044
109.0159
109.0112
109.0226
109.0191
109.0294
109.0258
109.0361
109.0326
109.0441
109.0405
109.0508
109.0472
109.0575
109.0539
109.0655
109.0606
109.0722
109.0674
109.079
109.0741
109.0857
109.0808
109.0925
109.0875
109.0992
109.0942
109.1059
109.101
109.1127
109.1077
109.1194
109.1144
109.1262
109.1211
109.1329
109.1278
109.1396
109.1346
109.1464
109.1413
109.1531
109.148
109.1599
109.1547
109.1678
109.1614
109.1746
109.1694
109.1813
109.1773
109.188
109.184
109.196
109.1907
109.2039
109.1974
109.2107
109.2041
109.2174
109.2121
109.2242
109.2188
109.2309
109.2255
109.2376
109.2322
109.2456
109.239
109.2523
109.2457
109.259
109.2536
109.2658
109.2603
109.2725
109.2671
109.2793
109.2738
109.286
109.2817
109.2927
109.2884
109.2995
109.2951
109.3062
109.3019
109.313
109.3086
109.3197
109.3153
109.3265
109.3232
109.3332
109.3299
109.3411
109.3366
109.3479
109.3434
109.3546
109.3501
109.3613
109.3568
109.3693
109.3648
109.376
109.3715
109.3828
109.3782
109.3907
109.3861
109.3975
109.3929
109.4042
109.3996
109.4122
109.4063
109.4189
109.413
109.4256
109.4197
109.4324
109.4265
109.4391
109.4332
109.4459
109.4399
109.4526
109.4466
109.4594
109.4533
109.4661
109.4601
109.4728
109.4668
109.4796
109.4735
109.4863
109.4802
109.4931
109.487
109.4998
109.4937
109.5066
109.5004
109.5133
109.5071
109.52
109.5138
109.528
109.5242
109.5347
109.531
109.5414
109.5377
109.5519
109.5444
109.5586
109.5523
109.5654
109.559
109.5721
109.5658
109.5788
109.5725
109.5868
109.5792
109.5935
109.5859
109.6002
109.5938
109.607
109.6005
109.6137
109.6073
109.6205
109.614
109.6272
109.6207
109.6339
109.6286
109.6407
109.6353
109.6474
109.6421
109.6541
109.6488
109.6609
109.6555
109.6676
109.6634
109.6743
109.6702
109.6823
109.6769
109.689
109.6836
109.6957
109.6903
109.7025
109.6971
109.7092
109.7075
109.7159
109.7142
109.7227
109.7209
109.7306
109.7289
109.7374
109.7356
109.7441
109.7423
109.7545
109.749
109.7613
109.7558
109.768
109.7625
109.7748
109.7692
109.7815
109.7759
109.7882
109.7826
109.795
109.7894
109.8017
109.7961
109.8085
109.8028
109.8152
109.8095
109.822
109.8163
109.8287
109.823
109.8354
109.8297
109.8422
109.8364
109.8489
109.8431
109.8557
109.8499
109.8624
109.8566
109.8703
109.8633
109.8771
109.8712
109.8838
109.8779
109.8917
109.8847
109.9022
109.8926
109.9089
109.8993
109.9157
109.906
109.9224
109.9128
109.932
109.9207
109.9387
109.9274
109.9454
109.9341
109.9521
109.942
109.9589
109.9488
109.9656
109.9555
109.9724
109.9622
109.9803
109.9701
109.9871
109.9769
109.9938
109.9836
110.0005
109.9903
110.0073
109.997
