10.00935
10.00949
10.01491
10.01502
10.02048
10.02057
10.02605
10.02612
10.0316
10.03165
10.03716
10.03724
10.04274
10.04281
10.04832
10.04834
10.0539
10.05398
10.0595
10.05958
10.06511
10.06523
10.0707
10.07207
10.07626
10.0777
10.08188
10.08336
10.08747
10.08904
10.09304
10.09464
10.09862
10.10042
10.10424
10.10612
10.10988
10.11175
10.11543
10.11756
10.12107
10.12321
10.12671
10.12906
10.13231
10.1347
10.13792
10.14038
10.14353
10.14617
10.14916
10.15195
10.15473
10.15776
10.16031
10.16357
10.16586
10.16932
10.17139
10.17509
10.17697
10.18099
10.18256
10.18673
10.18813
10.19253
10.19373
10.19839
10.1993
10.20413
10.20487
10.2098
10.21052
10.21567
10.21607
10.22146
10.22164
10.22728
10.22725
10.23311
10.23277
10.24008
10.23842
10.24601
10.24397
10.25175
10.24955
10.25759
10.25509
10.26331
10.26066
10.26916
10.26627
10.27498
10.27187
10.28078
10.2774
10.28646
10.28297
10.29223
10.28856
10.29805
10.29415
10.30382
10.29972
10.30968
10.30528
10.31545
10.31085
10.32128
10.31646
10.32707
10.32201
10.3329
10.32761
10.33868
10.3332
10.34436
10.3388
10.35007
10.34439
10.35588
10.34995
10.36166
10.35551
10.36731
10.36111
10.37321
10.36669
10.37891
10.37232
10.3848
10.3791
10.39051
10.38469
10.39635
10.39033
10.40217
10.39593
10.40782
10.40154
10.41354
10.40713
10.41939
10.41277
10.42804
10.41839
10.43386
10.42399
10.43969
10.42963
10.44549
10.43527
10.4514
10.4409
10.4572
10.4465
10.46285
10.4521
10.46877
10.45776
10.47452
10.46341
10.48139
10.46905
10.48703
10.47465
10.49269
10.48027
10.49842
10.4859
10.50408
10.49157
10.50978
10.49723
10.5155
10.5029
10.52118
10.50852
10.527
10.51416
10.53277
10.51974
10.53845
10.52546
10.54413
10.53105
10.54981
10.53677
10.5555
10.54235
10.56137
10.54804
10.56707
10.55363
10.57286
10.55924
10.57868
10.56486
10.58444
10.57048
10.59035
10.57609
10.59616
10.58177
10.60189
10.58738
10.60756
10.59314
10.61348
10.59882
10.61924
10.60446
10.62512
10.61008
10.63085
10.61578
10.63671
10.62138
10.64242
10.62716
10.64811
10.63281
10.65394
10.63849
10.65973
10.64415
10.66553
10.64987
10.67136
10.65554
10.67999
10.6612
10.68579
10.66683
10.69153
10.67247
10.69742
10.67811
10.70311
10.68377
10.70897
10.68945
10.71466
10.69506
10.72035
10.70075
10.72618
10.70636
10.7319
10.71202
10.73777
10.71767
10.7436
10.72332
10.74948
10.72904
10.75529
10.73598
10.76103
10.74168
10.76697
10.74744
10.77285
10.75315
10.77865
10.75892
10.78454
10.7646
10.79035
10.7703
10.79605
10.77603
10.80197
10.78169
10.80777
10.78743
10.81363
10.79311
10.81944
10.79878
10.82518
10.80449
10.83091
10.81018
10.83783
10.81592
10.84383
10.82157
10.84962
10.82733
10.85543
10.83303
10.86128
10.83881
10.86711
10.84455
10.87302
10.85028
10.87886
10.85602
10.88467
10.86182
10.89043
10.86754
10.89625
10.87328
10.90217
10.87897
10.90804
10.88467
10.91377
10.89041
10.91973
10.89611
10.92553
10.9019
10.93148
10.90769
10.93726
10.91346
10.94321
10.91924
10.94897
10.92501
10.95497
10.93075
10.96083
10.93654
10.96686
10.94236
10.97273
10.94808
10.97849
10.95383
10.98447
10.95957
10.99049
10.96539
10.99634
10.97114
11.00237
10.97694
11.00825
10.98272
11.01433
10.98848
11.02019
10.99435
11.02625
11.00015
11.0322
11.00597
11.03827
11.01184
11.04428
11.01759
11.05043
11.02333
11.05643
11.02917
11.06251
11.03504
11.06848
11.04092
11.07461
11.04681
11.08074
11.05264
11.08674
11.05859
11.09291
11.06441
11.09894
11.07026
11.10509
11.07616
11.1112
11.08198
11.11738
11.08793
11.12333
11.09377
11.12975
11.09967
11.13583
11.1055
11.14198
11.11139
11.14797
11.11733
11.15407
11.12316
11.16028
11.12907
11.16681
11.13493
11.17299
11.1409
11.17902
11.14673
11.18551
11.15268
11.19155
11.15857
11.19804
11.16458
11.20412
11.17054
11.21044
11.17647
11.21679
11.18247
11.22288
11.18845
11.23043
11.19441
11.23677
11.2124
11.24303
11.2184
11.24948
11.22434
11.25591
11.23034
11.26358
11.2363
11.26997
11.24231
11.27621
11.2483
11.28272
11.25431
11.2892
11.26036
11.29557
11.26635
11.30188
11.2724
11.30829
11.27842
11.31466
11.28454
11.32123
11.29054
11.32771
11.32691
11.33415
11.33298
11.34068
11.3513
11.34727
11.40629
11.35392
11.41248
11.3604
11.41873
11.36699
11.43712
11.37346
11.44336
11.38009
11.44952
11.3867
11.45566
11.39306
11.46187
11.39968
11.46799
11.4061
11.47524
11.41265
11.48142
11.41907
11.48754
11.42568
11.49375
11.43216
11.49989
11.43851
11.50609
11.44508
11.5123
11.45146
11.5185
11.45818
11.52462
11.46463
11.53086
11.47135
11.53709
11.47756
11.54337
11.48384
11.54964
11.49055
11.55602
11.49689
11.56242
11.5034
11.57012
11.5099
11.57644
11.51628
11.58284
11.52265
11.58922
11.53027
11.59573
11.53681
11.60219
11.54328
11.60863
11.54976
11.61504
11.55634
11.62151
11.56302
11.62813
11.56962
11.63464
11.57617
11.64133
11.58275
11.648
11.58943
11.65457
11.59615
11.66123
11.60278
11.66785
11.60949
11.67452
11.61621
11.68114
11.62293
11.68785
11.62965
11.69453
11.63636
11.70124
11.64308
11.70794
11.6498
11.71466
11.65647
11.72136
11.66319
11.72806
11.6699
11.73476
11.67662
11.74147
11.68334
11.74818
11.69006
11.75488
11.69678
11.76159
11.7035
11.76829
11.71022
11.775
11.71694
11.78171
11.72487
11.78841
11.73159
11.79511
11.73831
11.80182
11.74503
11.80854
11.75175
11.81525
11.75847
11.82196
11.76519
11.82867
11.77191
11.83537
11.77863
11.84208
11.78535
11.84879
11.79207
11.8555
11.79879
11.8622
11.80551
11.86891
11.81223
11.87562
11.81895
11.88233
11.82567
11.88904
11.83239
11.89575
11.83911
11.90246
11.84583
11.90917
11.85255
11.91587
11.85927
11.92258
11.86599
11.92929
11.8727
11.936
11.87943
11.94271
11.88614
11.94941
11.89286
11.95612
11.89958
11.96283
11.9063
11.96954
11.91302
11.97625
11.91974
11.98296
11.92646
11.98967
11.93318
11.99638
11.93989
12.00309
11.94661
12.00979
11.95332
12.0165
11.96126
12.02321
11.96798
12.02992
11.9747
12.03662
11.98141
12.04333
11.98814
12.05004
11.99486
12.05675
12.00157
12.06346
12.00829
12.07009
12.01501
12.07679
12.02173
12.08348
12.02845
12.09131
12.03517
12.09799
12.04189
12.10468
12.0486
12.1113
12.05532
12.11801
12.06204
12.12466
12.06876
12.1313
12.07548
12.1379
12.0822
12.14449
12.08892
12.15109
12.09564
12.15766
12.10235
12.16434
12.10907
12.17101
12.11579
12.17765
12.12251
12.18431
12.12923
12.19102
12.13595
12.19773
12.14266
12.20438
12.14938
12.21107
12.1561
12.21778
12.16282
12.22449
12.16954
12.2312
12.17625
12.23785
12.18297
12.24446
12.18969
12.25113
12.19641
12.2578
12.20313
12.26451
12.20985
12.27122
12.21657
12.27789
12.22328
12.2846
12.23
12.29131
12.23671
12.29802
12.24342
12.30472
12.25014
12.31143
12.25685
12.31814
12.26357
12.32485
12.27029
12.33156
12.277
12.33826
12.28372
12.34497
12.29043
12.35168
12.29715
12.35837
12.30387
12.36508
12.31059
12.37179
12.31731
12.37849
12.32402
12.3852
12.33074
12.3919
12.33746
12.3986
12.34418
12.40532
12.3509
12.41202
12.35762
12.41873
12.36434
12.42544
12.37106
12.43216
12.37778
12.43886
12.38449
12.44557
12.39121
12.45228
12.39793
12.45899
12.40465
12.4657
12.41136
12.47241
12.41808
12.47912
12.4248
12.48583
12.43152
12.49254
12.43823
12.49925
12.44495
12.50595
12.45167
12.51266
12.45839
12.51937
12.4651
12.52608
12.47182
12.53279
12.47854
12.53951
12.48526
12.54621
12.49198
12.55292
12.49869
12.55963
12.50541
12.56634
12.51213
12.57306
12.51885
12.57977
12.52557
12.58648
12.53229
12.59319
12.53901
12.5999
12.54572
12.60661
12.55244
12.61332
12.55916
12.62003
12.56588
12.62674
12.5726
12.63345
12.57931
12.64016
12.58603
12.64687
12.59274
12.65357
12.59946
12.66028
12.60618
12.667
12.6129
12.6737
12.61961
12.68042
12.62633
12.68713
12.63305
12.69384
12.63977
12.70055
12.64649
12.70726
12.65321
12.71397
12.65993
12.72068
12.66665
12.72739
12.67336
12.7341
12.68009
12.74081
12.6868
12.74753
12.69352
12.75423
12.70023
12.76094
12.70694
12.76765
12.71367
12.77436
12.72039
12.78107
12.7271
12.78778
12.73382
12.7945
12.74054
12.80121
12.74725
12.80792
12.75397
12.81463
12.76069
12.82134
12.76741
12.82805
12.77413
12.83476
12.78085
12.84146
12.78757
12.84818
12.79429
12.85489
12.80101
12.8616
12.80773
12.86831
12.81445
12.87502
12.82117
12.88173
12.82789
12.88844
12.83461
12.89515
12.84134
12.90187
12.84805
12.90858
12.85478
12.91529
12.86149
12.92199
12.86821
12.9287
12.87493
12.93541
12.88167
12.94213
12.88839
12.94883
12.8951
12.95554
12.90182
12.96225
12.90854
12.96896
12.91526
12.97567
12.92198
12.98356
12.9287
12.99027
12.93542
12.99698
12.94214
13.00369
12.94886
13.0104
12.95558
13.01711
12.9623
13.02383
12.96902
13.03054
12.97574
13.03725
12.98246
13.04397
12.98918
13.05068
12.9959
13.05739
13.00262
13.0641
13.00934
13.07081
13.01606
13.07752
13.02278
13.08423
13.0295
13.09095
13.03622
13.09766
13.04294
13.10437
13.04966
13.11108
13.05756
13.11779
13.06428
13.12451
13.071
13.13122
13.07772
13.13793
13.08444
13.14464
13.09116
13.15136
13.09789
13.15807
13.1046
13.16478
13.11133
13.17149
13.11805
13.1782
13.12477
13.18491
13.13149
13.19162
13.13821
13.19833
13.14493
13.20504
13.15165
13.21175
13.15837
13.21846
13.16509
13.22517
13.17181
13.23188
13.17853
13.23859
13.18525
13.24531
13.19197
13.25202
13.19869
13.25873
13.20541
13.26544
13.21213
13.27216
13.21885
13.27886
13.22557
13.28558
13.23229
13.29229
13.23901
13.299
13.24573
13.30572
13.25245
13.31243
13.25917
13.31914
13.26589
13.32704
13.27261
13.33375
13.27933
13.34046
13.28605
13.34717
13.29277
13.35388
13.29949
13.3606
13.30622
13.36731
13.31294
13.37402
13.31966
13.38073
13.32637
13.38744
13.33308
13.39415
13.3398
13.40086
13.34651
13.40758
13.35323
13.41429
13.35995
13.421
13.36667
13.42771
13.37339
13.43442
13.38011
13.44113
13.38683
13.44784
13.39355
13.45455
13.40146
13.46126
13.40818
13.46798
13.4149
13.47469
13.42162
13.4814
13.42835
13.48812
13.43507
13.49483
13.44179
13.50154
13.44851
13.50825
13.45523
13.51496
13.46195
13.52168
13.46867
13.52839
13.47539
13.5351
13.48211
13.54182
13.48883
13.54853
13.49555
13.55524
13.50227
13.56195
13.50899
13.56866
13.51571
13.57537
13.52243
13.58208
13.52915
13.58879
13.53588
13.5955
13.5426
13.60221
13.54932
13.60893
13.55604
13.61564
13.56276
13.62235
13.56948
13.62906
13.57621
13.63577
13.58293
13.64249
13.58965
13.6492
13.59638
13.65591
13.6031
13.66263
13.60982
13.66934
13.61653
13.67605
13.62325
13.68276
13.62997
13.68948
13.63669
13.69619
13.64341
13.7029
13.65013
13.70961
13.65685
13.71632
13.66358
13.72304
13.6703
13.72975
13.67702
13.73647
13.68374
13.74318
13.69046
13.74989
13.69718
13.7566
13.70391
13.76331
13.71063
13.77003
13.71734
13.77674
13.72406
13.78345
13.73079
13.79016
13.73751
13.79687
13.74423
13.80357
13.75095
13.81029
13.75767
13.817
13.76441
13.82371
13.77113
13.83042
13.77785
13.83713
13.78456
13.84384
13.79129
13.85055
13.79802
13.85727
13.80474
13.86398
13.81146
13.87069
13.81818
13.87741
13.8249
13.88412
13.83162
13.89083
13.83835
13.89876
13.84507
13.90547
13.85179
13.91219
13.85851
13.9189
13.86524
13.92681
13.87196
13.93352
13.87868
13.94023
13.8854
13.94694
13.89213
13.95365
13.89885
13.96036
13.90557
13.96707
13.9123
13.97378
13.91902
13.98048
13.92575
13.98719
13.93247
13.99391
13.93919
14.00062
13.94713
14.00733
13.95385
14.01404
13.96057
14.02075
13.96729
14.02746
13.97402
14.03418
13.98074
14.04089
13.98747
14.04761
13.99419
14.05432
14.00091
14.06103
14.00763
14.06774
14.01436
14.07445
14.02108
14.08117
14.02781
14.08788
14.03453
14.09459
14.04125
14.10131
14.04797
14.10802
14.05469
14.11474
14.06141
14.12145
14.06814
14.12817
14.07486
14.13488
14.08158
14.14159
14.08831
14.14831
14.09503
14.15502
14.10176
14.16174
14.10849
14.16845
14.11521
14.17516
14.12192
14.18188
14.12865
14.18859
14.13537
14.1953
14.1421
14.20202
14.14882
14.20873
14.15554
14.21545
14.16227
14.22216
14.16899
14.22888
14.17572
14.23559
14.18244
14.24231
14.18916
14.24903
14.19588
14.25574
14.20261
14.26245
14.20934
14.26917
14.21606
14.27588
14.22278
14.2826
14.22951
14.28931
14.23623
14.29602
14.24295
14.30274
14.24967
14.30945
14.2564
14.31616
14.26312
14.32288
14.26985
14.32959
14.27657
14.33631
14.28329
14.34302
14.29002
14.34973
14.29674
14.35645
14.30346
14.36316
14.31018
14.36988
14.31691
14.37659
14.32363
14.3833
14.33035
14.39001
14.33708
14.39673
14.3438
14.40344
14.35052
14.41015
14.35725
14.41686
14.36397
14.42357
14.37069
14.43029
14.37741
14.437
14.38412
14.44371
14.39085
14.45042
14.39757
14.45713
14.40429
14.46384
14.41101
14.47055
14.41774
14.47726
14.42446
14.48397
14.43118
14.49068
14.4379
14.49738
14.44462
14.50409
14.45135
14.51081
14.45807
14.51752
14.46478
14.52423
14.47151
14.53093
14.47823
14.53764
14.48495
14.54434
14.49167
14.55105
14.49839
14.55776
14.50512
14.56447
14.51184
14.57118
14.51856
14.57789
14.52528
14.5846
14.532
14.59131
14.53872
14.59802
14.54544
14.60473
14.55216
14.61264
14.55888
14.61935
14.56561
14.62606
14.57233
14.63277
14.57906
14.63948
14.58578
14.64619
14.59251
14.6529
14.59923
14.65961
14.60595
14.66632
14.61268
14.67303
14.6194
14.67973
14.62613
14.68645
14.63285
14.69315
14.63957
14.69986
14.64629
14.70657
14.65302
14.71328
14.65974
14.71999
14.66646
14.7267
14.67319
14.73341
14.67991
14.74012
14.68664
14.74683
14.69337
14.75354
14.70009
14.76025
14.70682
14.76696
14.71354
14.77367
14.72026
14.78038
14.72698
14.78709
14.73371
14.7938
14.74043
14.80051
14.74715
14.80721
14.75386
14.81393
14.76059
14.82063
14.76731
14.82734
14.77403
14.83405
14.78076
14.84076
14.78748
14.84746
14.79421
14.85537
14.80093
14.86326
14.80766
14.86997
14.81438
14.87668
14.8211
14.88339
14.82783
14.8901
14.83455
14.89681
14.84127
14.90352
14.848
14.91023
14.85472
14.91694
14.86145
14.92365
14.86817
14.93037
14.87489
14.93708
14.88161
14.94379
14.88834
14.9505
14.89506
14.95721
14.90179
14.96514
14.90851
14.97184
14.91523
14.97855
14.92196
14.98527
14.92868
14.99197
14.9354
14.99868
14.94213
15.00539
14.94885
15.0121
14.95558
15.02001
14.9623
15.02672
14.97023
15.03343
14.97695
15.04014
14.98367
15.04685
14.9904
15.05357
14.99712
15.06148
15.00384
15.06819
15.01057
15.0749
15.01729
15.08161
15.02402
15.08832
15.03074
15.09503
15.03747
15.10174
15.04789
15.10845
15.05461
15.11516
15.06133
15.12556
15.06805
15.13227
15.07477
15.13898
15.08149
15.14569
15.08821
15.15361
15.09493
15.16152
15.10165
15.16822
15.10836
15.17493
15.11509
15.18165
15.12182
15.19207
15.12855
15.19877
15.13527
15.20548
15.14199
15.2122
15.14871
15.22011
15.15543
15.22681
15.16215
15.23353
15.17008
15.24639
15.17801
15.2531
15.18474
15.25981
15.19265
15.27281
15.19938
15.27952
15.2061
15.28623
15.21284
15.29413
15.21956
15.30084
15.22629
15.30754
15.23302
15.31426
15.23975
15.32097
15.24647
15.32768
15.2532
15.33439
15.25992
15.3411
15.26665
15.34781
15.27337
15.35452
15.2801
15.36245
15.28804
15.36916
15.29476
15.37587
15.30149
15.38378
15.30822
15.39049
15.31495
15.39719
15.32167
15.40391
15.3284
15.41062
15.33512
15.41733
15.34186
15.42524
15.34858
15.43316
15.35531
15.44356
15.36203
15.45027
15.36996
15.45699
15.37668
15.4637
15.38341
15.47041
15.39014
15.47712
15.39687
15.48384
15.40359
15.49055
15.41031
15.49726
15.41704
15.50518
15.42376
15.51188
15.43049
15.51859
15.43721
15.52531
15.44394
15.53322
15.45066
15.53993
15.45739
15.54665
15.46411
15.55336
15.47083
15.56127
15.47756
15.56798
15.48428
15.57469
15.49101
15.58259
15.49773
15.593
15.50445
15.60253
15.51118
15.60925
15.5179
15.61596
15.52583
15.6314
15.53255
15.63811
15.53928
15.64482
15.54719
15.65153
15.55511
15.66584
15.56184
15.67251
15.56855
15.67911
15.57527
15.68567
15.58199
15.69217
15.58871
15.70008
15.59826
15.70672
15.60499
15.71322
15.61171
15.7198
15.61843
15.72634
15.62515
15.73293
15.63188
15.73952
15.6386
15.74613
15.64533
15.75283
15.65205
15.76074
15.65878
15.76864
15.6655
15.77535
15.67223
15.78206
15.67895
15.78878
15.68568
15.79549
15.69241
15.80221
15.69913
15.81012
15.70586
15.81801
15.71259
15.82472
15.71931
15.83144
15.72603
15.83815
15.73275
15.84486
15.74068
15.85158
15.7474
15.85829
15.75413
15.865
15.76368
15.87542
15.7704
15.88583
15.77713
15.89374
15.78386
15.90168
15.79177
15.9096
15.79969
15.91632
15.80641
15.92303
15.81314
15.93259
15.83107
15.94049
15.8378
15.9472
15.84452
15.95392
15.85496
15.96183
15.86168
15.96854
15.8684
15.97526
15.87513
15.98197
15.88185
16.00238
15.89229
16.0091
15.899
16.02117
15.90572
16.02788
15.91244
16.03456
15.92284
16.04733
15.92956
16.05386
15.93749
16.06034
15.94421
16.07555
15.95089
16.08192
15.95753
16.08831
15.96414
16.0947
15.97078
16.10477
15.97739
16.11111
15.98522
16.12619
15.99304
16.13254
15.99972
16.13885
16.00996
16.16134
16.01657
16.16768
16.02319
16.18515
16.03337
16.19141
16.03989
16.19771
16.04654
16.21268
16.0569
16.21897
16.06352
16.22524
16.07005
16.24267
16.0778
16.25275
16.08438
16.26276
16.10017
16.27191
16.10667
16.27936
16.1131
16.28935
16.12332
16.29685
16.12983
16.30688
16.1364
16.31436
16.15428
16.32928
16.16691
16.34411
16.1871
16.35156
16.19459
16.35903
16.21819
16.36643
16.22441
16.37378
16.24987
16.37995
16.25586
16.38613
16.26189
16.39234
16.26789
16.40466
16.27387
16.41084
16.29356
16.41698
16.29955
16.42308
16.30552
16.44395
16.31148
16.45122
16.31864
16.47347
16.32829
16.47925
16.3343
16.50385
16.34031
16.52274
16.35162
16.52886
16.35767
16.55118
16.36376
16.55723
16.37353
16.56325
16.3796
16.57813
16.39803
16.58418
16.43018
16.59028
16.43638
16.60918
16.46651
16.61527
16.5435
16.63135
16.54981
16.63736
16.55613
16.65702
16.56618
16.66417
16.57252
16.68124
16.58005
16.68994
16.59894
16.70945
16.61271
16.71542
16.61891
16.7212
16.62516
16.74301
16.63141
16.74866
16.63766
16.75451
16.6476
16.77273
16.65383
16.77955
16.66011
16.80136
16.66754
16.80932
16.67744
16.81858
16.68736
16.83542
16.69353
16.84101
16.69972
16.86085
16.70593
16.87018
16.71219
16.89959
16.71848
16.90526
16.73091
16.94386
16.73711
16.96631
16.7814
16.97206
16.7972
16.97798
16.80329
17.01207
16.87138
17.02056
16.88732
17.05913
16.9059
17.06609
16.91335
17.08312
16.92851
17.08899
16.93608
17.11215
16.94375
17.13443
16.95397
17.14173
16.97748
17.15155
16.98421
17.17637
17.00534
17.18251
17.01442
17.18869
17.02466
17.21104
17.03238
17.22083
17.0401
17.24561
17.04781
17.25165
17.06057
17.25775
17.06714
17.28423
17.07376
17.29158
17.08035
17.31404
17.09321
17.32143
17.09984
17.34883
17.17028
17.35877
17.17981
17.38369
17.19271
17.38987
17.20063
17.39607
17.21403
17.42108
17.23689
17.43034
17.24342
17.45167
17.24988
17.4579
17.26974
17.46415
17.27584
17.48369
17.28186
17.49078
17.29899
17.50534
17.31068
17.51233
17.31769
17.54163
17.32966
17.55091
17.3499
17.59019
17.37964
17.61712
17.40671
17.62407
17.42436
17.65359
17.48907
17.66062
17.50502
17.68759
17.53132
17.71547
17.56122
17.72252
17.58111
17.74963
17.60338
17.77179
17.63114
17.78064
17.6384
17.78787
17.65806
17.79513
17.66408
17.8012
17.67014
17.80701
17.68403
17.81434
17.69136
17.83584
17.71115
17.8431
17.72091
17.85289
17.73092
17.87518
17.75468
17.88494
17.76354
17.91465
17.78327
17.92428
17.78926
17.96485
17.79528
18.0042
17.83485
18.04192
17.87361
18.07628
17.91436
18.08313
17.94502
18.10884
17.97029
18.14299
18.00396
18.14984
18.01241
18.18849
18.03691
18.22469
18.04261
18.23441
18.06196
18.26879
18.12443
18.29382
18.13606
18.30101
18.16063
18.33224
18.18518
18.3685
18.19105
18.40458
18.24587
18.43854
18.33449
18.46437
18.34365
18.50347
18.37178
18.53571
18.37716
18.54239
18.38255
18.56606
18.41555
18.5752
18.42466
18.60357
18.45502
18.61177
18.48149
18.62776
18.48672
18.63425
18.49195
18.65822
18.53094
18.6672
18.56104
18.69621
18.59426
18.72507
18.62483
18.73409
18.64621
18.75939
18.67266
18.79894
18.68074
18.83088
18.75163
18.86567
18.76816
18.87457
18.78701
18.90604
18.79587
18.91245
18.82656
18.9426
18.83172
18.9478
18.83689
18.95302
18.87548
18.98952
18.91443
18.99848
18.9384
19.0224
18.94371
19.02769
18.94905
19.04491
18.97444
19.05148
18.98111
19.08214
18.99894
19.10133
19.00569
19.14151
19.03095
19.17797
19.04036
19.21329
19.12118
19.23837
19.14769
19.24778
19.15462
19.28398
19.18294
19.29128
19.19074
19.32184
19.21986
19.3309
19.22888
19.36871
19.26759
19.3861
19.28956
19.3926
19.296
19.4134
19.33005
19.41872
19.33897
19.42403
19.37081
19.46169
19.37982
19.49261
19.41518
19.52971
19.44783
19.56394
19.48076
19.59758
19.52381
19.63269
19.55202
19.6688
19.57765
19.7005
19.61152
19.70877
19.61976
19.73531
19.63638
19.74199
19.64299
19.77268
19.67182
19.79326
19.70217
19.82699
19.72794
19.8362
19.7616
19.86578
19.78803
19.88891
19.82282
19.92461
19.84309
19.95979
19.87261
19.99682
19.90929
20.02237
19.9465
20.02798
19.98327
20.03362
19.99259
20.05295
20.0235
20.05859
20.03201
20.06425
20.05371
20.09626
20.06296
20.1228
20.10007
20.14878
20.12398
20.15819
20.13324
20.18387
20.16318
20.20655
20.19592
20.21602
20.23043
20.24838
20.23989
20.27504
20.2641
20.30607
20.29433
20.33051
20.31252
20.36045
20.34797
20.38398
20.37114
20.38961
20.37785
20.39521
20.40455
20.41367
20.41121
20.45205
20.44417
20.46126
20.45505
20.49795
20.46434
20.52665
20.48114
20.55735
20.54067
20.56653
20.56415
20.60287
20.57327
20.63468
20.59989
20.64139
20.62153
20.68044
20.65475
20.71169
20.67267
20.74523
20.7013
20.75439
20.72421
20.78648
20.73089
20.79193
20.7551
20.79737
20.77454
20.82795
20.80807
20.8572
20.8147
20.86381
20.85387
20.89874
20.89014
20.9295
20.92096
20.966
20.95698
21.00314
21.0039
21.02771
21.04329
21.03449
21.05126
21.07265
21.08786
21.1094
21.11575
21.14098
21.12148
21.1502
21.15074
21.18723
21.16011
21.2089
21.18609
21.21803
21.19299
21.24536
21.23093
21.25204
21.25778
21.27715
21.28935
21.28387
21.29613
21.31571
21.33523
21.35168
21.36814
21.38813
21.4043
21.39736
21.43534
21.42262
21.46142
21.45912
21.46694
21.48228
21.47869
21.50389
21.50539
21.53013
21.54039
21.53838
21.61415
21.5669
21.62141
21.57376
21.62874
21.60707
21.65356
21.63885
21.72035
21.64816
21.85676
21.67665
21.8655
21.71477
21.88495
21.75001
21.89195
21.78181
21.89898
21.81227
21.92073
21.81765
21.94996
21.82302
21.9569
21.86218
21.96383
21.89466
22.02017
21.93108
22.02566
21.9675
22.03113
22.00089
22.06924
22.03598
22.10517
22.06864
22.13352
22.10048
22.14051
22.1288
22.16303
22.13438
22.17013
22.13997
22.18805
22.16887
22.24172
22.17826
22.25139
22.19214
22.28313
22.199
22.30376
22.22858
22.31334
22.26474
22.34299
22.30145
22.36945
22.33929
22.41313
22.37727
22.50267
22.41649
22.53904
22.45125
22.5676
22.48201
22.57463
22.48867
22.59783
22.52025
22.62313
22.52846
22.65244
22.55253
22.71892
22.58337
22.75324
22.62137
22.76246
22.65048
22.79273
22.68575
22.80082
22.72318
22.82696
22.75586
22.85848
22.79343
22.86551
22.8062
22.89097
22.83603
22.90024
22.86833
22.93557
22.8775
22.96836
22.9146
22.99372
22.92124
23.00191
22.95221
23.0306
22.98751
23.06331
23.01644
23.06996
23.05271
23.10566
23.06166
23.14538
23.09937
23.18307
23.12878
23.21877
23.13526
23.25051
23.16602
23.27964
23.17502
23.31236
23.21183
23.34713
23.24752
23.3753
23.27665
23.38192
23.29726
23.41355
23.30376
23.42265
23.34038
23.46239
23.37013
23.49733
23.40424
23.5362
23.47757
23.57153
23.48664
23.60611
23.51016
23.64161
23.54124
23.65074
23.54939
23.6828
23.57233
23.68936
23.59694
23.71806
23.6167
23.72714
23.62322
23.75383
23.65628
23.75919
23.67678
23.7974
23.68496
23.82748
23.71825
23.85794
23.75229
23.8946
23.77603
23.93092
23.80536
23.94025
23.83863
23.97641
23.87465
24.01197
23.91061
24.04924
23.9184
24.08309
23.95184
24.11854
23.98499
24.12391
24.01972
24.1293
24.05987
24.16661
24.0967
24.20382
24.13245
24.24208
24.15521
24.2779
24.19106
24.31684
24.22503
24.35317
24.25961
24.38618
24.29256
24.42016
24.32696
24.45453
24.36131
24.49274
24.36654
24.53146
24.37178
24.54058
24.39731
24.56985
24.4063
24.57889
24.44075
24.61596
24.47092
24.65412
24.50561
24.6881
24.53892
24.7213
24.60722
24.75798
24.64261
24.79519
24.67961
24.83194
24.71651
24.85105
24.72292
24.85916
24.74588
24.88015
24.75231
24.88544
24.78439
24.90942
24.81643
24.94349
24.8538
24.96615
24.88761
25.00074
24.92336
25.02517
24.9576
25.06087
24.99223
25.09345
25.02948
25.13421
25.0635
25.17337
25.08881
25.20519
25.12445
25.24165
25.15338
25.27919
25.18134
25.31456
25.21847
25.34984
25.25758
25.38929
25.32303
25.42381
25.35184
25.45549
25.38191
25.48787
25.41516
25.52499
25.45261
25.56084
25.47752
25.5972
25.50541
25.63802
25.53028
25.66743
25.58408
25.70197
25.62327
25.73566
25.6299
25.74234
25.66248
25.77953
25.68143
25.81602
25.69061
25.84895
25.71379
25.87576
25.74935
25.89956
25.78386
25.92748
25.81774
25.96043
25.85213
25.96965
25.88664
26.00631
25.92241
26.0408
25.92884
26.07802
25.96212
26.11492
25.99347
26.14341
26.02489
26.16601
26.03286
26.17487
26.05642
26.19427
26.08369
26.22173
26.09005
26.24601
26.1094
26.25492
26.14823
26.29416
26.15708
26.32052
26.18948
26.32935
26.21951
26.353
26.22833
26.36203
26.24885
26.38446
26.27018
26.3908
26.27533
26.41211
26.30182
26.41849
26.30821
26.45154
26.32774
26.46975
26.35248
26.48863
26.36112
26.51549
26.39132
26.52356
26.42785
26.5613
26.46121
26.59635
26.5002
26.63444
26.50661
26.66852
26.53303
26.69659
26.55958
26.70551
26.56846
26.7382
26.60025
26.77406
26.63244
26.78047
26.67015
26.81559
26.70851
26.8466
26.74022
26.85449
26.7683
26.88284
26.77352
26.8893
26.79481
26.9208
26.81641
26.94968
26.82286
26.95864
26.85341
26.97452
26.85988
26.98355
26.88889
27.01635
26.91441
27.02533
26.94866
27.06275
26.98396
27.0984
26.99246
27.13123
27.0191
27.16649
27.04812
27.20338
27.07467
27.23786
27.1127
27.26563
27.14926
27.28026
27.18303
27.28681
27.20923
27.31093
27.2305
27.31999
27.26352
27.34666
27.29922
27.37802
27.33645
27.41494
27.36617
27.45106
27.37276
27.48836
27.41263
27.52707
27.47163
27.56522
27.49169
27.59537
27.52729
27.62497
27.55509
27.65783
27.61129
27.68604
27.63754
27.69501
27.66542
27.72618
27.69551
27.75455
27.72359
27.79024
27.7388
27.82653
27.74524
27.85548
27.76423
27.86201
27.82812
27.89313
27.85879
27.92912
27.88702
27.95747
27.92371
27.98924
27.95637
28.02188
27.99093
28.05137
28.02294
28.06027
28.05476
28.09266
28.09015
28.1313
28.0991
28.16401
28.12439
28.19557
28.13331
28.202
28.15477
28.23501
28.17003
28.24028
28.17525
28.24554
28.20666
28.27572
28.23144
28.29872
28.24014
28.32291
28.27496
28.35106
28.30909
28.38885
28.3399
28.42306
28.375
28.46031
28.40874
28.49704
28.44185
28.52323
28.47794
28.5297
28.51196
28.56549
28.54738
28.58092
28.56273
28.58621
28.57173
28.5915
28.60241
28.61624
28.61998
28.64033
28.62653
28.66688
28.65448
28.69358
28.67114
28.70261
28.68022
28.73619
28.71802
28.83573
28.75321
28.86011
28.78728
28.86919
28.82483
28.90736
28.85969
28.93464
28.89585
28.96142
28.9289
28.99108
28.96421
29.02039
29.00199
29.05337
29.03861
29.08438
29.07682
29.09351
29.10674
29.1247
29.11387
29.134
29.12325
29.16011
29.14674
29.21133
29.17004
29.23242
29.19835
29.25916
29.22627
29.28619
29.25765
29.31165
29.29385
29.3395
29.32658
29.37939
29.3634
29.41301
29.39853
29.45224
29.43389
29.48649
29.46765
29.52406
29.47675
29.5598
29.51506
29.59438
29.54982
29.62926
29.58629
29.65707
29.61573
29.66358
29.65125
29.697
29.68441
29.7203
29.72139
29.7268
29.75289
29.76578
29.7836
29.79253
29.81507
29.80148
29.82025
29.83592
29.82542
29.87113
29.85399
29.9026
29.86201
29.93655
29.89088
29.97236
29.89725
29.9813
29.92865
30.01557
29.96576
30.03333
29.99895
30.03978
30.0307
30.07628
30.03841
30.10742
30.07178
30.14327
30.10519
30.17733
30.13435
30.20813
30.16767
30.24114
30.19893
30.2763
30.23016
30.31365
30.26801
30.34781
30.30564
30.35678
30.34154
30.39181
30.37801
30.42853
30.40856
30.45781
30.44452
30.49363
30.48199
30.53097
30.50929
30.56704
30.54681
30.60046
30.58256
30.63358
30.62025
30.67267
30.65651
30.7105
30.69182
30.74219
30.72515
30.77875
30.75885
30.81413
30.79521
30.84313
30.83002
30.90416
30.86551
30.91307
30.90346
30.97632
30.9381
31.01406
30.97352
31.04333
31.00447
31.0498
31.04519
31.08765
31.08243
31.12641
31.11712
31.16393
31.15533
31.20071
31.18955
31.23687
31.22064
31.27485
31.25558
31.31021
31.28935
31.33846
31.32707
31.35867
31.35101
31.38017
31.35622
31.40424
31.36143
31.41069
31.39639
31.44764
31.42658
31.48272
31.46475
31.5167
31.50124
31.55449
31.53451
31.59141
31.5699
31.62724
31.60381
31.66395
31.64036
31.70321
31.67578
31.73849
31.71041
31.77659
31.74843
31.8116
31.78529
31.84665
31.81785
31.88342
31.8525
31.91413
31.8866
31.94758
31.91828
31.98007
31.95368
32.01649
31.99178
32.05355
32.02934
32.08788
32.05827
32.12358
32.08476
32.15684
32.11041
32.18444
32.14294
32.19341
32.17955
32.22058
32.21549
32.25676
32.24605
32.2937
32.28073
32.32903
32.31476
32.35715
32.34899
32.36604
32.38275
32.3863
32.41428
32.39518
32.45204
32.43282
32.48606
32.46837
32.52246
32.50356
32.55512
32.54138
32.59082
32.57912
32.62621
32.61423
32.66285
32.64589
32.70124
32.68237
32.73293
32.71742
32.76572
32.7524
32.8036
32.78964
32.83937
32.81933
32.87517
32.85651
32.91119
32.89317
32.94466
32.92924
32.98046
32.96796
33.01051
32.99893
33.04605
33.03591
33.07512
33.07218
33.10339
33.10902
33.13612
33.1416
33.16862
33.17618
33.20057
33.21203
33.23512
33.24237
33.26713
33.27502
33.29655
33.31044
33.32461
33.31681
33.33092
33.35111
33.3684
33.37516
33.40378
33.40911
33.41009
33.4244
33.43642
33.46018
33.44153
33.48033
33.44664
33.48921
33.47168
33.52697
33.50611
33.55405
33.54193
33.57807
33.57639
33.61584
33.60678
33.64892
33.61512
33.68329
33.65286
33.7193
33.66178
33.7547
33.69677
33.78862
33.73293
33.82548
33.76702
33.85548
33.79908
33.86186
33.83407
33.89551
33.87071
33.92997
33.901
33.95896
33.93501
33.96782
33.96951
34.00164
34.00085
34.03503
34.03257
34.07134
34.06672
34.10665
34.10222
34.13749
34.13766
34.14383
34.17348
34.17022
34.18229
34.20664
34.2155
34.23679
34.24648
34.26839
34.27842
34.27478
34.30059
34.30816
34.33751
34.34371
34.36581
34.379
34.40004
34.41534
34.43779
34.48538
34.47254
34.52161
34.50788
34.5554
34.5455
34.59425
34.56556
34.60306
34.60293
34.63838
34.63822
34.67561
34.67609
34.68362
34.71007
34.71693
34.74667
34.79264
34.78172
34.82726
34.8144
34.86045
34.84631
34.88675
34.88322
34.92204
34.91825
34.93234
34.95445
34.96287
34.98846
34.98699
35.02514
34.99583
35.04805
35.03344
35.05438
35.06848
35.09037
35.10083
35.11812
35.12348
35.14602
35.14989
35.15234
35.17246
35.16983
35.19886
35.19123
35.22509
35.20008
35.23536
35.23791
35.28337
35.27469
35.32171
35.30761
35.34743
35.34169
35.38417
35.37539
35.41806
35.41374
35.45044
35.45165
35.48936
35.48714
35.49821
35.52184
35.56949
35.55924
35.60121
35.59258
35.6395
35.63025
35.67158
35.66324
35.70206
35.70023
35.7372
35.73784
35.7688
35.7753
35.80259
35.80878
35.84023
35.84261
35.87693
35.88026
35.91146
35.91121
35.94626
35.94342
35.98312
35.98133
35.99198
36.0196
36.06541
36.02845
36.07424
36.06244
36.10475
36.09533
36.13634
36.12602
36.17273
36.15569
36.1816
36.19202
36.22032
36.22973
36.25198
36.26393
36.28693
36.30062
36.32488
36.33643
36.36133
36.37032
36.39802
36.407
36.43708
36.44392
36.47337
36.47815
36.50918
36.51347
36.54454
36.54874
36.57637
36.58358
36.609
36.6211
36.64341
36.65604
36.67683
36.69161
36.71419
36.7223
36.74611
36.76035
36.77942
36.79363
36.81842
36.83156
36.85017
36.86652
36.88575
36.90313
36.92325
36.93244
36.96278
36.97185
37.00183
37.01107
37.0354
37.04254
37.07169
37.07911
37.10668
37.11667
37.14162
37.15159
37.17884
37.1878
37.21783
37.22609
37.2545
37.2591
37.28906
37.29325
37.32676
37.33161
37.36483
37.36498
37.40002
37.40013
37.43888
37.4327
37.47009
37.45517
37.50897
37.49999
37.54314
37.52266
37.57902
37.56952
37.61528
37.604
37.64577
37.63615
37.6825
37.67278
37.72137
37.70997
37.75898
37.74429
37.79555
37.78264
37.83151
37.81512
37.87053
37.85284
37.90737
37.88737
37.94529
37.9262
37.98069
37.959
38.0129
38.02921
38.05011
38.06683
38.08533
38.10401
38.12173
38.11438
38.15796
38.18245
38.1936
38.22023
38.22829
38.25458
38.26611
38.29211
38.30363
38.32715
38.34149
38.36248
38.37574
38.40049
38.40599
38.43505
38.44161
38.4706
38.47601
38.47933
38.50692
38.5075
38.53974
38.5392
38.57832
38.5761
38.61325
38.61036
38.64939
38.64787
38.68405
38.68299
38.72107
38.71694
38.7547
38.74663
38.78518
38.77854
38.81765
38.81612
38.85312
38.8413
38.88726
38.86916
38.8962
38.90472
38.93088
38.93916
38.96726
38.97601
39.00489
39.01199
39.01128
39.0442
39.04584
39.05309
39.0716
39.08077
39.10214
39.11885
39.13732
39.15034
39.1729
39.18581
39.20667
39.2224
39.23927
39.25708
39.27676
39.29053
39.30849
39.32817
39.34498
39.36055
39.35135
39.39685
39.38902
39.4301
39.42379
39.46664
39.45821
39.50183
39.49494
39.53021
39.53055
39.5483
39.56483
39.58317
39.5995
39.62026
39.63816
39.65321
39.67222
39.68534
39.70649
39.69429
39.73167
39.71809
39.73806
39.75373
39.76994
39.79153
39.80766
39.80048
39.84535
39.83606
39.87981
39.86975
39.91072
39.90015
39.94673
39.933
39.98093
39.97084
40.01804
40.00415
40.05637
40.0414
40.08802
40.07269
40.09449
40.10566
40.12868
40.14016
40.13763
40.16917
40.16896
40.20431
40.19985
40.2413
40.23557
40.27809
40.2706
40.3116
40.29504
40.35011
40.33405
40.38299
40.37137
40.41841
40.40986
40.45346
40.44362
40.48891
40.47916
40.5212
40.51759
40.55936
40.55487
40.59631
40.58833
40.63468
40.62699
40.67117
40.66421
40.7083
40.70249
40.74025
40.73849
40.7769
40.77542
40.81461
40.80935
40.85201
40.84615
40.8868
40.88436
40.92602
40.92189
40.96049
40.95994
40.9997
40.9948
41.03175
41.03376
41.06916
41.07137
41.10433
41.10334
41.1425
41.1428
41.17601
41.17887
41.21536
41.21621
41.25273
41.25032
41.28887
41.28176
41.32473
41.31922
41.36139
41.35691
41.39229
41.39395
41.42979
41.42844
41.46877
41.4683
41.50663
41.50531
41.54347
41.54338
41.58175
41.5809
41.61747
41.61908
41.65466
41.65491
41.68901
41.69106
41.72425
41.72849
41.76013
41.76611
41.79751
41.80016
41.8343
41.8357
41.8671
41.86971
41.90439
41.90816
41.94
41.91717
41.97875
41.95213
42.01442
41.98906
42.05119
42.02569
42.08637
42.06301
42.1209
42.10033
42.1577
42.13489
42.19525
42.17088
42.23187
42.20786
42.26507
42.24557
42.29803
42.25446
42.30692
42.29174
42.32385
42.32889
42.33417
42.36439
42.37145
42.40195
42.40737
42.4367
42.44258
42.47497
42.47669
42.51226
42.51223
42.55103
42.55176
42.58695
42.59023
42.59371
42.62492
42.63195
42.66375
42.66613
42.70159
42.70248
42.74111
42.73995
42.77779
42.77911
42.81337
42.81429
42.84554
42.84339
42.88283
42.8825
42.92046
42.91972
42.95742
42.95752
42.99433
42.99449
43.03316
43.0283
43.0786
43.06509
43.11433
43.1008
43.15393
43.13862
43.18807
43.17622
43.22464
43.21421
43.25966
43.25315
43.29736
43.28897
43.33295
43.32671
43.36862
43.36359
43.40666
43.39906
43.44516
43.43608
43.48229
43.4742
43.5185
43.51209
43.55508
43.55103
43.59203
43.58527
43.62914
43.62271
43.66588
43.65928
43.70169
43.6964
43.73536
43.73421
43.77351
43.77137
43.81221
43.80976
43.8484
43.84684
43.88627
43.8872
43.92228
43.92456
43.9612
43.96349
43.99762
44.00129
44.03152
44.03733
44.06816
44.07421
44.10215
44.1133
44.14066
44.15056
44.17876
44.18829
44.21656
44.22492
44.25463
44.26397
44.29155
44.299
44.32758
44.3378
44.36413
44.37405
44.39842
44.41158
44.43286
44.44836
44.47086
44.48399
44.50526
44.51957
44.54334
44.55733
44.58237
44.58213
44.6192
44.62043
44.65304
44.65324
44.68951
44.68976
44.72433
44.72858
44.75689
44.76147
44.78972
44.79803
44.82341
44.83718
44.86083
44.87327
44.90058
44.91047
44.93764
44.94516
44.9752
44.9845
45.01143
45.02135
45.04754
45.05833
45.08281
45.09453
45.11883
45.13216
45.15334
45.17008
45.18779
45.20741
45.21812
45.24167
45.25713
45.28036
45.29331
45.31797
45.32772
45.3545
45.36462
45.39255
45.40033
45.42953
45.43244
45.46492
45.46015
45.50268
45.46908
45.53988
45.50621
45.57828
45.57888
45.61396
45.61552
45.65173
45.65337
45.68886
45.68828
45.72649
45.76293
45.76337
45.79969
45.80312
45.83723
45.8413
45.87466
45.87989
45.9128
45.91856
45.95099
45.9542
45.98123
45.99002
46.01742
46.02765
46.05508
46.06231
46.09134
46.10002
46.12979
46.13553
46.16486
46.17202
46.20105
46.21144
46.24018
46.24709
46.27861
46.28617
46.3155
46.32289
46.34951
46.36093
46.38489
46.39648
46.418
46.42973
46.45204
46.46795
46.4893
46.5037
46.52118
46.53997
46.5601
46.57749
46.59423
46.61485
46.63146
46.6507
46.66912
46.68129
46.70343
46.71807
46.73925
46.75399
46.76895
46.7896
46.80623
46.82617
46.84529
46.86389
46.8807
46.90053
46.91861
46.93969
46.95441
46.978
46.99308
47.01633
47.03086
47.0561
47.06738
47.09118
47.10198
47.12666
47.13795
47.16245
47.17263
47.1989
47.21069
47.23347
47.24394
47.27094
47.28183
47.30907
47.31847
47.34552
47.35138
47.38287
47.38714
47.4132
47.42518
47.44987
47.46088
47.48604
47.49495
47.52322
47.53352
47.55819
47.56937
47.59541
47.60601
47.63161
47.64395
47.6705
47.68163
47.70382
47.7164
47.74157
47.75291
47.77977
47.79028
47.81633
47.82437
47.85079
47.86032
47.88595
47.89304
47.92056
47.92709
47.95742
47.96394
47.99305
48.00224
48.02854
48.03658
48.06577
48.07219
48.10219
48.10719
48.13743
48.14612
48.17413
48.18282
48.21003
48.21745
48.24695
48.24967
48.28249
48.28629
48.31857
48.32188
48.35454
48.35731
48.39352
48.39233
48.4319
48.43008
48.4676
48.46251
48.50103
48.49496
48.53738
48.53041
48.57239
48.56754
48.61013
48.60208
48.64786
48.63834
48.68475
48.67172
48.72314
48.70943
48.76138
48.74439
48.79965
48.81569
48.83618
48.85224
48.87004
48.88667
48.90698
48.91896
48.94041
48.95086
48.97561
48.9888
49.01151
49.02795
49.0484
49.06251
49.08764
49.10127
49.12398
49.13721
49.15881
49.17458
49.19463
49.21348
49.22998
49.24436
49.26593
49.28248
49.2996
49.31514
49.33561
49.35302
49.37275
49.3905
49.41125
49.42829
49.44929
49.46792
49.48526
49.50007
49.52159
49.53653
49.55766
49.57028
49.5919
49.60308
49.62943
49.64048
49.66191
49.67234
49.69828
49.71021
49.7352
49.74506
49.77297
49.7808
49.81258
49.82005
49.85027
49.85616
49.88828
49.88929
49.92481
49.92679
49.96355
49.96386
50.00124
50.00209
50.03942
50.03651
50.07675
50.07225
50.11371
50.10863
50.15465
50.14772
50.1911
50.1855
50.22742
50.22192
50.26241
50.25842
50.30131
50.3378
50.34058
50.3763
50.37669
50.41
50.41592
50.44565
50.45295
50.48537
50.49298
50.52068
50.5308
50.55796
50.56589
50.59463
50.60373
50.63261
50.64269
50.66987
50.68047
50.70744
50.71657
50.74532
50.75253
50.7805
50.79016
50.81686
50.82648
50.85282
50.86563
50.88863
50.90065
50.92571
50.93981
50.96552
50.97819
51.00322
51.01614
51.03868
51.0541
51.0733
51.08899
51.10773
51.12771
51.14622
51.16588
51.1821
51.20376
51.22053
51.24107
51.25735
51.27806
51.29583
51.31577
51.33362
51.35435
51.37135
51.39349
51.4101
51.42937
51.44833
51.4648
51.51985
51.50224
51.55389
51.53867
51.59219
51.57623
51.62937
51.61317
51.66646
51.65394
51.70427
51.69118
51.74364
51.72683
51.78228
51.76592
51.8177
51.80272
51.85639
51.8391
51.89427
51.87728
51.93232
51.91607
51.97074
51.95411
52.00911
51.99239
52.04882
52.03106
52.08674
52.06919
52.1267
52.1073
52.16505
52.14727
52.20255
52.18534
52.24013
52.22181
52.2777
52.26046
52.31397
52.29985
52.35288
52.33897
52.38937
52.37674
52.42751
52.4154
52.46315
52.45061
52.49964
52.48916
52.53784
52.52775
52.57243
52.55529
52.60774
52.59047
52.64413
52.62324
52.67734
52.66076
52.70796
52.69893
52.74459
52.73296
52.77698
52.76796
52.81402
52.80368
52.85013
52.84051
52.88636
52.87867
52.92542
52.91726
52.9641
52.95402
53.00211
52.99196
53.03851
53.02818
53.07557
53.06692
53.11278
53.103
53.1489
53.14395
53.1881
53.1819
53.22626
53.22199
53.26502
53.26117
53.30588
53.30001
53.3419
53.33721
53.37939
53.37617
53.41598
53.41319
53.45396
53.45125
53.49224
53.48923
53.52867
53.5278
53.56407
53.56533
53.60138
53.60249
53.63815
53.64167
53.6762
53.67923
53.71536
53.71637
53.7498
53.75462
53.78703
53.794
53.82584
53.83221
53.86517
53.87037
53.90298
53.90981
53.94102
53.94833
53.97973
53.9868
54.01249
54.02598
54.05043
54.06471
54.0888
54.10322
54.1267
54.14042
54.1639
54.17821
54.20207
54.21183
54.2401
54.24984
54.27919
54.28485
54.3152
54.32434
54.35291
54.3605
54.38803
54.39993
54.42717
54.439
54.46723
54.47774
54.50425
54.51525
54.54187
54.55392
54.57932
54.58842
54.61688
54.62815
54.65589
54.66567
54.69284
54.70457
54.73111
54.74393
54.76892
54.7819
54.80811
54.81944
54.84541
54.85862
54.88485
54.89783
54.92407
54.97097
54.96234
55.00784
54.99633
55.0439
55.03127
55.08241
55.06938
55.12044
55.10709
55.1584
55.14425
55.19754
55.18038
55.23298
55.21811
55.27155
55.25464
55.30772
55.29223
55.34621
55.32845
55.38486
55.36579
55.42229
55.40475
55.45783
55.43849
55.4943
55.47316
55.5308
55.50453
55.56844
55.54205
55.60471
55.5811
55.63992
55.61845
55.67565
55.65446
55.71473
55.69072
55.75063
55.72898
55.78864
55.76807
55.82754
55.80463
55.86435
55.84204
55.89996
55.87918
55.9371
55.91205
55.97561
55.94918
56.01046
55.9865
56.04942
56.02103
56.08594
56.06049
56.12623
56.09836
56.16417
56.13833
56.20328
56.175
56.21233
56.21224
56.24815
56.24705
56.28737
56.28391
56.32684
56.32415
56.36444
56.36077
56.40364
56.39753
56.44115
56.43402
56.47808
56.47197
56.51624
56.50893
56.55474
56.5482
56.59312
56.58446
56.63002
56.62273
56.66816
56.66175
56.70609
56.70071
56.74515
56.73909
56.78321
56.77698
56.82122
56.8131
56.85878
56.85155
56.89793
56.88625
56.93353
56.92512
56.96969
56.96255
57.00684
56.99995
57.04471
57.03578
57.08384
57.07602
57.12207
57.11366
57.16182
57.15032
57.20069
57.18658
57.23841
57.22547
57.27563
57.26168
57.31512
57.29944
57.35182
57.33602
57.39273
57.37435
57.43031
57.41227
57.46883
57.45153
57.50478
57.49071
57.54154
57.52853
57.58047
57.56589
57.61745
57.60247
57.65546
57.63987
57.69474
57.6777
57.72868
57.71592
57.7679
57.75219
57.80762
57.79131
57.84455
57.83127
57.8836
57.87041
57.92286
57.90638
57.96184
57.94299
57.99887
57.98222
58.03534
58.02003
58.0755
58.05723
58.11335
58.09468
58.15295
58.13173
58.19112
58.16743
58.22997
58.20584
58.26823
58.24509
58.30653
58.28268
58.34329
58.32021
58.38252
58.35887
58.41986
58.39833
58.45851
58.43669
58.49686
58.47642
58.53614
58.512
58.57511
58.55101
58.61272
58.58741
58.65047
58.62716
58.68839
58.66627
58.72591
58.70113
58.76477
58.73832
58.8031
58.77512
58.876
58.81396
58.90953
58.85154
58.91845
58.88729
58.9576
58.92578
58.99603
58.96033
59.02819
58.99771
59.06475
59.03519
59.10107
59.07489
59.13993
59.11032
59.17818
59.14488
59.21614
59.18373
59.25217
59.22233
59.29128
59.25817
59.32901
59.29389
59.36574
59.33292
59.40295
59.37122
59.44199
59.4086
59.48013
59.44648
59.51836
59.47967
59.55699
59.51656
59.59615
59.55522
59.63408
59.59322
59.67215
59.62907
59.71083
59.66539
59.74817
59.70321
59.78609
59.7434
59.82652
59.78153
59.86568
59.82215
59.90411
59.85795
59.9423
59.89687
59.98178
59.93626
60.01926
60.01487
60.06028
60.05598
60.0999
60.09543
60.14043
60.13507
60.17984
60.17302
60.2192
60.21028
60.25728
60.24924
60.29666
60.28828
60.33405
60.3266
60.37045
60.36539
60.40986
60.40503
60.44901
60.44343
60.48883
60.48295
60.52858
60.5224
60.56971
60.56151
60.60904
60.60093
60.64996
60.64081
60.68966
60.67965
60.72878
60.71804
60.767
60.75738
60.80621
60.79663
60.84505
60.83387
60.88338
60.87093
60.92147
60.91183
60.96146
60.94915
60.99979
60.98829
61.0386
61.02573
61.07734
61.10209
61.11536
61.14248
61.15451
61.18034
61.19308
61.22088
61.23246
61.25963
61.27098
61.29765
61.30902
61.3353
61.34829
61.37428
61.38601
61.40999
61.41985
61.44656
61.45905
61.4866
61.49763
61.52434
61.53646
61.56331
61.57619
61.60172
61.61472
61.64137
61.65572
61.67738
61.6919
61.71434
61.73098
61.75106
61.76753
61.78966
61.80242
61.82544
61.84016
61.86377
61.88076
61.90376
61.91687
61.94286
61.95596
61.98164
61.99503
62.01965
62.03414
62.05661
62.07047
62.09483
62.10751
62.1344
62.14776
62.17313
62.18655
62.20995
62.22345
62.24684
62.26271
62.28605
62.30154
62.32601
62.34045
62.36253
62.37922
62.40026
62.41798
62.43937
62.4571
62.51464
62.49384
62.55125
62.52723
62.5904
62.56411
62.62849
62.60218
62.7041
62.64088
62.74262
62.67965
62.77858
62.71917
62.81687
62.75726
62.85085
62.79522
62.88493
62.83385
62.92124
62.86865
62.9612
62.90659
63.00019
62.94517
63.03782
62.98256
63.07775
63.02068
63.1163
63.06004
63.1554
63.09941
63.19398
63.13705
63.23083
63.17619
63.26805
63.2142
63.30841
63.25097
63.34767
63.29018
63.38609
63.32933
63.42527
63.36854
63.46365
63.40707
63.50291
63.44643
63.53944
63.48504
63.57878
63.52228
63.61709
63.5633
63.65532
63.6008
63.69376
63.64149
63.73329
63.68105
63.77016
63.72234
63.80907
63.76006
63.84731
63.80106
63.88687
63.83958
63.92512
63.88063
63.96507
63.91859
64.00421
63.95729
64.04269
63.99654
64.0814
64.03568
64.1198
64.0752
64.15878
64.11467
64.19646
64.15476
64.23485
64.19332
64.27096
64.23178
64.30964
64.26565
64.34673
64.3036
64.38601
64.34286
64.42375
64.38251
64.46161
64.42117
64.49993
64.46127
64.534
64.49953
64.57298
64.53767
64.60963
64.5732
64.6438
64.61111
64.68252
64.64552
64.71927
64.68324
64.75839
64.7236
64.79662
64.76089
64.83493
64.8003
64.87434
64.83762
64.94743
64.87693
64.98855
64.91422
65.02644
64.95294
65.06483
64.99303
65.1035
65.03068
65.14436
65.07171
65.18299
65.10975
65.22095
65.14808
65.25895
65.18709
65.29533
65.22683
65.33471
65.26485
65.37263
65.30409
65.41128
65.34327
65.45007
65.38148
65.48923
65.42059
65.52792
65.45922
65.56743
65.49596
65.60665
65.53384
65.64186
65.57312
65.67957
65.61066
65.7193
65.6478
65.75547
65.68484
65.79368
65.72311
65.83211
65.76036
65.87018
65.80001
65.91083
65.83913
65.94888
65.87988
65.98563
65.91673
66.02163
65.95334
66.06068
65.98974
66.09807
66.02844
66.13524
66.0659
66.17381
66.10502
66.21144
66.14364
66.24957
66.18227
66.28866
66.22133
66.32561
66.26051
66.36276
66.30069
66.40139
66.33768
66.43864
66.37394
66.47469
66.41052
66.5114
66.44734
66.5509
66.48636
66.58762
66.52319
66.62669
66.5602
66.66582
66.59941
66.70431
66.63783
66.74249
66.67717
66.78069
66.71666
66.81868
66.75552
66.8552
66.79291
66.89297
66.83215
66.92991
66.87099
66.96658
66.9066
67.00422
66.94488
67.04387
66.98576
67.08316
67.02457
67.12179
67.06505
67.15884
67.10442
67.19807
67.14535
67.23676
67.1836
67.27274
67.2246
67.31227
67.26106
67.35135
67.30018
67.39057
67.33967
67.42962
67.37934
67.47015
67.41891
67.50645
67.45815
67.54652
67.49667
67.58514
67.53601
67.62337
67.57592
67.66297
67.61516
67.70023
67.65588
67.7391
67.69503
67.7772
67.73256
67.81546
67.77135
67.85461
67.80901
67.89168
67.84794
67.93084
67.88777
67.96864
67.92625
68.00729
67.96541
68.0461
68.00443
68.08453
68.04519
68.12283
68.08279
68.16053
68.12183
68.19961
68.16091
68.23849
68.19926
68.27676
68.24012
68.31638
68.27717
68.35421
68.31673
68.39437
68.35555
68.43356
68.39485
68.47151
68.43191
68.51074
68.47152
68.55153
68.5108
68.58811
68.54818
68.62817
68.58739
68.66587
68.62434
68.70346
68.66366
68.74041
68.70049
68.77755
68.73761
68.81509
68.77621
68.854
68.8135
68.89492
68.85265
68.93234
68.89059
68.97029
68.92984
69.00834
68.96718
69.04665
69.00482
69.08605
69.04452
69.12534
69.08369
69.1648
69.12267
69.20438
69.16189
69.2442
69.20087
69.28277
69.24122
69.32326
69.27988
69.36185
69.31915
69.40235
69.35796
69.43975
69.39764
69.47916
69.43553
69.51756
69.47327
69.55663
69.51163
69.59616
69.54997
69.63578
69.58932
69.67518
69.62886
69.71363
69.66752
69.75319
69.70612
69.79349
69.74736
69.83315
69.78701
69.87291
69.82871
69.91425
69.86864
69.95408
69.90925
69.99462
69.94914
70.03419
69.98949
70.07531
70.02914
70.11478
70.06898
70.1557
70.10836
70.19509
70.14933
70.23444
70.18866
70.27382
70.22626
70.31181
70.26553
70.35101
70.30393
70.38994
70.34315
70.42932
70.38339
70.46815
70.42213
70.50738
70.46315
70.54751
70.50149
70.58688
70.54072
70.62431
70.57813
70.66295
70.61636
70.70104
70.65584
70.73792
70.69304
70.77727
70.73279
70.81651
70.77116
70.85577
70.81018
70.89369
70.84756
70.93125
70.88843
70.97144
70.9259
71.00967
70.96664
71.05047
71.00497
71.08641
71.04339
71.12627
71.08048
71.15855
71.11906
71.19765
71.15675
71.23566
71.19448
71.27275
71.23114
71.31001
71.27041
71.34819
71.31071
71.38596
71.34639
71.42381
71.38543
71.46246
71.42392
71.50155
71.46156
71.53719
71.50052
71.57659
71.53715
71.61255
71.57378
71.64853
71.6097
71.68506
71.64989
71.72573
71.68797
71.76147
71.72278
71.80083
71.76194
71.8401
71.80035
71.87931
71.83939
71.91727
71.87767
71.95558
71.91525
71.99277
71.95355
72.0308
71.99199
72.07207
72.03143
72.1114
72.0703
72.15035
72.10795
72.18977
72.14616
72.2285
72.18549
72.26714
72.22508
72.30681
72.26339
72.34538
72.30452
72.38619
72.34393
72.42456
72.38143
72.46565
72.41956
72.50509
72.45969
72.54463
72.49837
72.58177
72.53653
72.62128
72.57683
72.70207
72.61625
72.74301
72.65723
72.78219
72.69682
72.82278
72.7374
72.86241
72.77715
72.90189
72.81784
72.94138
72.85741
72.98041
72.8987
73.01901
72.93816
73.05996
72.97652
73.09845
73.01598
73.13686
73.05591
73.17618
73.09499
73.21542
73.13359
73.2524
73.17282
73.29071
73.21146
73.3301
73.2495
73.36943
73.28747
73.41022
73.32543
73.44951
73.36471
73.48825
73.40443
73.52771
73.44379
73.56584
73.48124
73.60237
73.52074
73.64259
73.5608
73.68175
73.59964
73.72081
73.63904
73.7601
73.67838
73.79957
73.71765
73.83906
73.75719
73.87684
73.79845
73.9156
73.83418
73.95372
73.87374
73.99251
73.91229
74.03172
73.95162
74.07048
73.98827
74.10955
74.02745
74.14821
74.06604
74.18607
74.10537
74.22421
74.14342
74.26205
74.1817
74.29948
74.21981
74.33856
74.25893
74.37581
74.29733
74.41508
74.33663
74.45291
74.37519
74.49068
74.41124
74.52833
74.45004
74.56655
74.48853
74.60567
74.52657
74.64367
74.56486
74.68215
74.60403
74.72216
74.64341
74.76063
74.6826
74.7999
74.72206
74.8391
74.76105
74.87824
74.79791
74.91759
74.83739
74.95697
74.87698
74.99673
74.91618
75.0363
74.95594
75.07616
74.99633
75.11554
75.03381
75.15582
75.07346
75.19511
75.11221
75.23525
75.15141
75.26936
75.19055
75.30881
75.22996
75.34727
75.2681
75.38825
75.29716
75.4274
75.30363
75.46825
75.3429
75.50744
75.38181
75.54617
75.42102
75.58546
75.45992
75.62265
75.49825
75.66034
75.53716
75.69987
75.57737
75.74097
75.61672
75.77899
75.65366
75.81795
75.69305
75.85586
75.73268
75.89523
75.77213
75.93426
75.81058
75.97319
75.84928
76.0112
75.88851
76.05051
75.92773
76.08991
75.96642
76.12756
76.00556
76.16578
76.04424
76.20531
76.08195
76.24392
76.1213
76.28317
76.16096
76.32353
76.20017
76.36046
76.23867
76.40015
76.27525
76.43874
76.31471
76.47639
76.35273
76.51377
76.39207
76.55308
76.42878
76.59167
76.46825
76.63054
76.50716
76.66817
76.54816
76.70547
76.58562
76.74445
76.62378
76.78287
76.66122
76.82132
76.69957
76.86004
76.73729
76.89931
76.77574
76.93773
76.81367
76.97571
76.8513
77.01328
76.89034
77.0527
76.92956
77.09052
76.96948
77.12897
77.00548
77.16599
77.04472
77.205
77.08296
77.24343
77.12178
77.2827
77.16078
77.32098
77.19874
77.35944
77.23787
77.39747
77.27471
77.43456
77.31416
77.47419
77.35156
77.51354
77.39085
77.55143
77.42581
77.58801
77.46521
77.62733
77.50439
77.66674
77.5425
77.70612
77.58042
77.7449
77.61979
77.77953
77.65953
77.81905
77.69869
77.85857
77.73807
77.89969
77.77348
77.93875
77.81342
77.97993
77.85293
78.01969
77.89413
78.06096
77.93364
78.1004
77.97346
78.13847
78.01304
78.17778
78.05425
78.21884
78.09386
78.25806
78.13251
78.29753
78.172
78.33691
78.21085
78.37655
78.2503
78.41408
78.28974
78.45338
78.32885
78.49152
78.36813
78.53102
78.40767
78.57048
78.44575
78.60996
78.48563
78.64933
78.52495
78.68785
78.56307
78.72729
78.60209
78.76627
78.64242
78.80588
78.68141
78.8428
78.72083
78.88248
78.76032
78.92181
78.79729
78.96301
78.8343
79.00096
78.87386
79.04045
78.91351
79.07821
78.95216
79.11761
78.99072
79.15865
79.02957
79.19569
79.06985
79.23246
79.10921
79.27193
79.15026
79.31019
79.18957
79.34958
79.22675
79.38802
79.26604
79.42651
79.29964
79.46532
79.33912
79.50493
79.37767
79.54442
79.41646
79.58237
79.45603
79.62157
79.49498
79.6603
79.53353
79.69973
79.57187
79.73746
79.61014
79.7766
79.64778
79.81535
79.68713
79.85495
79.72605
79.89474
79.7655
79.93371
79.80517
79.97334
79.84477
80.01295
79.88441
80.05269
79.92133
80.09133
79.96096
80.13112
80.00062
80.17083
80.04027
80.21206
80.08008
80.25171
80.11975
80.29021
80.16008
80.32957
80.19957
80.36907
80.23911
80.40875
80.27802
80.44766
80.31878
80.48536
80.35838
80.52488
80.39908
80.56452
80.43781
80.60292
80.47849
80.64347
80.51836
80.68302
80.55922
80.72374
80.59914
80.76253
80.63941
80.80183
80.67931
80.84159
80.72097
80.88256
80.76089
80.9222
80.80136
80.96351
80.84144
81.0026
80.88274
81.04235
80.92245
81.08247
80.96388
81.12196
81.00284
81.16126
81.04057
81.19926
81.08021
81.23923
81.1197
81.27773
81.15865
81.31678
81.19695
81.355
81.23784
81.39245
81.27426
81.4308
81.31297
81.47189
81.35223
81.51138
81.38614
81.54929
81.42381
81.58632
81.46391
81.62542
81.50315
81.66658
81.54419
81.70569
81.58131
81.74477
81.62094
81.78437
81.65887
81.82406
81.69772
81.86339
81.73438
81.90083
81.77368
81.94048
81.81379
81.97986
81.85339
82.01942
81.89297
82.05901
81.93066
82.0985
81.97015
82.13691
82.00967
82.17656
82.049
82.21473
82.08647
82.25286
82.12498
82.29239
82.16357
82.33208
82.20329
82.37178
82.24187
82.41076
82.28159
82.45049
82.32158
82.49046
82.3616
82.5303
82.4022
82.57085
82.4412
82.60963
82.48296
82.65099
82.52303
82.69074
82.56474
82.73201
82.60464
82.77161
82.64513
82.81246
82.68445
82.85209
82.72472
82.89137
82.76349
82.92983
82.79921
82.96709
82.83844
83.00633
82.87935
83.04601
82.91797
83.08532
82.95691
83.12412
82.99593
83.16443
83.03321
83.20258
83.07404
83.24101
83.11249
83.27961
83.15159
83.31924
83.1911
83.35694
83.2306
83.39636
83.27016
83.43589
83.31087
83.47492
83.34998
83.51443
83.38869
83.55302
83.42822
83.59254
83.46774
83.63348
83.50639
83.67043
83.54607
83.70922
83.58554
83.74879
83.62424
83.78826
83.66389
83.82929
83.70127
83.86877
83.73997
83.90717
83.77859
83.94674
83.81693
83.98501
83.85641
84.02336
83.89455
84.06236
83.93403
84.1017
83.97171
84.14153
84.01136
84.18135
84.05099
84.22269
84.09007
84.26131
84.13132
84.30264
84.17074
84.3421
84.21038
84.38265
84.24891
84.42211
84.28806
84.46098
84.32604
84.50047
84.36548
84.54005
84.40463
84.58001
84.44371
84.61912
84.482
84.66003
84.52135
84.69958
84.56049
84.73709
84.59924
84.77654
84.63923
84.81702
84.67748
84.85644
84.71691
84.89603
84.75502
84.93558
84.79292
84.97424
84.83228
85.0138
84.87119
85.05505
84.91065
85.09313
84.95012
85.13244
84.98904
85.17079
85.02866
85.21067
85.06824
85.28981
85.10648
85.32901
85.14489
85.36867
85.18465
85.40849
85.22448
85.44675
85.26353
85.4881
85.30347
85.52758
85.34197
85.56752
85.38308
85.60709
85.42279
85.64803
85.46255
85.68674
85.50019
85.72614
85.53984
85.76569
85.58112
85.80394
85.62093
85.84283
85.65942
85.88055
85.69769
85.91933
85.73828
85.95894
85.77821
85.99722
85.8181
86.03682
85.85591
86.078
85.89564
86.11678
85.93531
86.15785
85.97509
86.19614
86.01358
86.23434
86.05325
86.27377
86.09208
86.3503
86.13138
86.38929
86.17034
86.42893
86.20808
86.46853
86.24756
86.50822
86.28432
86.54898
86.32433
86.5888
86.36403
86.62888
86.40413
86.66866
86.44315
86.70835
86.48425
86.7498
86.52398
86.78955
86.56404
86.82955
86.60385
86.86932
86.64194
86.90815
86.68182
86.94798
86.7235
86.9883
86.76283
87.02837
86.80403
87.06985
86.84382
87.10973
86.88521
87.15123
86.92508
87.19118
86.96491
87.23255
87.00463
87.27222
87.0455
87.31203
87.0848
87.35097
87.12429
87.39196
87.16376
87.43185
87.20369
87.47079
87.24364
87.50996
87.28252
87.54982
87.32242
87.58909
87.36223
87.62874
87.40204
87.6684
87.44172
87.70776
87.48083
87.74628
87.52048
87.78571
87.5601
87.82523
87.59978
87.8636
87.63849
87.90217
87.6776
87.94168
87.71633
87.98235
87.75594
88.02142
87.79599
88.06004
87.83431
88.09734
87.87354
88.13725
87.91344
88.17683
87.95296
88.21655
87.99345
88.25541
88.03321
88.29533
88.07311
88.33514
88.11294
88.37495
88.14956
88.41431
88.18927
88.454
88.22836
88.49432
88.26789
88.57357
88.30717
88.61135
88.34695
88.65273
88.38734
88.69238
88.42698
88.73208
88.46593
88.7711
88.50365
88.8104
88.54356
88.85004
88.58197
88.89033
88.62119
88.93001
88.66065
88.97016
88.70071
89.00974
88.74077
89.04947
88.77978
89.08817
88.82104
89.1291
88.86055
89.16837
88.89994
89.20713
88.93935
89.24641
88.98029
89.28574
89.01961
89.32351
89.05865
89.36205
89.09698
89.40073
89.1346
89.44002
89.17319
89.47807
89.21298
89.5173
89.25231
89.55707
89.29322
89.59621
89.3325
89.6371
89.37173
89.67408
89.40778
89.71329
89.44711
89.74992
89.48573
89.78921
89.52383
89.82911
89.56382
89.86851
89.6027
89.90826
89.64314
89.94778
89.68254
89.98727
89.72361
90.02575
89.7596
90.06631
89.79932
90.10404
89.8383
90.14538
89.87675
90.18481
89.91145
90.2259
89.95127
90.26591
89.98518
90.30746
90.02527
90.34733
90.06918
90.38379
90.10537
90.42317
90.18498
90.46367
90.21633
90.50361
90.23903
90.54502
90.26658
90.58482
90.30283
90.62465
90.33042
90.66508
90.3504
90.70486
90.36908
90.74212
90.37881
90.78115
90.41874
90.82225
90.45564
90.86193
90.48912
90.90329
90.52397
90.94318
90.56377
90.98425
90.6454
91.02356
90.72168
91.06497
90.78056
91.10491
90.84812
91.14586
90.88726
91.18501
90.92601
91.2248
90.967
91.26411
91.00695
91.30553
91.04617
91.34516
91.07847
91.3835
91.11096
91.42339
91.14514
91.46318
91.17003
91.50298
91.1982
91.54237
91.23061
91.5834
91.26275
91.6225
91.29664
91.66406
91.33418
91.7039
91.37323
91.74525
91.41239
91.78511
91.44201
91.82407
91.46878
91.86394
91.50146
91.90553
91.54819
91.94551
91.64297
91.98436
91.70271
92.02402
91.77077
92.06568
91.82021
92.10571
91.86684
92.14554
91.917
92.18533
91.93952
92.22686
91.96121
92.26678
91.98364
92.30805
91.99349
92.34712
92.0284
92.38635
92.06226
92.42619
92.10207
92.46731
92.14198
92.50691
92.18182
92.54643
92.22287
92.58612
92.2626
92.62606
92.29992
92.66585
92.36401
92.7053
92.44221
92.74669
92.48214
92.78668
92.56207
92.82804
92.59961
92.86785
92.63966
92.90935
92.67467
92.94868
92.71455
92.98853
92.7515
93.02844
92.76133
93.06987
92.82155
93.10973
92.86162
93.14961
92.90173
93.18934
92.9777
93.22901
93.01764
93.26883
93.04993
93.30865
93.08884
93.34816
93.12199
93.38791
93.16184
93.42751
93.20158
93.46864
93.24268
93.50822
93.28211
93.54941
93.32095
93.58886
93.36045
93.62731
93.39912
93.66555
93.43847
93.70417
93.47816
93.74424
93.51749
93.78352
93.55854
93.82442
93.59794
93.86334
93.63853
93.90208
93.67577
93.94144
93.71612
93.98257
93.748
94.02086
93.78754
94.05941
93.82623
94.09885
93.86605
94.14011
93.88728
94.17972
93.89684
94.2093
93.91138
94.24911
93.93616
94.28101
94.00797
94.31992
94.04543
94.34973
94.10702
94.38104
94.14678
94.41969
94.16405
94.45172
94.19402
94.49328
94.23423
94.53297
94.24904
94.57262
94.27603
94.61243
94.30593
94.65234
94.32562
94.69217
94.35568
94.73186
94.38577
94.77135
94.41847
94.81128
94.44785
94.85088
94.47289
94.88981
94.50294
94.91468
94.51045
94.9398
94.53311
94.96138
94.67793
94.98376
94.72189
94.99351
94.76037
95.02103
94.78228
95.05
94.80016
95.09005
94.82848
95.13171
94.89939
95.17185
94.91736
95.20344
94.92777
95.22581
94.94212
95.23553
94.96767
95.27057
94.99301
95.29207
95.01096
95.3019
95.01754
95.3294
95.04202
95.34924
95.09338
95.37317
95.1543
95.41328
95.17963
95.45081
95.21178
95.48752
95.23209
95.4973
95.25977
95.52457
95.27906
95.55119
95.30681
95.58874
95.31441
95.59752
95.33705
95.63766
95.34629
95.66509
95.37155
95.69519
95.47372
95.72425
95.48868
95.74657
95.49609
95.77144
95.51611
95.80299
95.52347
95.81265
95.55344
95.85261
95.58081
95.89387
95.61568
95.9336
95.64464
95.97327
95.67955
96.01292
95.71617
96.04839
95.75578
96.08794
95.7849
96.1293
95.81477
96.16519
95.83474
96.20239
95.90231
96.24129
95.92977
96.27348
95.95135
96.29988
95.96127
96.32722
95.97611
96.3546
95.98596
96.36437
96.00831
96.38676
96.03337
96.39642
96.0532
96.41618
96.08569
96.42347
96.11076
96.4373
96.14089
96.45712
96.18822
96.46431
96.21001
96.47414
96.21992
96.48662
96.24502
96.49398
96.26506
96.5003
96.27763
96.50661
96.30018
96.51652
96.30755
96.52312
96.33768
96.52991
96.36031
96.5368
96.37029
96.55403
96.38551
96.56054
96.4129
96.56699
96.4192
96.58467
96.44539
96.59111
96.54803
96.59758
96.55405
96.6078
96.56408
96.61423
96.57163
96.62067
96.62277
96.62708
96.64037
96.63982
96.64663
96.6462
96.65295
96.65258
96.66051
96.6754
96.67051
96.68184
96.67844
96.68814
96.68591
96.69576
96.69582
96.70583
96.71094
96.72095
96.71719
96.72723
96.72344
96.74736
96.73094
96.75365
96.73846
96.75993
96.74594
96.77547
96.75593
96.78176
96.76382
96.79433
96.77876
96.80059
96.78497
96.80689
96.79117
96.84586
96.80365
96.86373
96.81357
96.87115
96.81976
96.87735
96.82592
96.88997
96.83843
96.89624
96.86575
96.90242
96.8719
96.91242
96.87932
96.91869
96.91165
96.92491
96.91904
96.93533
96.9417
96.94153
96.94785
96.94775
96.954
96.9603
96.98177
96.97027
96.9879
96.98025
96.99404
96.99525
97.00653
97.00141
97.01268
97.02145
97.01882
97.02769
97.03378
97.03386
97.03996
97.06658
97.0461
97.07275
97.06353
97.07896
97.06973
97.10418
97.0759
97.11037
97.09344
97.11654
97.11647
97.14942
97.12262
97.15558
97.14775
97.18079
97.15387
97.187
97.19418
97.19319
97.202
97.21074
97.22968
97.2231
97.23581
97.24565
97.24197
97.25177
97.25694
97.25792
97.26308
97.26407
97.2692
97.28648
97.28924
97.29382
97.29663
97.30122
97.32283
97.3111
97.32894
97.35114
97.34383
97.41042
97.35162
97.41777
97.36902
97.44365
97.37511
97.4559
97.38126
97.4633
97.39871
97.47318
97.411
97.48056
97.43098
97.48795
97.43834
97.49535
97.4482
97.50269
97.46576
97.51008
97.47189
97.52045
97.47807
97.52784
97.49809
97.53398
97.51034
97.54016
97.53042
97.54631
97.53656
97.5588
97.5427
97.56494
97.56525
97.57993
97.57263
97.59226
97.58765
97.62101
97.59381
97.66364
97.63395
97.66984
97.67465
97.69737
97.73391
97.70369
97.76162
97.72382
97.77821
97.73669
97.78416
97.80013
97.78979
97.86497
97.79985
97.899
97.80587
97.90499
97.88887
97.91074
97.89402
97.95102
97.9296
97.97961
97.94631
97.98573
97.98051
98.02523
98.01263
98.05862
98.03029
98.06372
98.03542
98.06881
98.04055
98.08019
98.04941
98.08528
98.05456
98.09038
98.06485
98.09547
98.07372
98.10056
98.07885
98.10566
98.08398
98.11448
98.08911
98.11957
98.09425
98.12466
98.10574
98.131
98.11208
98.1361
98.11721
98.14118
98.12234
98.14748
98.12747
98.15256
98.13261
98.15765
98.13774
98.16274
98.14288
98.16901
98.14802
98.1741
98.15939
98.17918
98.16452
98.18428
98.16965
98.1906
98.17771
98.19569
98.18285
98.20078
98.18798
98.20587
98.19312
98.21217
98.19823
98.21726
98.20459
98.22235
98.20972
98.22744
98.21484
98.23253
98.22117
98.23763
98.2275
98.24271
98.23637
98.25395
98.24272
98.25904
98.258
98.26958
98.26312
98.2784
98.26824
98.28723
98.27336
98.29233
98.28221
98.29742
98.28733
98.30373
98.29247
98.30883
98.30383
98.3167
98.30896
98.32178
98.32536
98.32687
98.33046
98.33788
98.33556
98.34298
98.34066
98.34805
98.34949
98.36063
98.35459
98.36572
98.35969
98.3708
98.36854
98.37708
98.37364
98.38216
98.37874
98.38724
98.39381
98.39232
98.3989
98.39861
98.404
98.40624
98.41283
98.41132
98.41793
98.4164
98.42303
98.42147
98.42813
98.42655
98.43324
98.43285
98.43835
98.43792
98.44723
98.443
98.45234
98.44931
98.45747
98.45439
98.46883
98.45947
98.47396
98.46455
98.47911
98.47752
98.48425
98.4826
98.49312
98.48767
98.49948
98.49397
98.50835
98.5103
98.51349
98.51537
98.51862
98.52045
98.525
98.52554
98.53139
98.53184
98.53654
98.53691
98.54167
98.54198
98.54683
98.54706
98.55198
98.55513
98.55712
98.56021
98.5635
98.56529
98.56865
98.57337
98.57379
98.57845
98.5852
98.58353
98.59035
98.58983
98.5955
98.59689
98.60065
98.6032
98.6058
98.60828
98.61095
98.61338
98.62234
98.61846
98.62749
98.62479
98.63263
98.62988
98.64153
98.63499
98.6479
98.6401
98.65427
98.65076
98.6594
98.65586
98.66455
98.66098
98.67341
98.67789
98.68874
98.68301
98.69387
98.68813
98.69901
98.70909
98.72784
98.71793
98.73298
98.73056
98.73812
98.73568
98.75784
98.74081
98.76299
98.75903
98.76812
98.76415
98.77821
98.76927
98.78335
98.7869
98.7885
98.79203
98.80132
98.79715
98.80648
98.80875
98.81161
98.81387
98.81675
98.819
98.82188
98.82818
98.83151
98.8333
98.83665
98.83842
98.84178
98.84799
98.85191
98.85313
98.85704
98.85826
98.86217
98.8634
98.8673
98.86855
98.87367
98.87368
98.87879
98.87881
98.88392
98.88636
98.88905
98.89149
98.89417
98.89663
98.89931
98.90801
98.90443
98.91315
98.90958
98.91827
98.91592
98.92463
98.92104
98.92977
98.9313
98.93491
98.93764
98.94376
98.94403
98.95013
98.95037
98.95648
98.95554
98.96163
98.96191
98.96678
98.96706
98.97191
98.9836
98.97829
98.99155
98.98343
98.9979
98.98857
99.00305
98.99495
99.0082
99.00008
99.01459
99.00645
99.02351
99.02578
99.02989
99.03217
99.03878
99.04609
99.04392
99.06023
99.05446
99.0666
99.06838
99.08235
99.07354
99.0875
99.07867
99.09975
99.09156
99.10491
99.09872
99.11006
99.10509
99.11897
99.11898
99.12411
99.12413
99.12925
99.13568
99.15098
99.14456
99.15612
99.14973
99.16129
99.1549
99.16644
99.16631
99.17158
99.17146
99.17675
99.17661
99.18189
99.18299
99.18706
99.19091
99.19346
99.1973
99.19986
99.20245
99.20874
99.2076
99.21391
99.21649
99.21906
99.22289
99.22421
99.22926
99.22935
99.23708
99.23451
99.24347
99.24088
99.24863
99.24725
99.26001
99.25614
99.26516
99.26665
99.27032
99.2718
99.27668
99.27695
99.28185
99.2821
99.287
99.28848
99.29591
99.29365
99.30107
99.29879
99.30624
99.30518
99.31515
99.31161
99.3203
99.31676
99.32546
99.32193
99.33599
99.32831
99.34512
99.33346
99.35402
99.3386
99.35919
99.34562
99.36435
99.35457
99.36951
99.36094
99.38091
99.36983
99.38731
99.38625
99.39619
99.39954
99.40762
99.41837
99.41278
99.42358
99.41794
99.42874
99.42429
99.44921
99.43231
99.45439
99.44119
99.46946
99.4501
99.47468
99.4695
99.47983
99.47466
99.49821
99.47984
99.50337
99.49182
99.50857
99.49698
99.52521
99.50214
99.5304
99.5164
99.53555
99.52157
99.5509
99.52676
99.55608
99.54451
99.56125
99.55088
99.5754
99.5614
99.58058
99.56778
99.58574
99.57666
99.59213
99.58472
99.60218
99.58989
99.60735
99.59509
99.61252
99.60772
99.62052
99.61289
99.62571
99.61807
99.63088
99.62444
99.64264
99.63646
99.64782
99.64162
99.65298
99.6468
99.66558
99.65463
99.67075
99.66352
99.67591
99.66869
99.68657
99.67385
99.69174
99.68024
99.69691
99.68661
99.70208
99.69553
99.70845
99.70444
99.71361
99.70962
99.71875
99.71481
99.72692
99.72
99.73209
99.73288
99.74352
99.73807
99.74992
99.74323
99.75629
99.75214
99.76146
99.76196
99.76662
99.76841
99.77678
99.77733
99.78319
99.78252
99.78957
99.7877
99.79597
99.80038
99.80238
99.80931
99.81002
99.81826
99.8152
99.82467
99.82039
99.83257
99.82932
99.83894
99.84238
99.85313
99.84756
99.85831
99.85274
99.86349
99.86414
99.86868
99.87219
99.88173
99.87862
99.88953
99.88752
99.89595
99.89393
99.90488
99.89912
99.91127
99.90429
99.91766
99.91071
99.92406
99.92296
99.93111
99.92812
99.93871
99.9333
99.95166
99.9481
99.95684
99.95847
99.96203
99.96368
99.96843
99.9689
99.98033
99.9772
99.98552
99.99169
99.99068
99.99811
100.0035
100.0065
100.0087
100.019
100.0139
100.0242
100.0291
100.0294
100.0343
100.0346
100.0394
100.0459
100.0446
100.0511
100.0535
100.0563
100.0587
100.0677
100.0639
100.0729
100.0753
100.0794
100.0805
100.0908
100.0857
100.096
100.0926
100.1012
100.099
100.1152
100.113
100.1204
100.1182
100.1256
100.1234
100.1432
100.1335
100.1496
100.1387
100.1586
100.144
100.165
100.1529
100.1702
100.1694
100.1754
100.1747
100.1894
100.1799
100.1946
100.1888
100.1999
100.194
100.2063
100.1993
100.2206
100.2057
100.227
100.211
100.236
100.2162
100.2425
100.2214
100.2477
100.2279
100.2529
100.2344
100.2582
100.2409
100.2646
100.2461
100.2737
100.2513
100.2801
100.2617
100.2866
100.267
100.2918
100.2722
100.2971
100.2885
100.3035
100.2937
100.3125
100.299
100.3189
100.313
100.3241
100.322
100.3294
100.3272
100.3358
100.3324
100.341
100.3482
100.3462
100.3534
100.3526
100.3585
100.3578
100.3636
100.363
100.3688
100.3693
100.3801
100.3744
100.3852
100.3796
100.3903
100.3934
100.4016
100.3997
100.4068
100.406
100.4118
100.4188
100.4216
100.4277
100.4267
100.434
100.4318
100.4427
100.4406
100.4513
100.4457
100.467
100.4543
100.4721
100.4594
100.4772
100.4645
100.4936
100.4708
100.4987
100.4821
100.5038
100.4872
100.5089
100.4923
100.5177
100.5037
100.5265
100.5088
100.5328
100.5139
100.5379
100.5227
100.5431
100.5279
100.5494
100.533
100.5658
100.5444
100.5722
100.5507
100.5785
100.5596
100.5837
100.5648
100.5888
100.5699
100.5993
100.5889
100.6057
100.5941
100.6109
100.5992
100.6223
100.6057
100.6274
100.6108
100.6326
100.6172
100.6415
100.6337
100.6479
100.6389
100.6568
100.6453
100.6725
100.6542
100.6777
100.6673
100.6829
100.6725
100.6956
100.6777
100.7008
100.693
100.706
100.6982
100.7112
100.7035
100.7227
100.7099
100.7279
100.7189
100.7343
100.7253
100.7407
100.7318
100.7459
100.7383
100.7511
100.7435
100.7563
100.7487
100.7711
100.7574
100.7776
100.7626
100.7908
100.7679
100.796
100.7794
100.8012
100.7846
100.8099
100.7899
100.8164
100.7951
100.8228
100.8041
100.8318
100.8093
100.8382
100.8234
100.8447
100.8286
100.8499
100.8338
100.8551
100.8403
100.8633
100.8484
100.8685
100.8548
100.8737
100.8601
100.8876
100.8653
100.8941
100.8705
100.907
100.8769
100.9122
100.8859
100.9174
100.8948
100.9281
100.9013
100.9348
100.9065
100.9437
100.9117
100.9489
100.9246
100.954
100.9297
100.9679
100.935
100.9744
100.9402
100.9896
100.9491
100.9948
100.9556
101
100.962
101.0128
100.971
101.0255
100.9762
101.0319
100.9815
101.0408
100.9904
101.0512
101.0039
101.0576
101.0105
101.0666
101.0169
101.0796
101.0259
101.086
101.0349
101.0912
101.0413
101.0964
101.0503
101.1054
101.0556
101.1196
101.071
101.1358
101.084
101.1411
101.0969
101.1463
101.1021
101.1527
101.1074
101.1591
101.1139
101.1643
101.1203
101.1695
101.1293
101.1776
101.1347
101.1865
101.1423
101.1992
101.1476
101.2044
101.1528
101.2096
101.1608
101.2148
101.1697
101.2225
101.1816
101.2289
101.1869
101.2353
101.1921
101.2443
101.1985
101.2532
101.205
101.2652
101.2102
101.2716
101.2167
101.2817
101.2424
101.2881
101.2477
101.2945
101.2529
101.3075
101.2694
101.3139
101.2746
101.3229
101.2798
101.3332
101.2952
101.3384
101.3083
101.3436
101.3136
101.3525
101.3188
101.3664
101.3316
101.378
101.3381
101.3844
101.3434
101.3926
101.3499
101.399
101.3551
101.4054
101.3603
101.4118
101.3688
101.4238
101.3753
101.429
101.3817
101.4342
101.3881
101.4406
101.3934
101.4492
101.3987
101.4544
101.4051
101.4596
101.4201
101.466
101.4266
101.475
101.4423
101.4814
101.4527
101.4928
101.4644
101.4992
101.4697
101.5044
101.4749
101.5096
101.4814
101.5148
101.4893
101.52
101.4983
101.5265
101.5073
101.5316
101.5138
101.5369
101.5268
101.5421
101.5333
101.5473
101.5397
101.5524
101.5462
101.5589
101.5552
101.5653
101.5617
101.5705
101.5682
101.5757
101.5747
101.5809
101.5836
101.5873
101.5889
101.5944
101.5942
101.6058
101.6036
101.611
101.6101
101.625
101.6166
101.6339
101.623
101.642
101.6294
101.6544
101.6347
101.6596
101.6399
101.6661
101.6509
101.6725
101.6575
101.6777
101.6665
101.6829
101.683
101.6893
101.6895
101.7009
101.6948
101.7073
101.7
101.7149
101.709
101.7254
101.718
101.7319
101.7284
101.7383
101.7337
101.7461
101.739
101.7596
101.7455
101.7663
101.752
101.7752
101.7643
101.7817
101.7708
101.7895
101.776
101.796
101.7813
101.8024
101.7928
101.8088
101.7992
101.814
101.812
101.8192
101.8173
101.8306
101.8226
101.8385
101.8341
101.8437
101.8406
101.849
101.8512
101.8579
101.8565
101.8689
101.8619
101.8741
101.8734
101.8793
101.88
101.8845
101.8852
101.8909
101.8905
101.9074
101.8958
101.9138
101.9011
101.9252
101.9076
101.9316
101.9231
101.9466
101.9284
101.9518
101.9336
101.9583
101.939
101.9647
101.9494
101.9787
101.9547
101.9876
101.96
101.9966
101.969
102.0055
101.9754
102.012
101.9845
102.0172
101.991
102.0224
101.9975
102.0276
102.004
102.0329
102.0092
102.0418
102.0145
102.0515
102.031
102.0603
102.04
102.0693
102.0453
102.0758
102.056
102.0822
102.0613
102.0887
102.0666
102.0976
102.0719
102.1067
102.0772
102.1131
102.0888
102.1196
102.0941
102.1286
102.0994
102.1351
102.1085
102.1441
102.1151
102.1531
102.1216
102.1584
102.1282
102.1665
102.1373
102.1731
102.1427
102.1822
102.1481
102.1876
102.1572
102.1929
102.1625
102.1995
102.1679
102.2086
102.1745
102.2177
102.1827
102.2269
102.1882
102.2335
102.1936
102.239
102.199
102.2444
102.2043
102.2535
102.2111
102.2628
102.2303
102.2682
102.2358
102.2737
102.2412
102.2803
102.2467
102.2871
102.2559
102.2939
102.2615
102.2994
102.267
102.3049
102.2725
102.3142
102.2781
102.3235
102.2836
102.3327
102.2892
102.3395
102.2947
102.348
102.3003
102.3547
102.3071
102.3666
102.3232
102.3722
102.33
102.3777
102.3357
102.3872
102.3413
102.3941
102.3482
102.4009
102.3539
102.4066
102.3596
102.4124
102.3652
102.4219
102.3721
102.4276
102.3778
102.4333
102.3835
102.439
102.3892
102.4448
102.3962
102.4544
102.402
102.4603
102.4077
102.4674
102.4248
102.4732
102.4334
102.4791
102.4393
102.4888
102.4451
102.4959
102.4509
102.502
102.4605
102.508
102.4676
102.5169
102.4734
102.5241
102.4805
102.5314
102.4864
102.5375
102.4923
102.5436
102.4983
102.5497
102.5054
102.5571
102.5114
102.5633
102.5174
102.5696
102.5234
102.5759
102.5294
102.5822
102.5355
102.5885
102.5416
102.6002
102.5476
102.6077
102.5537
102.6141
102.5611
102.6205
102.5686
102.6269
102.5748
102.6345
102.5812
102.6409
102.5875
102.6475
102.5938
102.6553
102.6001
102.662
102.6063
102.6686
102.6127
102.6754
102.619
102.6822
102.6267
102.6888
102.6332
102.6955
102.6398
102.7058
102.6464
102.7126
102.6609
102.7193
102.6742
102.7261
102.6809
102.734
102.6942
102.7407
102.7009
102.7475
102.7075
102.7542
102.7142
102.7611
102.721
102.7679
102.7278
102.7759
102.7414
102.7826
102.7481
102.7894
102.7549
102.7962
102.7617
102.8029
102.7753
102.8097
102.7833
102.8164
102.79
102.8232
102.7968
102.8299
102.8036
102.8379
102.8104
102.8447
102.8172
102.8514
102.8239
102.8582
102.8375
102.8649
102.8443
102.8717
102.8511
102.8785
102.8578
102.8852
102.8646
102.892
102.8714
102.8987
102.8782
102.9055
102.885
102.9122
102.8918
102.919
102.8985
102.9258
102.9053
102.9325
102.9121
102.9393
102.9189
102.946
102.9257
102.9528
102.9325
102.9595
102.9392
102.9663
102.946
102.9731
102.9528
102.9798
102.9596
102.9866
102.9664
102.9933
102.9732
103.0001
102.9812
103.008
102.9879
103.0148
102.9947
103.0216
103.0015
103.0283
103.0083
103.0351
103.0151
103.0418
103.0218
103.0486
103.0286
103.0553
103.0354
103.0621
103.0422
103.0688
103.0489
103.0756
103.0557
103.0824
103.0625
103.0891
103.0693
103.0959
103.076
103.1026
103.0828
103.1094
103.0896
103.1161
103.0964
103.1229
103.1031
103.1296
103.1099
103.1364
103.1167
103.1431
103.1234
103.1499
103.1302
103.1566
103.137
103.1634
103.1438
103.1701
103.1505
103.1769
103.1573
103.1836
103.1641
103.1904
103.1708
103.1971
103.1776
103.2039
103.1844
103.2106
103.1911
103.2173
103.1979
103.2241
103.2047
103.2308
103.2115
103.2376
103.2182
103.2443
103.225
103.2511
103.2318
103.2578
103.2385
103.2646
103.2453
103.2713
103.2521
103.2781
103.2589
103.2848
103.2656
103.2915
103.2724
103.2983
103.2792
103.305
103.2859
103.3118
103.2927
103.3185
103.2994
103.3252
103.3062
103.332
103.313
103.3387
103.3197
103.3455
103.3265
103.3522
103.3332
103.359
103.34
103.3657
103.3467
103.3724
103.3535
103.3792
103.3603
103.3859
103.367
103.3927
103.3738
103.3994
103.3805
103.4061
103.3873
103.4129
103.3941
103.4196
103.4008
103.4264
103.4076
103.4331
103.4143
103.4398
103.4211
103.4466
103.4278
103.4533
103.4346
103.4601
103.4413
103.4668
103.4481
103.4735
103.4549
103.4803
103.4616
103.487
103.4684
103.4937
103.4751
103.5005
103.4819
103.5072
103.4886
103.5139
103.4954
103.5207
103.5021
103.5274
103.5089
103.5341
103.5156
103.5409
103.5224
103.5476
103.5291
103.5543
103.5359
103.5611
103.5426
103.5678
103.5494
103.5745
103.5561
103.5813
103.5629
103.588
103.5696
103.5947
103.5764
103.6015
103.5831
103.6082
103.5899
103.6149
103.5966
103.6217
103.6034
103.6284
103.6101
103.6351
103.6169
103.6419
103.6236
103.6486
103.6304
103.6553
103.6371
103.662
103.6439
103.6688
103.6506
103.6755
103.6573
103.6822
103.6641
103.689
103.6708
103.6957
103.6776
103.7024
103.6843
103.7092
103.691
103.7159
103.6978
103.7226
103.7045
103.7293
103.7113
103.7361
103.718
103.7428
103.7247
103.7495
103.7315
103.7562
103.7382
103.763
103.745
103.7697
103.7517
103.7764
103.7585
103.7832
103.7652
103.7899
103.7719
103.7966
103.7787
103.8034
103.7854
103.8101
103.7922
103.8168
103.7989
103.8235
103.8056
103.8303
103.8124
103.837
103.8191
103.8437
103.8259
103.8504
103.8326
103.8572
103.8393
103.8639
103.8461
103.8706
103.8528
103.8773
103.8596
103.8841
103.8663
103.8908
103.873
103.8975
103.8798
103.9043
103.8865
103.911
103.8933
103.9177
103.9
103.9244
103.9067
103.9312
103.9135
103.9379
103.9202
103.9446
103.9269
103.9513
103.9337
103.9581
103.9404
103.9648
103.9471
103.9715
103.9539
103.9783
103.9606
103.985
103.9673
103.9917
103.9741
103.9984
103.9808
104.0052
103.9875
104.0119
103.9943
104.0186
104.001
104.0253
104.0077
104.0321
104.0145
104.0388
104.0212
104.0455
104.028
104.0522
104.0347
104.059
104.0414
104.0657
104.0482
104.0724
104.0549
104.0791
104.0617
104.0859
104.0684
104.0926
104.0751
104.0993
104.0819
104.106
104.0886
104.1128
104.0953
104.1195
104.1021
104.1262
104.1088
104.1329
104.1155
104.1397
104.1223
104.1464
104.129
104.1531
104.1357
104.1599
104.1425
104.1666
104.1492
104.1733
104.156
104.18
104.1627
104.1868
104.1694
104.1935
104.1762
104.2002
104.1829
104.2069
104.1896
104.2136
104.1964
104.2204
104.2031
104.2271
104.2098
104.2338
104.2166
104.2405
104.2233
104.2473
104.23
104.254
104.2368
104.2607
104.2435
104.2674
104.2502
104.2741
104.257
104.2809
104.2637
104.2876
104.2704
104.2943
104.2772
104.301
104.2839
104.3078
104.2906
104.3145
104.2973
104.3212
104.3041
104.3279
104.3108
104.3347
104.3175
104.3414
104.3243
104.3481
104.331
104.3549
104.3377
104.3616
104.3445
104.3683
104.3512
104.375
104.3579
104.3818
104.3647
104.3885
104.3714
104.3952
104.3781
104.4019
104.3849
104.4086
104.3916
104.4154
104.3983
104.4221
104.4051
104.4288
104.4118
104.4355
104.4185
104.4423
104.4253
104.449
104.432
104.4557
104.4387
104.4624
104.4455
104.4692
104.4522
104.4759
104.4589
104.4826
104.4657
104.4893
104.4724
104.496
104.4791
104.5028
104.4859
104.5095
104.4926
104.5162
104.4993
104.5229
104.5061
104.5297
104.5128
104.5364
104.5195
104.5431
104.5263
104.5498
104.533
104.5566
104.5397
104.5633
104.5465
104.57
104.5532
104.5767
104.5599
104.5835
104.5667
104.5902
104.5734
104.5969
104.5801
104.6036
104.5869
104.6104
104.5936
104.6171
104.6003
104.6238
104.607
104.6305
104.6138
104.6372
104.6205
104.644
104.6272
104.6507
104.6339
104.6574
104.6407
104.6641
104.6474
104.6708
104.6541
104.6775
104.6609
104.6843
104.6676
104.691
104.6743
104.6977
104.6811
104.7044
104.6878
104.7112
104.6945
104.7179
104.7013
104.7246
104.708
104.7313
104.7147
104.7381
104.7215
104.7448
104.7282
104.7527
104.7349
104.7594
104.7417
104.7661
104.7484
104.7729
104.7551
104.7796
104.7619
104.7863
104.7686
104.793
104.7754
104.7998
104.7821
104.8065
104.7888
104.8132
104.7956
104.8199
104.8023
104.8267
104.809
104.8334
104.8158
104.8401
104.8225
104.8468
104.8292
104.8535
104.836
104.8603
104.8427
104.867
104.8494
104.8737
104.8562
104.8804
104.8629
104.8871
104.8697
104.8939
104.8764
104.9006
104.8831
104.9073
104.8899
104.914
104.8966
104.9208
104.9034
104.9275
104.9101
104.9342
104.9168
104.9409
104.9236
104.9476
104.9303
104.9544
104.937
104.9611
104.9438
104.9678
104.9505
104.9745
104.9572
104.9813
104.964
104.988
104.9707
104.9947
104.9775
105.0014
104.9842
105.0081
104.9909
105.0149
104.9977
105.0216
105.0044
105.0283
105.0111
105.035
105.0179
105.0417
105.0246
105.0485
105.0313
105.0552
105.038
105.0619
105.0448
105.0686
105.0515
105.0753
105.0583
105.0821
105.065
105.0888
105.0717
105.0955
105.0785
105.1022
105.0852
105.109
105.0919
105.1157
105.0987
105.1224
105.1054
105.1291
105.1121
105.1358
105.1189
105.1426
105.1256
105.1493
105.1323
105.156
105.1391
105.1627
105.1458
105.1694
105.1525
105.1762
105.1593
105.1829
105.166
105.1896
105.1728
105.1963
105.1795
105.2031
105.1862
105.2098
105.193
105.2165
105.1997
105.2232
105.2065
105.2299
105.2132
105.2367
105.2199
105.2434
105.2266
105.2501
105.2334
105.2568
105.2401
105.2635
105.2469
105.2703
105.2536
105.277
105.2603
105.2837
105.2671
105.2904
105.2738
105.2972
105.2805
105.3039
105.2873
105.3106
105.294
105.3173
105.3008
105.3241
105.3075
105.3308
105.3142
105.3375
105.3209
105.3442
105.3277
105.3509
105.3344
105.3577
105.3411
105.3644
105.3479
105.3711
105.3546
105.3778
105.3614
105.3846
105.3681
105.3913
105.3748
105.398
105.3815
105.4059
105.3883
105.4126
105.395
105.4193
105.4017
105.4261
105.4085
105.4328
105.4152
105.4395
105.4219
105.4462
105.4286
105.4529
105.4354
105.4597
105.4421
105.4664
105.4489
105.4731
105.4556
105.4799
105.4623
105.4866
105.469
105.4933
105.4758
105.5
105.4825
105.5067
105.4892
105.5135
105.496
105.5202
105.5027
105.5269
105.5095
105.5336
105.5162
105.5403
105.5229
105.5471
105.5296
105.5538
105.5364
105.5605
105.5431
105.5672
105.5499
105.574
105.5566
105.5807
105.5633
105.5874
105.5701
105.5941
105.5768
105.6008
105.5835
105.6076
105.5903
105.6143
105.597
105.621
105.6037
105.6277
105.6105
105.6344
105.6172
105.6412
105.6239
105.6479
105.6307
105.6546
105.6374
105.6613
105.6441
105.668
105.6509
105.6748
105.6576
105.6815
105.6643
105.6882
105.6711
105.6949
105.6778
105.7016
105.6845
105.7084
105.6913
105.7151
105.698
105.7218
105.7047
105.7285
105.7115
105.7352
105.7182
105.742
105.7249
105.7487
105.7317
105.7554
105.7384
105.7621
105.7451
105.7688
105.7519
105.7756
105.7586
105.7823
105.7653
105.789
105.7721
105.7957
105.7788
105.8025
105.7855
105.8092
105.7922
105.8159
105.799
105.8238
105.8057
105.8305
105.8124
105.8373
105.8192
105.844
105.8259
105.8507
105.8326
105.8574
105.8394
105.8641
105.8461
105.8709
105.8528
105.8776
105.8596
105.8843
105.8663
105.891
105.873
105.8978
105.8798
105.9045
105.8865
105.9112
105.8932
105.9179
105.9
105.9246
105.9067
105.9314
105.9134
105.9381
105.9202
105.9448
105.9269
105.9515
105.9336
105.9582
105.9404
105.965
105.9471
105.9717
105.9538
105.9784
105.9606
105.9851
105.9673
105.9918
105.9741
105.9986
105.9808
106.0053
105.9875
106.012
105.9943
106.0187
106.001
106.0254
106.0077
106.0322
106.0145
106.0389
106.0212
106.0456
106.0279
106.0523
106.0347
106.059
106.0414
106.0657
106.0481
106.0725
106.0549
106.0792
106.0616
106.0859
106.0683
106.0926
106.0751
106.0993
106.0818
106.1061
106.0885
106.1128
106.0953
106.1195
106.102
106.1262
106.1087
106.133
106.1155
106.1397
106.1222
106.1464
106.1289
106.1531
106.1357
106.1598
106.1424
106.1666
106.1491
106.1733
106.1559
106.18
106.1626
106.1867
106.1693
106.1935
106.1761
106.2002
106.1828
106.2069
106.1895
106.2136
106.1963
106.2203
106.203
106.2271
106.2097
106.2338
106.2165
106.2405
106.2232
106.2472
106.2299
106.2539
106.2366
106.2607
106.2434
106.2674
106.2501
106.2741
106.2568
106.2808
106.2635
106.2876
106.2703
106.2943
106.277
106.301
106.2837
106.3077
106.2905
106.3144
106.2972
106.3212
106.3039
106.3279
106.3107
106.3346
106.3174
106.3413
106.3241
106.348
106.3308
106.3548
106.3376
106.3615
106.3443
106.3682
106.351
106.3749
106.3577
106.3816
106.3645
106.3884
106.3712
106.3951
106.3779
106.4018
106.3847
106.4085
106.3914
106.4153
106.3981
106.422
106.4048
106.4287
106.4116
106.4354
106.4183
106.4421
106.425
106.4489
106.4317
106.4556
106.4385
106.4623
106.4452
106.469
106.4519
106.4757
106.4587
106.4825
106.4654
106.4892
106.4721
106.4959
106.4788
106.5026
106.4856
106.5093
106.4923
106.5161
106.499
106.5228
106.5058
106.5295
106.5125
106.5362
106.5192
106.5429
106.5259
106.5497
106.5327
106.5564
106.5394
106.5631
106.5462
106.5698
106.5529
106.5765
106.5596
106.5833
106.5664
106.59
106.5731
106.5967
106.5798
106.6034
106.5866
106.6102
106.5933
106.6169
106.6
106.6236
106.6068
106.6303
106.6135
106.637
106.6202
106.6438
106.627
106.6505
106.6337
106.6572
106.6404
106.6639
106.6472
106.6706
106.6539
106.6774
106.6606
106.6841
106.6674
106.6908
106.6741
106.6975
106.6808
106.7042
106.6876
106.711
106.6943
106.7177
106.701
106.7244
106.7078
106.7311
106.7145
106.7378
106.7212
106.7446
106.728
106.7513
106.7347
106.758
106.7414
106.7647
106.7482
106.7714
106.7549
106.7782
106.7617
106.7849
106.7684
106.7916
106.7751
106.7983
106.7818
106.805
106.7886
106.8118
106.7953
106.8185
106.802
106.8252
106.8088
106.8319
106.8155
106.8386
106.8222
106.8454
106.829
106.8521
106.8357
106.8588
106.8424
106.8655
106.8492
106.8722
106.8559
106.879
106.8626
106.8857
106.8693
106.8924
106.8761
106.8991
106.8828
106.9058
106.8895
106.9126
106.8963
106.9193
106.903
106.926
106.9097
106.9327
106.9165
106.9394
106.9232
106.9462
106.9299
106.9529
106.9367
106.9596
106.9434
106.9663
106.9501
106.9731
106.9569
106.9798
106.9636
106.9865
106.9703
106.9932
106.9771
106.9999
106.9838
107.0067
106.9905
107.0134
106.9973
107.0201
107.004
107.0268
107.0107
107.0335
107.0174
107.0403
107.0242
107.047
107.0309
107.0537
107.0376
107.0604
107.0444
107.0671
107.0511
107.0739
107.0578
107.0806
107.0646
107.0873
107.0713
107.094
107.078
107.1008
107.0847
107.1075
107.0915
107.1142
107.0982
107.1209
107.1049
107.1276
107.1117
107.1344
107.1184
107.1411
107.1252
107.1478
107.1319
107.1545
107.1386
107.1612
107.1453
107.168
107.1521
107.1747
107.1588
107.1814
107.1655
107.1881
107.1723
107.1948
107.179
107.2016
107.1857
107.2083
107.1925
107.215
107.1992
107.2217
107.2059
107.2284
107.2126
107.2352
107.2194
107.2419
107.2261
107.2486
107.2328
107.2553
107.2396
107.262
107.2463
107.2688
107.253
107.2755
107.2598
107.2822
107.2665
107.2889
107.2732
107.2956
107.28
107.3024
107.2867
107.3091
107.3001
107.317
107.3069
107.3237
107.3136
107.3305
107.3204
107.3372
107.3271
107.3439
107.3338
107.3506
107.3406
107.3573
107.3473
107.3641
107.354
107.3708
107.3608
107.3775
107.3675
107.3842
107.3742
107.391
107.381
107.3977
107.3877
107.4044
107.3944
107.4111
107.4012
107.4178
107.4079
107.4246
107.4146
107.4313
107.4214
107.438
107.4281
107.4447
107.4348
107.4514
107.4416
107.4582
107.4483
107.4649
107.455
107.4716
107.4618
107.4783
107.4685
107.485
107.4752
107.4918
107.482
107.4985
107.4887
107.5052
107.4954
107.5119
107.5022
107.5186
107.5089
107.5254
107.5156
107.5321
107.5224
107.5388
107.5291
107.5455
107.5358
107.5523
107.5426
107.559
107.5493
107.5657
107.556
107.5724
107.5628
107.5791
107.5695
107.5859
107.5762
107.5926
107.583
107.5993
107.5897
107.606
107.5964
107.6127
107.6031
107.6195
107.6099
107.6262
107.6166
107.6329
107.6234
107.6396
107.6301
107.6463
107.6368
107.6531
107.6435
107.6598
107.6503
107.6665
107.657
107.6732
107.6638
107.6799
107.6705
107.6866
107.6772
107.6934
107.684
107.7001
107.6907
107.7068
107.6974
107.7135
107.7041
107.7202
107.7109
107.727
107.7176
107.7337
107.7243
107.7404
107.7311
107.7471
107.7378
107.7539
107.7445
107.7606
107.7513
107.7673
107.758
107.774
107.7647
107.7807
107.7714
107.7874
107.7782
107.7942
107.7849
107.8009
107.7916
107.8076
107.7984
107.8143
107.8051
107.821
107.8118
107.8278
107.8186
107.8345
107.8253
107.8412
107.832
107.8479
107.8387
107.8546
107.8455
107.8614
107.8522
107.8681
107.8589
107.8748
107.8656
107.8815
107.8724
107.8882
107.8791
107.895
107.8858
107.9017
107.8926
107.9084
107.8993
107.9151
107.906
107.9218
107.9128
107.9286
107.9195
107.9353
107.9262
107.942
107.9329
107.9487
107.9397
107.9554
107.9464
107.9622
107.9531
107.9689
107.9598
107.9756
107.9666
107.9823
107.9733
107.989
107.98
107.9957
107.9867
108.0024
107.9935
108.0092
108.0002
108.0159
108.0069
108.0226
108.0137
108.0293
108.0204
108.036
108.0271
108.0428
108.0339
108.0495
108.0406
108.0562
108.0473
108.0629
108.054
108.0696
108.0608
108.0764
108.0675
108.0831
108.0742
108.0898
108.0809
108.0965
108.0877
108.1033
108.0944
108.11
108.1011
108.1167
108.1079
108.1234
108.1146
108.1301
108.1213
108.1369
108.1281
108.1436
108.1348
108.1503
108.1415
108.157
108.1482
108.1637
108.155
108.1705
108.1617
108.1772
108.1684
108.1839
108.1751
108.1906
108.1819
108.1973
108.1886
108.2041
108.1953
108.2108
108.2021
108.2175
108.2088
108.2242
108.2155
108.2309
108.2223
108.2377
108.229
108.2444
108.2357
108.2511
108.2424
108.2578
108.2492
108.2645
108.2559
108.2713
108.2626
108.278
108.2694
108.2847
108.2761
108.2914
108.2828
108.2981
108.2896
108.3049
108.2963
108.3116
108.303
108.3183
108.3098
108.3262
108.3165
108.3329
108.3232
108.3397
108.3299
108.3464
108.3367
108.3531
108.3434
108.3598
108.3501
108.3665
108.3568
108.3733
108.3636
108.38
108.3703
108.3867
108.377
108.3934
108.3838
108.4001
108.3905
108.4068
108.3972
108.4136
108.404
108.4203
108.4107
108.427
108.4174
108.4337
108.4241
108.4404
108.4309
108.4471
108.4376
108.4538
108.4443
108.4606
108.4511
108.4673
108.4578
108.474
108.4645
108.4807
108.4713
108.4874
108.478
108.4942
108.4847
108.5009
108.4915
108.5076
108.4982
108.5143
108.5049
108.521
108.5117
108.5278
108.5184
108.5345
108.5251
108.5412
108.5319
108.5479
108.5386
108.5546
108.5453
108.5613
108.552
108.5681
108.5588
108.5748
108.5655
108.5815
108.5723
108.5882
108.579
108.5949
108.5857
108.6017
108.5924
108.6084
108.5992
108.6151
108.6059
108.6218
108.6126
108.6285
108.6194
108.6353
108.6261
108.642
108.6328
108.6487
108.6396
108.6554
108.6463
108.6621
108.653
108.6689
108.6598
108.6756
108.6665
108.6823
108.6732
108.689
108.6799
108.6957
108.6867
108.7025
108.6934
108.7092
108.7001
108.7159
108.7068
108.7226
108.7136
108.7293
108.7203
108.7361
108.727
108.7428
108.7337
108.7495
108.7405
108.7562
108.7472
108.7629
108.754
108.7697
108.7607
108.7764
108.7674
108.7831
108.7741
108.7898
108.7809
108.7965
108.7876
108.8033
108.7943
108.81
108.8011
108.8167
108.8078
108.8234
108.8145
108.8301
108.8213
108.8368
108.828
108.8435
108.8347
108.8503
108.8415
108.857
108.8482
108.8637
108.8549
108.8704
108.8616
108.8771
108.8684
108.8839
108.8751
108.8906
108.8818
108.8973
108.8886
108.904
108.8953
108.9107
108.902
108.9175
108.9088
108.9242
108.9155
108.9309
108.9222
108.9376
108.929
108.9443
108.9357
108.951
108.9424
108.9578
108.9492
108.9645
108.9559
108.9712
108.9626
108.9779
108.9694
108.9846
108.9761
108.9913
108.9828
108.9981
108.9895
109.0048
108.9963
109.0115
109.003
109.0182
109.0097
109.025
109.0164
109.0317
109.0232
109.0384
109.0299
109.0451
109.0366
109.0518
109.0434
109.0586
109.0501
109.0653
109.0568
109.072
109.0635
109.0787
109.0703
109.0854
109.077
109.0922
109.0837
109.0989
109.0904
109.1056
109.0972
109.1123
109.1039
109.1191
109.1106
109.1258
109.1174
109.1325
109.1241
109.1392
109.1309
109.146
109.1376
109.1527
109.1443
109.1594
109.151
109.1661
109.1578
109.1728
109.1645
109.1795
109.1712
109.1863
109.178
109.193
109.1847
109.1997
109.1915
109.2064
109.1982
109.2131
109.2049
109.2199
109.2116
109.2266
109.2184
109.2333
109.2251
109.24
109.2318
109.2467
109.2386
109.2535
109.2453
109.2602
109.252
109.2669
109.2588
109.2736
109.2655
109.2803
109.2722
109.2871
109.279
109.2938
109.2857
109.3005
109.2924
109.3072
109.2992
109.3139
109.3059
109.3207
109.3126
109.3274
109.3194
109.3341
109.3261
109.3408
109.3328
109.3475
109.3396
109.3542
109.3463
109.361
109.353
109.3677
109.3597
109.3744
109.3665
109.3811
109.3732
109.3878
109.3799
109.3945
109.3867
109.4013
109.3934
109.408
109.4001
109.4147
109.4068
109.4214
109.4136
109.4281
109.4203
109.4349
109.427
109.4416
109.4337
109.4483
109.4405
109.455
109.4472
109.4617
109.4539
109.4685
109.4606
109.4764
109.4674
109.4831
109.4741
109.4898
109.4808
109.4965
109.4876
109.5032
109.4943
109.51
109.501
109.5167
109.5078
109.5234
109.5145
109.5301
109.5212
109.5368
109.528
109.5436
109.5347
109.5503
109.5414
109.557
109.5481
109.5637
109.5549
109.5704
109.5616
109.5772
109.5683
109.5839
109.5751
109.5906
109.5818
109.5973
109.5885
109.604
109.5953
109.6108
109.602
109.6175
109.6087
109.6242
109.6154
109.6309
109.6222
109.6376
109.6289
109.6444
109.6356
109.6511
109.6424
109.6578
109.6491
109.6645
109.6558
109.6712
109.6626
109.6779
109.6693
109.6847
109.676
109.6914
109.6827
109.6981
109.6895
109.7048
109.6962
109.7115
109.7029
109.7182
109.7097
109.725
109.7164
109.7317
109.7231
109.7384
109.7299
109.7451
109.7366
109.7518
109.7433
109.7586
109.75
109.7653
109.7568
109.772
109.7635
109.7787
109.7702
109.7855
109.777
109.7922
109.7837
109.7989
109.7904
109.8056
109.7971
109.8123
109.8039
109.8191
109.8106
109.8258
109.8173
109.8325
109.8241
109.8392
109.8308
109.8459
109.8375
109.8527
109.8442
109.8594
109.851
109.8661
109.8577
109.8728
109.8644
109.8796
109.8712
109.8863
109.8779
109.893
109.8846
109.8997
109.8914
109.9064
109.8981
109.9131
109.9048
109.9199
109.9116
109.9266
109.9183
109.9333
109.925
109.94
109.9317
109.9467
109.9385
109.9535
109.9452
109.9602
109.9519
109.9669
109.9587
109.9736
109.9721
109.9804
109.9789
109.9871
109.9856
109.9938
109.9923
110.0005
109.999
110.0072
110.0058
