10.00943
10.00992
10.01493
10.01549
10.02037
10.02103
10.02581
10.02782
10.03128
10.03337
10.03799
10.03891
10.04346
10.04446
10.04893
10.05
10.05443
10.05556
10.0599
10.06114
10.0654
10.06669
10.07093
10.07231
10.07645
10.07785
10.08198
10.08343
10.08747
10.089
10.09301
10.09459
10.09855
10.10017
10.10532
10.10577
10.1121
10.11136
10.11767
10.11696
10.1232
10.12256
10.12881
10.12811
10.13437
10.13374
10.13987
10.13933
10.14544
10.14489
10.151
10.15044
10.15654
10.156
10.16206
10.16156
10.16762
10.16711
10.17315
10.17391
10.1787
10.17946
10.1843
10.18507
10.18987
10.19067
10.19548
10.19628
10.20102
10.20188
10.20659
10.20866
10.21218
10.21425
10.21774
10.21985
10.22332
10.22544
10.22893
10.23102
10.23448
10.23665
10.24007
10.2422
10.24562
10.24785
10.25113
10.25343
10.25672
10.25904
10.26225
10.26463
10.26783
10.27025
10.27344
10.27586
10.27899
10.28148
10.28458
10.28714
10.29016
10.29273
10.29579
10.29838
10.30132
10.30395
10.30693
10.30951
10.31252
10.31515
10.31812
10.32071
10.32374
10.32631
10.3293
10.33192
10.33489
10.33749
10.34049
10.34309
10.34612
10.34872
10.35174
10.35437
10.35733
10.35998
10.36298
10.36562
10.3686
10.37128
10.37421
10.37692
10.37982
10.38251
10.3854
10.38813
10.39102
10.39373
10.39659
10.39936
10.40218
10.40493
10.40784
10.41052
10.41342
10.41609
10.419
10.42168
10.42453
10.42728
10.43018
10.43294
10.43575
10.43854
10.44135
10.44413
10.44693
10.44974
10.45254
10.45534
10.45812
10.46099
10.46495
10.46662
10.47058
10.47222
10.4762
10.47785
10.48179
10.48348
10.48744
10.48906
10.49301
10.4947
10.49864
10.50033
10.50425
10.50599
10.50988
10.51158
10.5155
10.51727
10.52108
10.52291
10.5267
10.52855
10.53227
10.53419
10.53786
10.53979
10.5435
10.54536
10.54915
10.55101
10.55479
10.55663
10.56041
10.56224
10.56599
10.56788
10.57162
10.57351
10.57722
10.57913
10.58289
10.58474
10.58855
10.59033
10.5942
10.596
10.59979
10.60168
10.60541
10.60729
10.611
10.61418
10.61663
10.61982
10.62229
10.62546
10.62796
10.63109
10.63362
10.63677
10.63925
10.6424
10.6449
10.6481
10.65055
10.65372
10.65618
10.65939
10.66185
10.66506
10.6675
10.67066
10.67311
10.67624
10.67881
10.68192
10.68445
10.68755
10.69018
10.69322
10.69578
10.70007
10.70144
10.70577
10.70706
10.71141
10.71276
10.71702
10.71961
10.72264
10.72522
10.72828
10.73089
10.73396
10.73656
10.73967
10.74225
10.74533
10.74794
10.75106
10.75363
10.75669
10.75927
10.76236
10.76498
10.76803
10.77063
10.77363
10.77627
10.77936
10.78197
10.78502
10.78761
10.79079
10.7933
10.79647
10.79893
10.80213
10.80464
10.80782
10.81031
10.81348
10.81603
10.81921
10.82175
10.82488
10.82748
10.83054
10.83321
10.8362
10.83886
10.84192
10.84457
10.8476
10.85024
10.85331
10.85597
10.85896
10.86166
10.86462
10.86737
10.87035
10.87307
10.87609
10.87879
10.88182
10.88449
10.88748
10.89022
10.89443
10.89594
10.90013
10.90168
10.90583
10.9074
10.91153
10.91314
10.91726
10.91883
10.923
10.92581
10.92877
10.93154
10.93452
10.93721
10.94022
10.94297
10.94595
10.94866
10.95169
10.9544
10.95745
10.96019
10.96322
10.96596
10.96899
10.97164
10.97472
10.97747
10.98051
10.98319
10.98629
10.98898
10.99207
10.99473
10.99786
11.00054
11.00365
11.00633
11.00941
11.01206
11.01521
11.01789
11.02102
11.02369
11.02686
11.02943
11.03384
11.03517
11.03971
11.04107
11.04548
11.04685
11.05127
11.05274
11.05712
11.05856
11.06291
11.06432
11.06876
11.07027
11.07459
11.07613
11.08045
11.08201
11.08628
11.08789
11.09208
11.09378
11.09801
11.09963
11.10381
11.1055
11.10962
11.11132
11.11544
11.1172
11.12129
11.123
11.12719
11.12891
11.13309
11.13475
11.139
11.14061
11.14495
11.14662
11.15088
11.15254
11.15678
11.15846
11.16279
11.16446
11.16867
11.17036
11.17461
11.17634
11.18065
11.18234
11.18661
11.18828
11.19265
11.1943
11.19866
11.20029
11.20462
11.20625
11.21071
11.21222
11.21669
11.21817
11.22287
11.22424
11.22904
11.23022
11.23504
11.2363
11.2411
11.2423
11.2472
11.24834
11.25328
11.25451
11.25941
11.2605
11.26549
11.26664
11.27158
11.27274
11.27778
11.28001
11.28397
11.28616
11.28999
11.29241
11.29618
11.29852
11.30239
11.30469
11.30859
11.31074
11.31468
11.31694
11.32099
11.32321
11.32711
11.32935
11.33331
11.33548
11.33951
11.34162
11.34566
11.3479
11.35194
11.35399
11.35822
11.36023
11.36441
11.36625
11.37073
11.37238
11.3769
11.37856
11.3832
11.3848
11.39056
11.39101
11.39676
11.3972
11.40303
11.40461
11.40923
11.41072
11.41545
11.41703
11.42173
11.42329
11.42797
11.42952
11.43421
11.4357
11.4404
11.44209
11.44676
11.44839
11.45412
11.45469
11.46037
11.46101
11.46667
11.46731
11.47293
11.47365
11.47927
11.47994
11.48551
11.4862
11.4918
11.49265
11.49809
11.49882
11.50445
11.50532
11.51073
11.51187
11.51734
11.51837
11.52368
11.52502
11.53017
11.53171
11.53677
11.53819
11.54332
11.54491
11.54991
11.55155
11.55663
11.55822
11.56336
11.56495
11.56999
11.57167
11.57672
11.57839
11.58344
11.58511
11.59017
11.59183
11.59689
11.59855
11.60362
11.60527
11.61034
11.61199
11.61707
11.61872
11.62379
11.62544
11.63051
11.63217
11.63724
11.63889
11.64396
11.64561
11.65069
11.65234
11.65741
11.65906
11.66413
11.66578
11.67085
11.6725
11.67757
11.67922
11.6843
11.68595
11.69102
11.69267
11.69775
11.69939
11.70448
11.70612
11.7112
11.71284
11.71793
11.71956
11.72465
11.7275
11.73138
11.74094
11.7381
11.74767
11.74483
11.75439
11.75156
11.76111
11.75828
11.76783
11.765
11.77455
11.77173
11.78127
11.77845
11.788
11.7864
11.79472
11.79313
11.80145
11.79985
11.80816
11.80657
11.81489
11.8133
11.82161
11.82002
11.82833
11.82674
11.83506
11.83347
11.84178
11.84019
11.84851
11.84692
11.85522
11.85364
11.86195
11.86036
11.86867
11.86709
11.87539
11.87381
11.8833
11.88054
11.89002
11.88726
11.89673
11.89399
11.90345
11.90071
11.91017
11.90744
11.91689
11.91416
11.92362
11.92089
11.93034
11.92761
11.93706
11.93433
11.94378
11.94106
11.9505
11.94779
11.95722
11.95451
11.96394
11.96123
11.97065
11.96796
11.97737
11.97468
11.98409
11.9814
11.9908
11.98812
11.99752
11.99485
12.00424
12.00157
12.01096
12.0083
12.01768
12.01502
12.0244
12.02175
12.03112
12.02847
12.03785
12.03519
12.04457
12.04191
12.05129
12.04864
12.05801
12.05536
12.06474
12.06208
12.07146
12.06881
12.07819
12.07553
12.0849
12.08226
12.09162
12.08898
12.10119
12.09571
12.10791
12.10243
12.11463
12.10915
12.12135
12.11587
12.12807
12.1226
12.1348
12.12933
12.14152
12.13605
12.14824
12.14278
12.15497
12.1495
12.16169
12.15622
12.1684
12.16295
12.17513
12.16967
12.18185
12.17639
12.18857
12.18312
12.19529
12.18984
12.20201
12.19657
12.20873
12.20329
12.21544
12.21002
12.22217
12.21674
12.22889
12.22346
12.23561
12.23019
12.24233
12.23691
12.24905
12.24364
12.25577
12.25036
12.26249
12.25708
12.26921
12.26381
12.27593
12.27053
12.28266
12.27725
12.28937
12.28398
12.2961
12.2907
12.30282
12.29743
12.30954
12.30415
12.31626
12.31088
12.32299
12.3176
12.32971
12.32433
12.33643
12.33105
12.34315
12.33778
12.34987
12.3445
12.3566
12.35123
12.36332
12.35795
12.37004
12.36466
12.37676
12.37138
12.38348
12.3781
12.3902
12.38482
12.39693
12.39154
12.40365
12.39826
12.41036
12.40499
12.41709
12.41171
12.42381
12.41844
12.43053
12.42516
12.43725
12.43189
12.44398
12.43861
12.4507
12.44534
12.45742
12.45206
12.46414
12.45878
12.47087
12.4655
12.47759
12.47222
12.48432
12.47894
12.49104
12.48566
12.49776
12.49238
12.50448
12.4991
12.5112
12.50581
12.51793
12.51254
12.52465
12.51926
12.53136
12.52598
12.53808
12.5327
12.54481
12.53943
12.55153
12.54615
12.55825
12.55288
12.56498
12.55961
12.5717
12.56633
12.57842
12.57305
12.58514
12.57978
12.59305
12.5865
12.59977
12.59323
12.60649
12.59995
12.61321
12.60667
12.61994
12.6134
12.62666
12.62012
12.63338
12.62685
12.6401
12.63357
12.64682
12.6403
12.65355
12.64703
12.66027
12.65375
12.667
12.66165
12.67372
12.66837
12.68044
12.67509
12.68716
12.68182
12.69389
12.68855
12.70061
12.69527
12.70733
12.70199
12.71406
12.70871
12.72079
12.71544
12.72751
12.72216
12.73423
12.72888
12.74095
12.73561
12.74768
12.74233
12.7544
12.74906
12.76112
12.75578
12.76785
12.7625
12.77457
12.76923
12.78129
12.77595
12.78802
12.78268
12.79474
12.7894
12.80146
12.79613
12.80818
12.80285
12.81491
12.80958
12.82163
12.8163
12.82836
12.82303
12.83508
12.82976
12.8418
12.83649
12.84852
12.84322
12.85524
12.84994
12.86196
12.85667
12.86868
12.86339
12.8754
12.87012
12.88213
12.87685
12.88885
12.88357
12.89557
12.8903
12.9023
12.89703
12.90902
12.90375
12.91574
12.91048
12.92246
12.91721
12.92919
12.92393
12.9371
12.93066
12.94382
12.93739
12.95055
12.94411
12.95727
12.95084
12.96399
12.95757
12.97072
12.96548
12.97744
12.9722
12.98417
12.97892
12.99089
12.98565
12.99761
12.99238
13.00434
12.99911
13.01107
13.00584
13.01779
13.01257
13.02451
13.01929
13.03124
13.02602
13.03796
13.03275
13.04469
13.03947
13.05142
13.04619
13.05815
13.05292
13.06487
13.05965
13.0716
13.06637
13.07832
13.0731
13.08504
13.07983
13.09175
13.08656
13.09848
13.09329
13.1052
13.10001
13.11193
13.10674
13.11865
13.11347
13.12538
13.1202
13.1321
13.12693
13.13883
13.13365
13.14555
13.14038
13.15227
13.1471
13.15899
13.15383
13.16573
13.16056
13.17244
13.16729
13.17917
13.17402
13.18589
13.18074
13.1926
13.18747
13.19933
13.1942
13.20606
13.20093
13.21278
13.20765
13.21951
13.21438
13.22623
13.22111
13.23296
13.22783
13.23969
13.23456
13.24641
13.24129
13.25314
13.24801
13.25986
13.25474
13.26659
13.26147
13.27331
13.2682
13.28004
13.27493
13.28676
13.28165
13.29349
13.28838
13.30021
13.29511
13.30694
13.30184
13.31367
13.30857
13.3204
13.31529
13.32712
13.32202
13.33385
13.32994
13.34058
13.33666
13.3473
13.34338
13.35403
13.35011
13.36076
13.35684
13.36748
13.36357
13.37421
13.3703
13.38093
13.37702
13.38766
13.38375
13.39439
13.39048
13.40111
13.39721
13.40783
13.40394
13.41456
13.41066
13.42129
13.41739
13.42801
13.42412
13.43474
13.43085
13.44147
13.43758
13.44819
13.44431
13.45492
13.45103
13.46163
13.45776
13.46836
13.46449
13.47509
13.47122
13.48181
13.47795
13.48854
13.48467
13.49526
13.4914
13.50199
13.49813
13.50872
13.50486
13.51544
13.51159
13.52217
13.51832
13.5289
13.52505
13.53563
13.53178
13.54235
13.5385
13.54908
13.54523
13.55579
13.55196
13.56251
13.55868
13.56924
13.56541
13.57596
13.57213
13.58268
13.57886
13.58941
13.58559
13.59614
13.59232
13.60286
13.59904
13.60959
13.60577
13.61631
13.6125
13.62304
13.61923
13.62977
13.62596
13.63649
13.63269
13.64321
13.63942
13.64993
13.64615
13.65666
13.65287
13.66339
13.6596
13.67011
13.66633
13.67684
13.67306
13.68357
13.6798
13.69029
13.68652
13.69702
13.69325
13.70375
13.69998
13.71048
13.70671
13.71721
13.71344
13.72393
13.72017
13.73066
13.7269
13.73738
13.73363
13.74411
13.74036
13.75084
13.74709
13.75756
13.75382
13.76429
13.76055
13.77102
13.76727
13.77775
13.774
13.78448
13.78073
13.79492
13.78746
13.80164
13.79419
13.80837
13.80091
13.8151
13.80765
13.82183
13.81437
13.82855
13.82111
13.83527
13.82784
13.842
13.83457
13.84872
13.8413
13.85545
13.84803
13.86217
13.85476
13.8689
13.86149
13.87562
13.86822
13.88357
13.87495
13.89029
13.88168
13.89702
13.88841
13.90376
13.89514
13.91049
13.90187
13.91721
13.9086
13.92394
13.91533
13.93067
13.92206
13.9374
13.9288
13.94412
13.93553
13.95085
13.94348
13.95758
13.9502
13.9643
13.95693
13.97103
13.96367
13.97776
13.9704
13.98449
13.97713
13.99121
13.98386
13.99794
13.99059
14.00467
13.99733
14.01139
14.00406
14.01812
14.01079
14.02484
14.01752
14.03156
14.02425
14.03829
14.03098
14.04502
14.03771
14.05175
14.04444
14.05848
14.05117
14.0652
14.05791
14.07193
14.06464
14.07866
14.07137
14.08539
14.0781
14.09211
14.08484
14.09883
14.09157
14.10556
14.0983
14.11229
14.10503
14.11902
14.11177
14.12575
14.1185
14.13247
14.12524
14.1392
14.13197
14.14593
14.1387
14.15386
14.14544
14.16059
14.15217
14.16731
14.1589
14.17404
14.16564
14.18367
14.17236
14.19039
14.17909
14.19712
14.18582
14.20385
14.19255
14.21057
14.19928
14.2185
14.20601
14.22522
14.21274
14.23195
14.22067
14.23868
14.2274
14.24541
14.23413
14.25214
14.24086
14.25887
14.24759
14.2656
14.25432
14.27232
14.26105
14.27905
14.26898
14.28577
14.27571
14.29249
14.28244
14.29922
14.28916
14.30594
14.2959
14.31266
14.30263
14.31939
14.30936
14.32612
14.31609
14.33284
14.32283
14.33958
14.32955
14.34631
14.33628
14.35304
14.343
14.35977
14.34973
14.3665
14.35645
14.37323
14.36318
14.37996
14.3699
14.38669
14.37663
14.39342
14.38336
14.40015
14.39009
14.41361
14.39682
14.42034
14.40355
14.42707
14.41028
14.4338
14.41701
14.44053
14.42494
14.44726
14.43167
14.45398
14.4384
14.46071
14.44513
14.46744
14.45187
14.47416
14.45859
14.48089
14.46532
14.48762
14.47206
14.49434
14.47878
14.50107
14.48551
14.5078
14.49225
14.51453
14.49898
14.52126
14.50572
14.52799
14.51245
14.53472
14.51918
14.54144
14.52591
14.55185
14.53265
14.55857
14.53938
14.5653
14.54732
14.57203
14.55405
14.57876
14.56078
14.58549
14.56752
14.59221
14.57543
14.59894
14.58334
14.60567
14.59007
14.61239
14.5968
14.61911
14.60353
14.62584
14.61146
14.63257
14.61819
14.6393
14.62492
14.64722
14.63165
14.65394
14.63956
14.66067
14.64629
14.67412
14.65302
14.6837
14.65975
14.69043
14.66648
14.69716
14.6732
14.70389
14.68278
14.71062
14.6895
14.71735
14.69623
14.72408
14.70297
14.73081
14.7097
14.73754
14.71643
14.74428
14.72316
14.75101
14.7299
14.75773
14.73663
14.76446
14.74336
14.77119
14.7513
14.77911
14.75923
14.78584
14.76596
14.80297
14.77269
14.8097
14.77942
14.81642
14.78614
14.82315
14.79287
14.82988
14.80081
14.83661
14.80754
14.84333
14.81427
14.85006
14.821
14.8568
14.82773
14.86353
14.83446
14.87026
14.84119
14.87699
14.84793
14.88372
14.85466
14.89045
14.86139
14.89718
14.86812
14.90391
14.87485
14.91064
14.8828
14.91737
14.88953
14.92532
14.89627
14.93205
14.903
14.93878
14.91093
14.95224
14.91766
14.96018
14.92439
14.9669
14.93112
14.98036
14.93785
14.99382
14.94459
15.0085
14.95254
15.02478
14.95926
15.03824
14.966
15.04498
14.97273
15.05845
14.98068
15.06518
14.9874
15.07192
14.99413
15.07865
15.00087
15.08538
15.0076
15.09331
15.01434
15.10004
15.02107
15.10677
15.0278
15.1147
15.04073
15.12143
15.04746
15.12816
15.05419
15.13489
15.06093
15.14162
15.07134
15.14835
15.07807
15.16125
15.0848
15.16798
15.09523
15.17471
15.10207
15.18427
15.10881
15.19219
15.11554
15.19892
15.12346
15.20565
15.1339
15.21358
15.14063
15.22031
15.14736
15.22704
15.1541
15.24844
15.16453
15.25637
15.17126
15.2631
15.178
15.26983
15.18473
15.27656
15.19146
15.28697
15.19819
15.29489
15.20492
15.30162
15.21533
15.31508
15.22207
15.32181
15.2288
15.32854
15.23553
15.33527
15.24226
15.342
15.24899
15.34873
15.25573
15.35546
15.26246
15.3622
15.26919
15.36893
15.27592
15.37687
15.28637
15.38481
15.29311
15.39155
15.29984
15.39827
15.31025
15.40868
15.31698
15.42214
15.32372
15.43561
15.33045
15.44853
15.33718
15.46689
15.34674
15.48034
15.35468
15.48707
15.37008
15.4938
15.37681
15.50052
15.38725
15.50725
15.39398
15.51399
15.40072
15.52072
15.40745
15.52746
15.41419
15.53419
15.42092
15.54765
15.42766
15.55806
15.43439
15.56479
15.44481
15.57152
15.45154
15.58194
15.45828
15.58867
15.46501
15.5954
15.47175
15.60213
15.47848
15.61504
15.48522
15.62177
15.49195
15.6285
15.50735
15.63644
15.51408
15.64934
15.52082
15.65607
15.53375
15.6628
15.54048
15.67076
15.54721
15.67749
15.55515
15.68415
15.56557
15.6943
15.57331
15.70064
15.5809
15.70696
15.58834
15.7132
15.5973
15.723
15.60458
15.72908
15.61059
15.7351
15.61656
15.74119
15.62377
15.74724
15.62977
15.75445
15.63573
15.76048
15.64169
15.76653
15.64771
15.77381
15.65378
15.78124
15.66109
15.78744
15.66724
15.79376
15.67345
15.80007
15.6797
15.80644
15.68602
15.81295
15.69243
15.81952
15.7001
15.82616
15.70671
15.83653
15.71334
15.84326
15.72128
15.85
15.72922
15.85672
15.73595
15.86345
15.74269
15.87138
15.74942
15.87811
15.75616
15.88484
15.76818
15.89157
15.77491
15.8983
15.78165
15.90504
15.78838
15.91177
15.80131
15.9185
15.80805
15.93196
15.81478
15.9387
15.82152
15.94543
15.83441
15.9589
15.84114
15.97356
15.84788
16.0477
15.8658
16.05444
15.87374
16.06117
15.88418
16.0716
15.89211
16.07833
15.90004
16.09298
15.91045
16.10257
15.91718
16.11841
15.92391
16.12632
15.93848
16.13305
15.9452
16.14847
15.95193
16.15639
15.95866
16.17638
15.96523
16.18689
15.97175
16.19995
15.98312
16.21014
15.98956
16.21787
15.99596
16.22557
16.00597
16.23331
16.01229
16.23981
16.01857
16.24631
16.03358
16.26398
16.04107
16.27051
16.06605
16.27702
16.07237
16.29716
16.07869
16.30363
16.09369
16.31007
16.10001
16.32274
16.10636
16.32919
16.11641
16.33573
16.12275
16.34228
16.12906
16.35165
16.13535
16.37122
16.14538
16.38901
16.15165
16.39544
16.15792
16.40181
16.16425
16.41934
16.17665
16.42567
16.1829
16.4419
16.20028
16.44934
16.2065
16.46166
16.2127
16.46784
16.23506
16.474
16.24246
16.48139
16.25735
16.49629
16.26357
16.50364
16.27097
16.50983
16.27842
16.51603
16.28463
16.52585
16.29083
16.53313
16.30688
16.54041
16.31299
16.55016
16.31904
16.55738
16.32627
16.56704
16.33348
16.57917
16.33952
16.58514
16.34838
16.61231
16.3544
16.62864
16.36041
16.63587
16.38512
16.66819
16.39985
16.67561
16.41718
16.69461
16.42329
16.70083
16.45475
16.72082
16.46216
16.727
16.49458
16.73321
16.50083
16.7506
16.50704
16.75677
16.52112
16.76307
16.52737
16.77288
16.53364
16.78019
16.55101
16.78753
16.55714
16.79733
16.56323
16.80463
16.58046
16.81932
16.59019
16.85324
16.62388
16.85908
16.62972
16.86492
16.63552
16.87694
16.66481
16.88274
16.67049
16.88852
16.69318
16.89429
16.69874
16.90375
16.70427
16.90946
16.72095
16.92136
16.72765
16.92706
16.73314
16.93274
16.7473
16.95457
16.75396
16.96019
16.77723
16.98451
16.78268
16.99384
16.78812
17.00064
16.81976
17.01875
16.82525
17.02439
16.83072
17.03
16.85825
17.05438
16.86664
17.08669
16.89732
17.11272
16.9029
17.11847
16.90849
17.15368
16.93784
17.15944
16.94343
17.2004
16.97351
17.22244
16.97919
17.22828
16.98486
17.23413
17.00401
17.24376
17.00971
17.2704
17.01545
17.28757
17.04241
17.29491
17.04942
17.30481
17.05895
17.32106
17.07352
17.33358
17.08062
17.34747
17.09766
17.36507
17.10549
17.39012
17.13507
17.40001
17.14461
17.41735
17.1717
17.42964
17.17997
17.46954
17.20963
17.49946
17.21558
17.50683
17.22157
17.53092
17.24627
17.53715
17.25221
17.56345
17.25818
17.58621
17.28455
17.60869
17.30409
17.61778
17.32728
17.62523
17.33667
17.63512
17.35748
17.65221
17.36419
17.68152
17.3734
17.69028
17.39022
17.71941
17.39563
17.72603
17.40104
17.7651
17.41761
17.77048
17.45412
17.77587
17.4738
17.81255
17.512
17.83291
17.5379
17.84211
17.57119
17.87797
17.57799
17.88474
17.61729
17.89403
17.64314
17.91335
17.66723
17.9227
17.67654
17.95111
17.70243
17.95804
17.70813
17.96749
17.71389
17.98449
17.73331
17.9939
17.73906
18.02081
17.74479
18.02941
17.75917
18.05338
17.77977
18.06288
17.78671
18.09221
17.81851
18.12383
17.82533
18.13321
17.85413
18.17249
17.8626
18.20181
17.90188
18.23685
17.93924
18.25357
17.97492
18.27801
18.01336
18.2847
18.03501
18.30886
18.04047
18.31553
18.04595
18.3522
18.08098
18.38519
18.08647
18.39447
18.12732
18.47395
18.16574
18.50859
18.20247
18.54597
18.23577
18.58136
18.27188
18.64858
18.30884
18.65427
18.34688
18.69172
18.38256
18.71504
18.39168
18.72175
18.4283
18.75094
18.43372
18.76004
18.43916
18.79614
18.47685
18.82397
18.50964
18.84999
18.53436
18.86079
18.56894
18.8993
18.57784
18.92974
18.61057
18.95119
18.63679
18.95758
18.67384
18.98636
18.70571
18.99279
18.7391
19.02184
18.74808
19.06033
18.75704
19.06677
18.78276
19.09926
18.79037
19.13399
18.81174
19.16982
18.81814
19.17782
18.85294
19.19919
18.87363
19.20807
18.87881
19.23843
18.90774
19.24363
18.91291
19.24883
18.91811
19.27408
18.94457
19.28984
18.94978
19.31229
18.97019
19.34133
18.97666
19.34784
19.00513
19.37506
19.02522
19.38167
19.0615
19.41815
19.08822
19.45235
19.12696
19.48941
19.16598
19.52018
19.19602
19.5583
19.20332
19.5648
19.23982
19.60308
19.27069
19.62942
19.27749
19.63591
19.31231
19.67142
19.3213
19.70316
19.35681
19.73472
19.39232
19.76579
19.42865
19.79868
19.46822
19.83355
19.50321
19.8678
19.53899
19.90363
19.57107
19.93324
19.58018
19.96595
19.60832
19.97257
19.63912
20.00376
19.66473
20.04128
19.70126
20.08054
19.73831
20.11441
19.77276
20.14708
19.80971
20.18118
19.83903
20.21671
19.87655
20.2547
19.91023
20.26023
19.94543
20.29666
19.98296
20.33413
20.01976
20.36103
20.05684
20.39411
20.09111
20.42873
20.12715
20.46281
20.1643
20.49919
20.1988
20.53709
20.23742
20.57474
20.27416
20.60859
20.31251
20.64322
20.34674
20.67892
20.35588
20.71242
20.39195
20.71905
20.42966
20.75204
20.43874
20.77406
20.47463
20.81128
20.49752
20.84374
20.53459
20.87807
20.57021
20.91325
20.60303
20.94198
20.63698
20.97811
20.66146
20.98716
20.6951
21.0222
20.73228
21.05897
20.76788
21.09515
20.79854
21.12123
20.80755
21.15513
20.84169
21.18567
20.86869
21.22654
20.87405
21.26185
20.90812
21.29874
20.94519
21.33376
20.98188
21.36965
21.01594
21.40454
21.04711
21.43935
21.08462
21.4781
21.11952
21.51369
21.15734
21.5467
21.18316
21.55589
21.21436
21.57886
21.22345
21.61362
21.26044
21.6512
21.2936
21.66037
21.32061
21.69532
21.35625
21.72072
21.3895
21.72982
21.41525
21.75915
21.4484
21.79119
21.47973
21.82699
21.51451
21.8609
21.54922
21.89918
21.58148
21.93359
21.64627
21.966
21.68775
22.00205
21.72032
22.03357
21.75235
22.07094
21.77017
22.10693
21.80171
22.14444
21.84082
22.18194
21.87388
22.21797
21.90442
22.25541
21.94051
22.28696
21.97681
22.31974
22.00807
22.35622
22.05238
22.39273
22.08703
22.42966
22.11759
22.46663
22.1607
22.49917
22.22797
22.53829
22.2576
22.57175
22.29586
22.6081
22.3318
22.64471
22.36999
22.68119
22.40447
22.7194
22.45338
22.75656
22.50417
22.79153
22.531
22.81674
22.54002
22.85409
22.57655
22.88717
22.61423
22.92306
22.64709
22.95649
22.68375
22.99382
22.75273
23.02708
22.79079
23.06392
22.82423
23.101
22.85502
23.13124
22.86034
23.16467
22.90222
23.20003
22.93416
23.23507
22.96781
23.26848
22.99496
23.29909
23.02776
23.33698
23.06446
23.35203
23.07341
23.38718
23.10652
23.42521
23.13434
23.46277
23.168
23.49651
23.20247
23.53317
23.22984
23.5423
23.25743
23.57886
23.29071
23.61362
23.32387
23.64372
23.35904
23.67917
23.39337
23.68821
23.42981
23.72319
23.50351
23.73214
23.53291
23.76285
23.54051
23.7908
23.57256
23.82272
23.60145
23.85043
23.62909
23.88683
23.66592
23.91146
23.67488
23.91788
23.70145
23.95696
23.73039
23.99003
23.76044
24.02165
23.79556
24.05878
23.83056
24.09207
23.8697
24.12723
23.90499
24.16058
23.93697
24.19686
23.96977
24.22644
24.003
24.26027
24.04233
24.29586
24.07905
24.33246
24.11271
24.362
24.14913
24.39652
24.18085
24.40178
24.21992
24.40703
24.25298
24.44339
24.28738
24.47822
24.32
24.51293
24.35587
24.55215
24.38615
24.58586
24.41691
24.62018
24.42585
24.65473
24.46368
24.68882
24.49434
24.72019
24.52714
24.75622
24.56204
24.79086
24.59302
24.82412
24.6304
24.85597
24.66099
24.88744
24.69672
24.89633
24.70188
24.93242
24.70706
24.96491
24.74048
24.99915
24.78165
25.0348
24.81319
25.06195
24.84326
25.09623
24.87638
25.12863
24.90716
25.15494
24.94423
25.17803
24.98084
25.20877
25.01334
25.24468
25.04813
25.27519
25.08003
25.30951
25.11692
25.34034
25.15307
25.36699
25.18582
25.3992
25.22199
25.43108
25.25459
25.46502
25.28706
25.50052
25.32223
25.53445
25.33129
25.56293
25.36126
25.59731
25.39431
25.63455
25.43068
25.66905
25.46305
25.70267
25.48749
25.73315
25.51963
25.76962
25.55498
25.79764
25.58751
25.83452
25.62319
25.86083
25.69214
25.89672
25.72526
25.9256
25.75625
25.95121
25.78937
25.98171
25.82164
25.99067
25.85885
26.02625
25.8889
26.06013
25.89527
26.09329
25.92747
26.12716
25.95255
26.16131
25.97965
26.18767
25.98855
26.19442
26.01962
26.21343
26.02847
26.21975
26.06486
26.25377
26.08663
26.27158
26.11404
26.28038
26.13811
26.30725
26.14688
26.33018
26.18361
26.33901
26.18992
26.3768
26.22713
26.41195
26.25704
26.44368
26.29116
26.47583
26.31806
26.51365
26.32564
26.54606
26.35546
26.58245
26.38744
26.59134
26.41989
26.62313
26.45495
26.65747
26.48808
26.6931
26.49325
26.72588
26.49842
26.76148
26.53115
26.7942
26.56561
26.82848
26.59895
26.86384
26.63457
26.89651
26.67078
26.90536
26.69817
26.93297
26.72651
26.93936
26.73287
26.97389
26.75338
27.00198
26.77782
27.0102
26.7903
27.03989
26.7967
27.0624
26.82564
27.0933
26.84986
27.11986
26.88504
27.14611
26.91537
27.1789
26.9401
27.21557
26.94899
27.24121
26.98577
27.25013
26.99471
27.27505
27.03159
27.2815
27.06691
27.31066
27.10115
27.33211
27.13062
27.34107
27.16262
27.36816
27.18629
27.40546
27.21468
27.43265
27.24944
27.47027
27.28591
27.50617
27.32304
27.53947
27.35938
27.54712
27.39194
27.58521
27.42218
27.61968
27.45523
27.65337
27.4878
27.68506
27.52413
27.72045
27.55601
27.75662
27.58451
27.78803
27.60974
27.82329
27.66728
27.85492
27.70485
27.89087
27.71121
27.91996
27.73006
27.9264
27.73895
27.9618
27.76411
27.97692
27.78671
28.00211
27.81352
28.02993
27.84531
28.06274
27.87886
28.09482
27.90324
28.12958
27.93633
28.16064
27.96973
28.19414
28.0027
28.22379
28.03815
28.25656
28.06834
28.29164
28.09697
28.32361
28.13728
28.35162
28.17115
28.37749
28.18873
28.40607
28.19762
28.42739
28.22975
28.43513
28.26219
28.4645
28.29406
28.50102
28.31929
28.53522
28.3542
28.54279
28.38011
28.57764
28.4156
28.61337
28.44911
28.64306
28.47948
28.67506
28.51135
28.70137
28.53072
28.72143
28.55345
28.72785
28.5624
28.75447
28.58019
28.78225
28.61798
28.8161
28.64563
28.85196
28.68294
28.88601
28.71591
28.91669
28.75043
28.953
28.78516
28.98709
28.81905
29.02078
28.84804
29.05478
28.88234
29.0857
28.91897
29.11529
28.95005
29.12431
28.95907
29.15824
28.99175
29.19579
29.02391
29.22824
29.05723
29.25946
29.088
29.29262
29.10976
29.32272
29.14262
29.35784
29.1646
29.39166
29.19407
29.42783
29.22609
29.45747
29.26332
29.49154
29.29906
29.5244
29.33168
29.55972
29.37026
29.59855
29.40405
29.63624
29.44283
29.66908
29.47976
29.70534
29.51435
29.73668
29.54738
29.77028
29.57837
29.8031
29.6139
29.83355
29.64926
29.87037
29.68329
29.90508
29.71501
29.9401
29.74831
29.97437
29.77845
30.00883
29.81019
30.04193
29.84338
30.07698
29.86414
30.11224
29.90087
30.14594
29.93593
30.17624
29.97107
30.20532
30.00508
30.22671
30.04286
30.25726
30.07522
30.29041
30.10611
30.32347
30.13743
30.35212
30.16967
30.38918
30.20791
30.42237
30.2463
30.45839
30.27363
30.49361
30.28007
30.52949
30.31426
30.56232
30.34999
30.59595
30.38313
30.62818
30.41718
30.66306
30.45455
30.69614
30.48359
30.7277
30.51758
30.76242
30.55124
30.79804
30.58965
30.83433
30.62292
30.86264
30.65561
30.8964
30.69103
30.93022
30.72532
30.96643
30.75132
30.99113
30.76785
31.02395
30.78809
31.06057
30.79445
31.0922
30.81832
31.12608
30.85098
31.16087
30.88414
31.19866
30.91694
31.23204
30.95483
31.26909
30.99007
31.30225
31.02519
31.31122
31.06008
31.34484
31.09468
31.377
31.13159
31.40625
31.16281
31.44275
31.19566
31.47262
31.22951
31.49832
31.26283
31.53595
31.29939
31.56588
31.33507
31.5985
31.36565
31.63392
31.40079
31.67211
31.43693
31.70704
31.47366
31.73835
31.51056
31.77089
31.54445
31.80749
31.58242
31.84529
31.61992
31.88205
31.65646
31.92055
31.69412
31.95434
31.73121
31.98789
31.76321
32.02439
31.80069
32.05682
31.83656
32.08978
31.87196
32.12622
31.90569
32.16212
31.9386
32.19688
31.97568
32.23323
32.01015
32.26437
32.04541
32.29869
32.07672
32.33159
32.10942
32.35971
32.1453
32.39237
32.17911
32.42744
32.21284
32.46293
32.24285
32.49475
32.24921
32.50367
32.28264
32.53424
32.32045
32.54311
32.35552
32.58077
32.39036
32.61586
32.42879
32.64977
32.46248
32.68528
32.49417
32.714
32.5295
32.74783
32.56643
32.78418
32.60052
32.81778
32.63631
32.85337
32.67061
32.88979
32.70239
32.91975
32.73729
32.95667
32.77506
32.9944
32.81269
33.03136
32.84691
33.06952
32.87878
33.1017
32.91686
33.1373
32.95286
33.17309
32.98446
33.20938
33.01998
33.24372
33.05785
33.2767
33.09132
33.30943
33.1204
33.34139
33.15343
33.37185
33.18503
33.40746
33.22145
33.43774
33.24938
33.47098
33.2848
33.50816
33.35737
33.54427
33.36491
33.56853
33.39417
33.57608
33.40299
33.60841
33.43308
33.63628
33.46104
33.67136
33.48675
33.70433
33.55295
33.73981
33.58954
33.77643
33.62819
33.7816
33.66421
33.81313
33.70071
33.85037
33.737
33.88685
33.76957
33.92317
33.80463
33.9576
33.84179
33.99097
33.87984
34.02805
33.91394
34.06248
33.94313
34.09685
33.9746
34.12937
34.01069
34.16096
34.04284
34.19389
34.07934
34.22926
34.11192
34.25819
34.1498
34.26705
34.18058
34.30088
34.18943
34.30978
34.2116
34.34744
34.21677
34.37513
34.22194
34.40761
34.24937
34.44444
34.27367
34.4778
34.30843
34.50618
34.33862
34.53874
34.37295
34.57164
34.40657
34.6077
34.44339
34.64182
34.47794
34.67699
34.50928
34.7132
34.54615
34.7221
34.5816
34.74384
34.615
34.78144
34.63502
34.81456
34.64388
34.85236
34.67521
34.88678
34.7098
34.92324
34.74689
34.95968
34.77995
34.99351
34.81643
35.02636
34.85221
35.05685
34.88135
35.09495
34.91932
35.13207
34.9517
35.15957
34.98862
35.16839
35.02261
35.20152
35.05469
35.2104
35.08854
35.23417
35.1146
35.24166
35.13326
35.27405
35.16071
35.28283
35.18678
35.30188
35.19467
35.31073
35.21837
35.33202
35.24582
35.35703
35.26696
35.38351
35.29749
35.41645
35.33218
35.45237
35.36502
35.4863
35.4018
35.51913
35.43811
35.55633
35.47001
35.58904
35.50361
35.6244
35.53775
35.65944
35.57679
35.69367
35.60928
35.72852
35.64357
35.76095
35.67113
35.79536
35.70008
35.82437
35.73485
35.86033
35.7701
35.8938
35.80719
35.93047
35.84016
35.96681
35.87502
36.00275
35.91056
36.03465
35.94465
36.07019
35.98121
36.10676
36.01149
36.14005
36.04528
36.17005
36.06922
36.1764
36.07806
36.20836
36.10752
36.24251
36.14145
36.26115
36.17834
36.26754
36.21462
36.29393
36.24847
36.31899
36.2865
36.35546
36.3213
36.39209
36.35316
36.42806
36.36224
36.46317
36.39454
36.5002
36.43097
36.53281
36.46288
36.56665
36.49998
36.60236
36.53791
36.63833
36.5687
36.67416
36.60177
36.70724
36.64071
36.7384
36.67728
36.77734
36.71348
36.8114
36.74325
36.84859
36.77619
36.87837
36.81075
36.90911
36.84327
36.94529
36.88118
36.98181
36.91648
37.01712
36.95281
37.05745
36.98929
37.09123
37.02464
37.12319
37.06007
37.16088
37.096
37.19136
37.13015
37.23211
37.16283
37.26064
37.19827
37.29702
37.23511
37.33472
37.27162
37.36958
37.3055
37.40549
37.34401
37.44333
37.3811
37.47894
37.41819
37.51647
37.45502
37.55014
37.49048
37.58414
37.51975
37.61866
37.55218
37.65291
37.58995
37.68718
37.62521
37.71981
37.65467
37.75621
37.69091
37.79084
37.72581
37.82226
37.75594
37.85605
37.79332
37.89188
37.82767
37.92827
37.86531
37.96344
37.89993
38.00208
37.9381
38.03942
37.97503
38.0733
38.0095
38.10333
38.04641
38.13991
38.07996
38.17289
38.1154
38.20718
38.15029
38.24043
38.18273
38.27651
38.22105
38.31091
38.25457
38.34589
38.29052
38.38265
38.32945
38.41656
38.36149
38.45493
38.39687
38.48891
38.43192
38.52433
38.46821
38.55674
38.50231
38.58843
38.53603
38.61987
38.57331
38.65725
38.60646
38.69078
38.64454
38.7291
38.68103
38.75924
38.68746
38.79448
38.71902
38.83229
38.7406
38.8585
38.77884
38.89412
38.81489
38.92439
38.85083
38.9575
38.87489
38.99134
38.91009
39.02521
38.94836
39.05809
38.97998
39.09434
39.01703
39.12914
39.05117
39.16323
39.08453
39.19654
39.11871
39.20293
39.15291
39.23884
39.18683
39.27259
39.22454
39.30916
39.25834
39.33976
39.29101
39.37395
39.32616
39.40813
39.36092
39.44182
39.39642
39.47795
39.43114
39.51535
39.46747
39.54771
39.49924
39.58277
39.53222
39.62014
39.56695
39.65304
39.57214
39.68784
39.63688
39.72384
39.67341
39.75764
39.70722
39.79297
39.74142
39.81308
39.7641
39.81952
39.77238
39.85713
39.80787
39.86516
39.83006
39.897
39.86112
39.9348
39.89872
39.97141
39.93449
40.00266
39.96208
40.03725
39.9934
40.07264
40.03045
40.10517
40.06518
40.14241
40.09964
40.17336
40.13519
40.21165
40.16381
40.24624
40.17276
40.28212
40.21148
40.29105
40.23729
40.32586
40.27247
40.35857
40.30859
40.39423
40.34369
40.42823
40.37871
40.46318
40.4164
40.49825
40.45518
40.53385
40.49052
40.56777
40.52214
40.60093
40.55778
40.63783
40.5947
40.67153
40.62458
40.70708
40.66214
40.74204
40.69621
40.7775
40.73263
40.81601
40.76767
40.85355
40.80599
40.88644
40.84118
40.92043
40.87648
40.95591
40.91053
40.98766
40.94503
41.02525
40.97898
41.05874
41.01603
41.09366
41.05297
41.13286
41.09023
41.16793
41.12502
41.20293
41.16013
41.23845
41.19122
41.27324
41.22561
41.30731
41.26176
41.34421
41.30071
41.3806
41.337
41.41724
41.37343
41.45131
41.40956
41.49147
41.44648
41.52565
41.48003
41.56153
41.51659
41.59526
41.54588
41.63295
41.58426
41.66904
41.62231
41.70892
41.65965
41.74682
41.69886
41.78408
41.73682
41.81689
41.76969
41.85265
41.80625
41.88891
41.84361
41.9238
41.87857
41.95665
41.91192
41.99136
41.95035
42.029
41.98514
42.06255
42.01882
42.09505
42.05507
42.13445
42.09002
42.16861
42.12812
42.20526
42.166
42.23857
42.20085
42.27478
42.23817
42.31173
42.27361
42.34624
42.30861
42.37855
42.344
42.41088
42.37944
42.43966
42.41436
42.4764
42.44873
42.51163
42.48039
42.54906
42.51746
42.57304
42.55547
42.6113
42.59229
42.64893
42.62643
42.68329
42.65892
42.7185
42.69669
42.75624
42.72916
42.79335
42.76645
42.82858
42.80378
42.86468
42.8406
42.90036
42.87644
42.93873
42.9152
42.97791
42.95424
43.01092
42.98955
43.0477
43.02541
43.08419
43.0636
43.12066
43.09788
43.15291
43.13139
43.19166
43.16837
43.22485
43.20733
43.26183
43.24127
43.29739
43.27831
43.33633
43.31632
43.37198
43.35181
43.41
43.3892
43.44468
43.42809
43.48053
43.46189
43.51389
43.50024
43.55318
43.53423
43.58458
43.56993
43.61967
43.60151
43.65271
43.63827
43.6879
43.67301
43.72629
43.7118
43.76464
43.74992
43.80295
43.78495
43.83741
43.81809
43.87251
43.85715
43.91009
43.93177
43.94597
43.96658
43.98191
44.00273
44.01773
44.04134
44.05387
44.07683
44.09075
44.11489
44.13014
44.15225
44.16758
44.1872
44.20298
44.22477
44.2376
44.26207
44.2735
44.29374
44.3076
44.3306
44.34457
44.36914
44.38039
44.40692
44.41742
44.44352
44.45546
44.47834
44.48889
44.51459
44.52533
44.54682
44.56332
44.58445
44.59824
44.62304
44.63145
44.65637
44.6646
44.69001
44.70315
44.72866
44.74014
44.76342
44.77552
44.79918
44.81452
44.83444
44.84978
44.86979
44.884
44.90614
44.91903
44.94036
44.95339
44.97514
44.98426
45.0112
45.01867
45.04596
45.0567
45.08508
45.09356
45.12305
45.13227
45.16077
45.16855
45.19728
45.20536
45.23268
45.23981
45.26877
45.27565
45.30047
45.31028
45.33717
45.34518
45.37416
45.38353
45.4065
45.41933
45.44416
45.45585
45.48233
45.49292
45.516
45.52391
45.54741
45.56054
45.58432
45.59666
45.62157
45.63209
45.66053
45.66682
45.6964
45.70384
45.73067
45.73939
45.76659
45.77558
45.80041
45.81207
45.83806
45.85121
45.87362
45.8812
45.90774
45.91633
45.94513
45.95497
45.98218
45.99254
46.01892
46.02782
46.05402
46.06347
46.09124
46.1
46.12568
46.13589
46.16214
46.17195
46.19644
46.20322
46.23236
46.23809
46.27073
46.27692
46.30844
46.31509
46.34441
46.34933
46.38266
46.38197
46.41612
46.41801
46.45461
46.4562
46.49395
46.49516
46.52787
46.53093
46.5643
46.56875
46.59895
46.60526
46.63734
46.64234
46.67501
46.67567
46.70992
46.71064
46.74485
46.74413
46.77808
46.77921
46.81467
46.81171
46.85078
46.8503
46.88353
46.88425
46.91949
46.9207
46.95752
46.95411
46.9915
46.9887
47.0245
47.0245
47.06138
47.05964
47.09678
47.09794
47.1319
47.13053
47.16872
47.16904
47.20373
47.20602
47.24184
47.24508
47.27932
47.27971
47.31552
47.31507
47.3523
47.34933
47.38467
47.38217
47.42048
47.41897
47.45385
47.45287
47.5252
47.49029
47.56241
47.52801
47.59802
47.56038
47.63453
47.59946
47.66944
47.63587
47.70632
47.67431
47.74117
47.70998
47.77709
47.74771
47.81092
47.78432
47.84705
47.81707
47.88396
47.85478
47.9207
47.88948
47.95587
47.92492
47.99433
47.96186
48.02795
48.00025
48.06738
48.03531
48.09873
48.06644
48.13513
48.10326
48.16687
48.13502
48.20444
48.17213
48.23877
48.20989
48.27613
48.24536
48.30912
48.28103
48.34639
48.31567
48.3784
48.35323
48.41034
48.38708
48.44196
48.41966
48.47712
48.45325
48.51514
48.488
48.54457
48.52511
48.58002
48.55721
48.61293
48.59314
48.64707
48.62645
48.68392
48.66317
48.71952
48.69565
48.75341
48.72683
48.78555
48.76223
48.82362
48.79708
48.86072
48.83
48.89555
48.86538
48.93028
48.89999
48.96227
48.93782
48.99756
48.97189
49.02918
49.00349
49.06964
49.0392
49.09969
49.07463
49.13872
49.10715
49.16772
49.14336
49.20614
49.17334
49.23692
49.20957
49.27596
49.24752
49.31179
49.28443
49.35082
49.31974
49.38428
49.356
49.42271
49.39179
49.45402
49.42949
49.49278
49.46449
49.52443
49.49492
49.56116
49.53074
49.59336
49.56533
49.6303
49.60105
49.66786
49.64082
49.70355
49.67354
49.74076
49.71117
49.76891
49.74655
49.80614
49.78302
49.84396
49.81944
49.87593
49.85072
49.91075
49.88665
49.97767
49.92111
50.01425
49.95829
50.05097
49.99217
50.08655
50.02707
50.12402
50.06498
50.15966
50.10272
50.19833
50.14058
50.23374
50.17837
50.27107
50.21006
50.30483
50.2452
50.34051
50.27977
50.37718
50.31768
50.41206
50.35574
50.44737
50.39204
50.48327
50.42567
50.51704
50.46118
50.55431
50.49966
50.59264
50.53804
50.62949
50.57367
50.66459
50.60794
50.70086
50.64429
50.73758
50.67933
50.77497
50.71581
50.81186
50.75222
50.84889
50.78578
50.88353
50.82288
50.92133
50.862
50.95955
50.89871
50.99344
50.93358
51.03039
50.9692
51.06687
51.00496
51.10156
51.03726
51.13629
51.07246
51.17431
51.10972
51.21104
51.14778
51.24815
51.1845
51.28598
51.21957
51.32263
51.25536
51.35651
51.29095
51.39368
51.3279
51.47031
51.36263
51.50732
51.39676
51.5461
51.43538
51.58107
51.4702
51.61526
51.50511
51.65227
51.54496
51.69055
51.5829
51.72725
51.62101
51.76614
51.66009
51.8029
51.69479
51.8371
51.73375
51.87682
51.77089
51.91507
51.80636
51.94881
51.84189
51.98772
51.87857
52.02304
51.91667
52.06221
51.95507
52.09869
51.99457
52.13881
52.03079
52.17556
52.06626
52.2131
52.10472
52.25039
52.1445
52.28864
52.18282
52.32793
52.21928
52.36585
52.25851
52.40524
52.29816
52.44196
52.33516
52.47945
52.37185
52.51799
52.40796
52.55705
52.44456
52.59308
52.48387
52.63234
52.51997
52.67076
52.55791
52.70829
52.59427
52.74353
52.63137
52.78122
52.66781
52.81448
52.70286
52.8516
52.73833
52.89015
52.77433
52.92738
52.81046
52.96032
52.84774
52.99647
52.88597
53.03308
52.92169
53.0703
52.95593
53.10591
52.99172
53.13901
53.02876
53.17423
53.06544
53.21338
53.10332
53.24949
53.13881
53.28863
53.17627
53.32305
53.21281
53.35706
53.25002
53.39637
53.28836
53.43539
53.32647
53.47532
53.36263
53.51168
53.40074
53.54569
53.43761
53.58238
53.47438
53.6209
53.5135
53.65874
53.54992
53.69487
53.58587
53.72898
53.62206
53.76595
53.65859
53.80367
53.6967
53.84026
53.73442
53.87857
53.76968
53.91195
53.80114
53.94927
53.83791
53.9859
53.87717
54.02269
53.91209
54.05966
53.95083
54.09813
53.98819
54.13627
54.02561
54.17219
54.0638
54.21018
54.09743
54.24704
54.13367
54.28225
54.17116
54.32021
54.20684
54.35508
54.24314
54.39244
54.27885
54.42651
54.31804
54.46319
54.35357
54.49878
54.39128
54.53499
54.4263
54.5708
54.45796
54.60764
54.49347
54.6413
54.53197
54.67728
54.57041
54.7161
54.60888
54.75531
54.6468
54.79314
54.68573
54.82838
54.7233
54.86563
54.76142
54.90268
54.79746
54.93942
54.83284
54.97458
54.86953
55.00962
54.90729
55.04749
54.94626
55.08585
54.98498
55.12287
55.02407
55.16196
55.06213
55.19934
55.09708
55.23658
55.13361
55.27267
55.16884
55.3087
55.19993
55.34307
55.23875
55.37788
55.275
55.41579
55.31315
55.45308
55.34964
55.48776
55.3837
55.5229
55.42088
55.56002
55.45919
55.59702
55.49479
55.63366
55.53172
55.6715
55.56712
55.7064
55.60335
55.73893
55.63792
55.77596
55.67193
55.81508
55.70797
55.85062
55.74237
55.88159
55.81393
55.91826
55.85043
55.95396
55.88885
55.99305
55.92427
56.0313
55.96124
56.06941
55.99841
56.10741
56.03462
56.14223
56.06951
56.17787
56.10591
56.20693
56.14048
56.24349
56.1787
56.2805
56.21661
56.31931
56.24961
56.35282
56.28792
56.39362
56.32805
56.43181
56.36577
56.46938
56.40314
56.50703
56.43902
56.54516
56.47446
56.57984
56.51187
56.61783
56.54963
56.65408
56.58883
56.69202
56.62463
56.729
56.66195
56.76735
56.69752
56.80515
56.73425
56.84357
56.77191
56.88102
56.81124
56.91702
56.84724
56.95207
56.88327
56.98997
56.92196
57.02592
56.95858
57.06392
56.99622
57.09589
57.02991
57.13549
57.06849
57.17196
57.10511
57.20913
57.14278
57.24516
57.17688
57.2824
57.2149
57.31751
57.25079
57.35544
57.28944
57.39454
57.32569
57.43054
57.36222
57.46445
57.39623
57.50278
57.4335
57.53943
57.47259
57.57438
57.51171
57.61353
57.54639
57.64884
57.58319
57.68797
57.62119
57.7271
57.65625
57.76098
57.69389
57.79907
57.72898
57.83521
57.76421
57.87032
57.7989
57.90824
57.83661
57.94513
57.87475
57.98376
57.91172
58.01972
57.94992
58.05795
57.983
58.09707
58.02097
58.13053
58.05901
58.16927
58.09293
58.20434
58.12999
58.23978
58.16669
58.27583
58.20438
58.31517
58.24196
58.35121
58.27674
58.38695
58.31363
58.42407
58.34922
58.46334
58.38689
58.49649
58.42323
58.53447
58.46068
58.57216
58.49537
58.60846
58.53284
58.64629
58.57228
58.68525
58.60927
58.72436
58.64634
58.76207
58.6854
58.79942
58.72391
58.83757
58.76258
58.87362
58.79478
58.90949
58.83242
58.94752
58.86792
58.98304
58.90668
59.01953
58.94356
59.05514
58.98206
59.09428
59.01933
59.13111
59.05465
59.1671
59.09138
59.20324
59.12238
59.23969
59.15744
59.27154
59.1946
59.30921
59.23166
59.34748
59.26911
59.38282
59.30777
59.42194
59.34649
59.46102
59.38563
59.49809
59.41804
59.53175
59.4554
59.56876
59.49269
59.60623
59.53027
59.64445
59.56709
59.68129
59.60383
59.72011
59.64293
59.75901
59.6806
59.79664
59.71985
59.83399
59.75892
59.87113
59.79166
59.90474
59.82725
59.94172
59.86511
59.97821
59.904
60.01554
59.94276
60.05259
59.98278
60.09175
60.02132
60.13205
60.05629
60.16813
60.09433
60.20618
60.13498
60.24341
60.17088
60.31792
60.2094
60.35568
60.24861
60.39664
60.28796
60.43381
60.32465
60.47166
60.36043
60.50955
60.39999
60.54874
60.43661
60.58381
60.47494
60.62178
60.51201
60.65869
60.54715
60.69609
60.5866
60.73464
60.62765
60.77413
60.66699
60.81513
60.70606
60.85239
60.74333
60.89269
60.78253
60.931
60.82244
60.97103
60.85874
61.00943
60.89785
61.04763
60.93587
61.08579
60.97429
61.12516
61.01009
61.16245
61.04707
61.19984
61.08615
61.23545
61.11834
61.27311
61.15541
61.31145
61.19444
61.35058
61.23391
61.38984
61.27001
61.4268
61.30795
61.46601
61.34615
61.50426
61.3843
61.54208
61.4211
61.5801
61.46066
61.61806
61.49673
61.65872
61.5346
61.69505
61.57084
61.73091
61.6067
61.76552
61.64193
61.80265
61.68004
61.84103
61.71711
61.8801
61.75259
61.91674
61.78875
61.95438
61.82433
61.98966
61.86037
62.02639
61.89822
62.06571
61.93599
62.10262
61.97418
62.14041
62.01216
62.17762
62.05285
62.21695
62.09088
62.256
62.12731
62.29436
62.16406
62.33117
62.19581
62.3668
62.23479
62.4029
62.27202
62.44141
62.31124
62.47805
62.35037
62.51713
62.38837
62.55391
62.42619
62.59118
62.46384
62.63043
62.50293
62.66841
62.53634
62.70322
62.57165
62.74031
62.60804
62.77408
62.64316
62.81218
62.68096
62.84931
62.71824
62.88496
62.75643
62.92257
62.79172
62.95214
62.82921
62.95848
62.86794
62.99247
62.90339
63.05174
62.93947
63.08979
62.9773
63.1256
63.01319
63.1618
63.05223
63.19947
63.08788
63.23489
63.12631
63.27274
63.16538
63.31149
63.20259
63.3501
63.24112
63.38554
63.27717
63.42284
63.31456
63.462
63.3518
63.49805
63.39018
63.53625
63.42816
63.57333
63.46706
63.61155
63.50589
63.65166
63.54663
63.6894
63.58482
63.72766
63.62189
63.76511
63.65907
63.80437
63.6964
63.84249
63.73697
63.88248
63.77638
63.92207
63.81694
63.96152
63.85437
64.00027
63.89277
64.03596
63.93208
64.07702
63.97162
64.11584
64.00883
64.15335
64.04591
64.19106
64.08328
64.2299
64.12202
64.26825
64.16067
64.30574
64.1963
64.34248
64.23546
64.38321
64.2738
64.42127
64.31457
64.45945
64.35081
64.49782
64.38797
64.53605
64.42363
64.57436
64.45727
64.60935
64.49607
64.64671
64.53387
64.68237
64.56906
64.71659
64.60822
64.75581
64.64259
64.79205
64.66915
64.83005
64.70587
64.8656
64.74076
64.90119
64.77601
64.93696
64.81249
64.97364
64.85022
65.01266
64.8866
65.05157
64.92584
65.08825
65.0008
65.1273
65.0368
65.164
65.07487
65.20161
65.11385
65.23619
65.15264
65.27489
65.18886
65.31339
65.22803
65.35137
65.26699
65.38972
65.30568
65.4276
65.3428
65.46587
65.3788
65.50373
65.41552
65.54298
65.45359
65.57906
65.49233
65.6162
65.53007
65.65231
65.56632
65.69077
65.60495
65.7286
65.64418
65.7664
65.68168
65.80597
65.72088
65.84344
65.75636
65.88084
65.79562
65.91946
65.83463
65.95505
65.87019
65.9892
65.907
66.02652
65.94238
66.06587
65.98049
66.10226
66.01776
66.14191
66.05695
66.18111
66.09393
66.21762
66.12769
66.25362
66.16671
66.29345
66.20512
66.33065
66.24237
66.36835
66.2804
66.4078
66.31937
66.44585
66.35688
66.48444
66.39472
66.52309
66.43182
66.55936
66.46932
66.59665
66.54544
66.63483
66.58148
66.6702
66.61792
66.7062
66.65461
66.74386
66.69376
66.78159
66.73158
66.82074
66.76704
66.85651
66.80481
66.89677
66.84369
66.93464
66.88023
66.9743
66.9185
67.01123
66.95445
67.04945
66.99297
67.08648
67.03096
67.12568
67.07021
67.1639
67.10549
67.20009
67.14359
67.2383
67.18012
67.27669
67.21957
67.31532
67.2568
67.35259
67.29509
67.39185
67.33365
67.43037
67.37052
67.46754
67.40926
67.50554
67.44849
67.54374
67.48675
67.58141
67.52481
67.6207
67.56487
67.66028
67.60204
67.69888
67.64106
67.73837
67.67878
67.77666
67.71731
67.81539
67.75653
67.85384
67.79538
67.89379
67.83314
67.93174
67.87151
67.9724
67.90833
68.00932
67.94682
68.04498
67.98579
68.08404
68.02442
68.12304
68.05981
68.15948
68.09662
68.19598
68.13597
68.23357
68.17472
68.269
68.21455
68.30981
68.25217
68.34727
68.29005
68.38619
68.32753
68.42219
68.36474
68.46053
68.4022
68.49796
68.43858
68.5337
68.47485
68.57133
68.51315
68.60949
68.55411
68.64846
68.59296
68.68617
68.63104
68.72707
68.67008
68.76274
68.70866
68.80079
68.74457
68.83788
68.78011
68.87407
68.81733
68.91297
68.85299
68.95011
68.88961
68.98434
68.92891
69.02299
68.96672
69.06141
69.00596
69.09949
69.04507
69.138
69.08212
69.177
69.12018
69.21407
69.15607
69.25209
69.19494
69.29142
69.23505
69.33186
69.27309
69.37066
69.31191
69.40878
69.34638
69.44524
69.38646
69.48414
69.42459
69.52276
69.46434
69.56342
69.5018
69.60094
69.539
69.6376
69.5758
69.67628
69.61508
69.71584
69.6535
69.75512
69.69114
69.79106
69.73045
69.83002
69.76853
69.86816
69.80789
69.90604
69.84606
69.94279
69.88398
69.98183
69.92355
70.02132
69.96304
70.06091
70.00261
70.10049
70.04205
70.14057
70.08173
70.18021
70.12122
70.2204
70.16233
70.25986
70.20033
70.29935
70.24088
70.33865
70.27972
70.37811
70.31854
70.41727
70.35782
70.4558
70.39573
70.49319
70.43504
70.53238
70.47413
70.57095
70.51254
70.61002
70.54984
70.6489
70.58817
70.6863
70.62915
70.72468
70.66791
70.76364
70.70412
70.80313
70.74268
70.8412
70.77954
70.87892
70.8176
70.91571
70.85622
70.95483
70.89441
70.99415
70.93251
71.03297
70.97028
71.06982
71.00871
71.10778
71.04678
71.14587
71.0856
71.18261
71.11299
71.21851
71.14876
71.25569
71.18604
71.29234
71.22349
71.32951
71.26083
71.36876
71.29861
71.40839
71.33356
71.43713
71.40203
71.47628
71.44073
71.51086
71.47462
71.54771
71.51113
71.5855
71.54936
71.6214
71.58616
71.65781
71.62392
71.69147
71.66061
71.72877
71.69704
71.76588
71.73735
71.80228
71.77392
71.83858
71.8119
71.87456
71.84645
71.91317
71.88396
71.95235
71.92307
71.98853
71.96404
72.02592
72.0013
72.06429
72.04029
72.10368
72.07928
72.14481
72.11617
72.18105
72.15408
72.21899
72.19244
72.25844
72.22982
72.29753
72.26917
72.33389
72.30732
72.37073
72.34493
72.40768
72.38552
72.4465
72.42487
72.48746
72.46008
72.52633
72.49954
72.5668
72.53805
72.6054
72.57863
72.64493
72.61794
72.68221
72.65656
72.7211
72.69474
72.75909
72.73518
72.80022
72.77476
72.83971
72.81245
72.87844
72.85147
72.91658
72.89133
72.95584
72.9305
72.9954
72.97144
73.03442
73.00845
73.07368
73.04705
73.10956
73.0863
73.14928
73.12579
73.18866
73.1646
73.2282
73.20151
73.26641
73.24029
73.30576
73.27942
73.34165
73.31698
73.38142
73.35609
73.42049
73.394
73.45594
73.43306
73.4951
73.47239
73.5331
73.51164
73.5724
73.54746
73.61162
73.58651
73.64903
73.62406
73.68708
73.6618
73.72599
73.69909
73.76528
73.73888
73.80346
73.77586
73.83997
73.81497
73.87947
73.85363
73.91866
73.89159
73.95718
73.92606
73.9934
73.9665
74.03091
74.00525
74.07043
74.04547
74.10831
74.08006
74.14776
74.11753
74.18559
74.15604
74.22245
74.19456
74.25895
74.23048
74.29739
74.26656
74.33415
74.30285
74.36932
74.3395
74.40887
74.37811
74.44547
74.41618
74.48401
74.45531
74.52095
74.49387
74.56169
74.5314
74.59989
74.57205
74.6361
74.60696
74.67485
74.64446
74.70989
74.68267
74.74856
74.72242
74.78577
74.76011
74.82391
74.7975
74.85962
74.83678
74.89893
74.8736
74.93833
74.90809
74.97718
74.94623
75.01018
74.98495
75.0486
75.02367
75.08689
75.06416
75.12579
75.10365
75.1642
75.14351
75.20317
75.18132
75.2431
75.21709
75.28164
75.25539
75.31933
75.29334
75.35796
75.33114
75.39462
75.36637
75.43382
75.40562
75.47128
75.44485
75.51044
75.48513
75.55097
75.52345
75.5901
75.5604
75.62749
75.59732
75.66658
75.63432
75.70341
75.67091
75.74091
75.70704
75.77581
75.74468
75.81316
75.78414
75.85079
75.82518
75.89194
75.86389
75.93128
75.90241
75.97028
75.9407
76.00911
75.97821
76.04756
76.01604
76.08544
76.05457
76.1234
76.09243
76.16134
76.13113
76.20044
76.16883
76.23869
76.2085
76.27808
76.24593
76.31381
76.28136
76.35322
76.31993
76.3917
76.35863
76.42772
76.39799
76.46463
76.436
76.50388
76.47179
76.54201
76.51096
76.58076
76.54746
76.61726
76.58623
76.65636
76.62227
76.69248
76.66026
76.73034
76.69878
76.76946
76.73785
76.80874
76.77516
76.84515
76.81259
76.88235
76.84673
76.9189
76.88543
76.95681
76.92239
76.99206
76.95722
77.02904
76.99417
77.06686
77.03301
77.10488
77.10963
77.14383
77.14848
77.18303
77.18537
77.21977
77.21899
77.25526
77.25394
77.29147
77.29309
77.32844
77.32742
77.36222
77.36331
77.40312
77.40098
77.43947
77.43832
77.47374
77.47762
77.51092
77.51691
77.55188
77.55323
77.58993
77.58861
77.62561
77.62481
77.66344
77.66373
77.70167
77.70112
77.73766
77.74013
77.77683
77.77854
77.81499
77.81787
77.85296
77.85672
77.89185
77.89638
77.93121
77.93575
77.97079
77.97409
78.01025
78.01277
78.04906
78.05338
78.08735
78.09277
78.12845
78.13245
78.1674
78.17012
78.20483
78.21065
78.24548
78.24963
78.28423
78.28905
78.32404
78.32637
78.36199
78.36361
78.39892
78.40297
78.43587
78.4411
78.47668
78.47876
78.51602
78.51509
78.55126
78.55411
78.59008
78.59351
78.62941
78.63223
78.66812
78.67076
78.70561
78.70855
78.74501
78.74801
78.78217
78.78741
78.82158
78.82552
78.86089
78.86353
78.89972
78.90147
78.93781
78.94102
78.97742
78.98106
79.01539
79.01913
79.05367
79.05609
79.09303
79.09265
79.12917
79.12929
79.16727
79.16868
79.20439
79.20622
79.24117
79.24447
79.28049
79.28383
79.31831
79.32192
79.35769
79.3614
79.39572
79.39989
79.43526
79.43806
79.47386
79.47313
79.51055
79.51153
79.55056
79.55204
79.58753
79.59045
79.62839
79.62926
79.66561
79.66745
79.70507
79.70683
79.74359
79.74537
79.78315
79.78355
79.82426
79.82241
79.86059
79.86053
79.90166
79.90095
79.93992
79.94039
79.98096
79.97991
80.01961
80.01834
80.0591
80.05951
80.09807
80.09796
80.13699
80.13609
80.17663
80.17284
80.21306
80.21398
80.25259
80.25162
80.29057
80.29075
80.33009
80.33015
80.36887
80.36892
80.40791
80.40788
80.44545
80.44646
80.48365
80.48405
80.5229
80.52244
80.56046
80.56071
80.59984
80.59936
80.63754
80.6404
80.67696
80.67767
80.7166
80.71736
80.75492
80.75699
80.79476
80.79607
80.83436
80.83395
80.87314
80.8724
80.91246
80.91282
80.9519
80.95167
80.99226
80.99157
81.03183
81.03001
81.07136
81.0694
81.11091
81.10881
81.14963
81.14785
81.18907
81.18629
81.22771
81.22547
81.26701
81.2621
81.30505
81.30013
81.34348
81.33734
81.38075
81.37614
81.41786
81.41456
81.4573
81.45132
81.49581
81.48893
81.52914
81.5276
81.56944
81.56607
81.60804
81.60542
81.64751
81.64037
81.68648
81.67873
81.72723
81.71989
81.76528
81.75909
81.8047
81.83678
81.84238
81.87483
81.88281
81.91393
81.92181
81.95348
81.96125
81.99357
82.00063
82.0284
82.03937
82.06795
82.07864
82.10709
82.11704
82.14674
82.15678
82.18649
82.19619
82.22548
82.23544
82.265
82.27448
82.30452
82.31578
82.34399
82.35423
82.3829
82.39431
82.42181
82.43372
82.46133
82.47476
82.50008
82.51405
82.53977
82.55354
82.5791
82.59331
82.61752
82.63353
82.65704
82.67264
82.69651
82.7117
82.73367
82.75137
82.77288
82.79104
82.81231
82.82914
82.8509
82.86798
82.8904
82.90639
82.93004
82.94601
82.96895
82.98634
83.0078
83.02425
83.04713
83.06335
83.0824
83.10269
83.12038
83.14003
83.16017
83.1776
83.19938
83.21815
83.23717
83.25533
83.27634
83.29543
83.31568
83.33467
83.35365
83.37051
83.39459
83.41021
83.42961
83.44877
83.46936
83.48986
83.50789
83.52764
83.54686
83.56864
83.58402
83.6069
83.62114
83.64378
83.65914
83.68224
83.69789
83.7188
83.73737
83.75804
83.77535
83.79832
83.81132
83.8377
83.84808
83.87455
83.88671
83.91267
83.92593
83.95219
83.96702
83.98992
84.00529
84.0269
84.04382
84.06533
84.08286
84.10455
84.11914
84.14414
84.15887
84.18385
84.19854
84.2228
84.23804
84.26213
84.27766
84.30352
84.31808
84.34274
84.35741
84.38332
84.3969
84.42092
84.43638
84.46004
84.47475
84.49956
84.5129
84.53899
84.55177
84.57671
84.5878
84.6148
84.62739
84.65459
84.66529
84.69172
84.70361
84.73164
84.78266
84.77057
84.82021
84.80822
84.85925
84.84761
84.89866
84.88836
84.93814
84.92779
84.97772
84.96628
85.01678
85.00572
85.05586
85.04418
85.09531
85.08319
85.1346
85.12267
85.1731
85.16221
85.2102
85.20156
85.24815
85.24056
85.28755
85.27982
85.32687
85.31726
85.3663
85.35664
85.40562
85.39604
85.44524
85.43359
85.48493
85.47324
85.52383
85.51162
85.56292
85.55143
85.59908
85.59052
85.63889
85.63027
85.67825
85.66936
85.71917
85.71038
85.75809
85.74799
85.79791
85.78645
85.83659
85.82736
85.87597
85.8666
85.91537
85.90607
85.95071
85.94453
85.98743
85.98164
86.02677
86.021
86.06515
86.05828
86.10349
86.09572
86.14262
86.134
86.1816
86.17292
86.22094
86.21243
86.25611
86.25192
86.29559
86.28873
86.33437
86.32861
86.3735
86.36707
86.41177
86.40532
86.45122
86.44403
86.49001
86.48289
86.52953
86.52248
86.57037
86.56239
86.60746
86.60211
86.64876
86.64064
86.68832
86.68056
86.72961
86.722
86.76943
86.7618
86.81078
86.80319
86.85065
86.8429
86.89136
86.88306
86.93112
86.92284
86.96908
86.9641
87.00887
87.00359
87.05006
87.0436
87.08949
87.08268
87.13088
87.12268
87.17059
87.16425
87.21196
87.20408
87.25172
87.24439
87.29136
87.28407
87.32906
87.32389
87.36894
87.36358
87.4082
87.40324
87.44795
87.44006
87.48602
87.47871
87.5256
87.51868
87.56422
87.55814
87.60329
87.59654
87.64217
87.63522
87.67985
87.67478
87.71946
87.71375
87.75788
87.75332
87.79652
87.79289
87.83614
87.83194
87.8738
87.86926
87.91238
87.9057
87.95085
87.94444
87.98972
87.98373
88.02893
88.02321
88.06806
88.06331
88.1068
88.10069
88.14505
88.14051
88.18475
88.17878
88.22131
88.21737
88.25922
88.254
88.2999
88.2934
88.33935
88.33203
88.37818
88.37176
88.41779
88.41148
88.45723
88.45026
88.49702
88.49044
88.53558
88.52872
88.5754
88.56816
88.61401
88.6058
88.65358
88.64708
88.69319
88.6864
88.73316
88.72605
88.77243
88.76567
88.81197
88.8054
88.85149
88.84506
88.89112
88.88348
88.92901
88.92208
88.96667
88.96088
89.04343
89.00046
89.08253
89.03935
89.12103
89.07922
89.15796
89.11778
89.19717
89.15712
89.23582
89.19584
89.27388
89.23377
89.31273
89.27291
89.34933
89.30956
89.38743
89.34676
89.424
89.38407
89.46333
89.42088
89.49983
89.45994
89.53783
89.4982
89.57609
89.53705
89.61526
89.57738
89.65493
89.61414
89.68893
89.65417
89.72643
89.69081
89.76153
89.73045
89.80015
89.76428
89.83662
89.80526
89.87495
89.84378
89.9136
89.88368
89.95261
89.92268
89.99215
89.96096
90.03179
90.00071
90.07044
90.03844
90.10925
90.07906
90.14843
90.11706
90.18822
90.15827
90.229
90.19807
90.26858
90.23966
90.30979
90.27972
90.34966
90.32082
90.39119
90.36052
90.43009
90.40005
90.46994
90.43865
90.50919
90.47974
90.54922
90.51946
90.58873
90.56008
90.62821
90.59915
90.66727
90.64054
90.70686
90.67944
90.74651
90.71916
90.78614
90.75826
90.82407
90.79758
90.8636
90.83723
90.90301
90.87781
90.94285
90.91714
90.98029
90.95598
91.01996
90.99773
91.05988
91.03753
91.09986
91.07898
91.1411
91.11847
91.18036
91.15854
91.22076
91.1985
91.26061
91.23936
91.3024
91.2793
91.34119
91.31943
91.3825
91.35856
91.42062
91.39967
91.46222
91.43964
91.50211
91.48108
91.54202
91.52109
91.58327
91.56269
91.62309
91.60279
91.66351
91.64329
91.70313
91.68312
91.74462
91.72482
91.78448
91.76502
91.82602
91.8067
91.86576
91.84678
91.90703
91.88841
91.94683
91.92842
91.98772
91.96984
92.02755
92.01006
92.06888
92.05147
92.10864
92.09135
92.14996
92.13258
92.18958
92.17159
92.22778
92.21127
92.26745
92.25087
92.30668
92.29047
92.34483
92.32966
92.3857
92.36926
92.4253
92.40896
92.46481
92.44888
92.50452
92.48873
92.54594
92.52854
92.58459
92.56913
92.62428
92.60846
92.66384
92.64831
92.70394
92.68832
92.74418
92.72995
92.78424
92.77025
92.82526
92.81184
92.8647
92.85185
92.90623
92.8933
92.94574
92.93336
92.98714
92.97341
93.02713
93.01339
93.06834
93.05492
93.10805
93.09488
93.14939
93.13477
93.18914
93.17455
93.2301
93.21433
93.26988
93.25397
93.30952
93.29523
93.34923
93.33494
93.38928
93.37433
93.42881
93.41409
93.46779
93.45352
93.50711
93.49386
93.54519
93.53275
93.58418
93.57164
93.6207
93.60907
93.66029
93.64793
93.6982
93.68729
93.73671
93.72722
93.77594
93.76373
93.8165
93.80334
93.85468
93.8421
93.89228
93.88187
93.93157
93.91982
93.9688
93.95815
94.00816
93.99702
94.04644
94.03678
94.08534
94.07739
94.12493
94.11713
94.16627
94.15679
94.20588
94.19574
94.24402
94.23721
94.32307
94.2761
94.36271
94.31771
94.402
94.35732
94.4415
94.39719
94.48082
94.437
94.52041
94.47796
94.55968
94.51755
94.59836
94.55709
94.63817
94.59648
94.67583
94.63641
94.71553
94.67619
94.75497
94.71601
94.79491
94.75503
94.83427
94.79512
94.87421
94.83527
94.91437
94.87552
94.9542
94.9147
94.99444
94.9549
95.03441
94.99591
95.07536
95.03621
95.11532
95.0778
95.15684
95.11809
95.19621
95.15997
95.23733
95.20028
95.27734
95.24227
95.31886
95.28271
95.35894
95.32454
95.40054
95.36499
95.44047
95.40668
95.48217
95.44689
95.52201
95.48884
95.56393
95.52908
95.60376
95.57052
95.64543
95.61012
95.68533
95.65139
95.72527
95.69128
95.76515
95.73272
95.80649
95.77242
95.84615
95.81208
95.8858
95.8516
95.92519
95.89288
95.96471
95.93234
96.00423
95.97255
96.04526
96.01206
96.08324
96.05067
96.12276
96.09026
96.16392
96.13147
96.20335
96.17116
96.24445
96.21236
96.28379
96.2519
96.32502
96.29057
96.3631
96.33206
96.4029
96.3717
96.44254
96.41129
96.482
96.45091
96.52092
96.49225
96.55943
96.53176
96.59879
96.57276
96.63943
96.61214
96.67874
96.65298
96.71822
96.68964
96.75489
96.72852
96.79345
96.76797
96.83102
96.80459
96.86923
96.84356
96.90858
96.88268
96.94771
96.92245
96.98731
96.96175
97.02663
97.00021
97.06763
97.0405
97.10628
97.08066
97.14584
97.11764
97.1851
97.15794
97.22243
97.19427
97.26273
97.23396
97.30241
97.27197
97.34002
97.31145
97.37797
97.34922
97.41615
97.38984
97.45538
97.42912
97.49446
97.46996
97.53362
97.50882
97.57333
97.54968
97.61224
97.58886
97.65295
97.62971
97.69209
97.66886
97.73297
97.70902
97.77177
97.74809
97.81238
97.78717
97.84055
97.82725
97.8788
97.86648
97.88516
97.90464
97.92365
97.91103
97.95036
97.93752
97.96818
97.97571
97.99854
97.98467
98.00492
98.01863
98.03285
98.03852
98.05376
98.04368
98.0601
98.04884
98.08158
98.07533
98.0867
98.08047
98.10307
98.08562
98.10818
98.10031
98.1133
98.10546
98.12214
98.11061
98.12852
98.12705
98.13722
98.13343
98.14235
98.14233
98.15584
98.15616
98.16476
98.16131
98.17338
98.16645
98.17973
98.17901
98.20219
98.1945
98.20736
98.19964
98.21254
98.20477
98.2353
98.23266
98.24171
98.23779
98.2657
98.24294
98.2709
98.26877
98.27611
98.2739
98.29848
98.27903
98.30368
98.29472
98.3089
98.29986
98.31776
98.30499
98.32423
98.33202
98.32945
98.33845
98.38836
98.37751
98.39352
98.40334
98.40514
98.40974
98.41155
98.41861
98.42301
98.43665
98.42821
98.4418
98.45252
98.44696
98.51157
98.46337
98.52442
98.46856
98.53336
98.47375
98.53977
98.47894
98.55138
98.50013
98.55656
98.50533
98.56174
98.51052
98.56692
98.52647
98.57212
98.5329
98.5773
98.54177
98.58891
98.5507
98.59618
98.57372
98.60258
98.57893
98.60777
98.58415
98.61861
98.59759
98.62502
98.60564
98.6302
98.63423
98.63539
98.63943
98.65935
98.64465
98.66452
98.66801
98.66967
98.67442
98.70056
98.70206
98.70944
98.70728
98.71834
98.71247
98.74953
98.7308
98.7547
98.73601
98.77627
98.74118
98.78142
98.76572
98.79783
98.78481
98.80299
98.78999
98.80813
98.79889
98.81699
98.80406
98.82211
98.80924
98.82725
98.8204
98.83239
98.82557
98.84126
98.83193
98.8464
98.84332
98.85154
98.84848
98.86301
98.85365
98.86815
98.8644
98.87448
98.86958
98.88082
98.87476
98.88596
98.88114
98.8911
98.88631
98.89624
98.89149
98.90137
98.90041
98.90894
98.90556
98.91409
98.91075
98.91922
98.91965
98.9272
98.92481
98.93359
98.93122
98.93994
98.94016
98.94509
98.94535
98.9566
98.95055
98.96944
98.95948
98.9746
98.97633
98.98095
98.98274
98.99239
98.98916
99.00378
99.0006
99.00893
99.00702
99.01531
99.01221
99.02485
99.02117
99.03
99.03459
99.03519
99.04834
99.04576
99.05355
99.05213
99.05877
99.06102
99.06396
99.06618
99.07039
99.07136
99.07678
99.07652
99.08198
99.0854
99.08713
99.09176
99.09471
99.09814
99.11369
99.10704
99.12222
99.11219
99.12868
99.11737
99.13389
99.12376
99.13911
99.12893
99.15059
99.13412
99.15704
99.14049
99.16225
99.14565
99.16745
99.15081
99.17966
99.16645
99.18489
99.17162
99.19011
99.17961
99.19653
99.18478
99.20175
99.18995
99.20696
99.20004
99.21219
99.2052
99.21861
99.21036
99.22503
99.21551
99.23026
99.22066
99.23548
99.22704
99.24069
99.23222
99.24715
99.24516
99.25359
99.26067
99.26073
99.27098
99.26597
99.27614
99.27117
99.2877
99.28011
99.29288
99.28655
99.29805
99.29548
99.30948
99.30067
99.31586
99.30968
99.32224
99.31488
99.33679
99.3201
99.34319
99.32654
99.34955
99.33434
99.35593
99.34329
99.36232
99.35389
99.36873
99.36034
99.38562
99.36932
99.39365
99.39006
99.40894
99.3965
99.42286
99.40291
99.42802
99.42086
99.43317
99.42612
99.44608
99.43134
99.45125
99.44781
99.45643
99.45422
99.46907
99.46915
99.47423
99.47437
99.48623
99.47961
99.49656
99.49633
99.50917
99.50157
99.51436
99.5068
99.51952
99.51502
99.53091
99.52025
99.53608
99.52548
99.54124
99.54005
99.55135
99.54529
99.55653
99.55051
99.56978
99.5692
99.57494
99.57443
99.58011
99.57967
99.58528
99.58857
99.59693
99.59801
99.6021
99.60323
99.60727
99.60844
99.61486
99.61366
99.62003
99.61888
99.62519
99.62534
99.63152
99.63672
99.63791
99.64194
99.64305
99.64714
99.64822
99.65234
99.65458
99.65875
99.66095
99.66517
99.67238
99.6716
99.6817
99.67854
99.68687
99.68375
99.69202
99.68895
99.70264
99.70232
99.70779
99.70874
99.71295
99.71394
99.71933
99.71913
99.72567
99.72433
99.7308
99.72952
99.73597
99.73593
99.74232
99.74114
99.75002
99.74633
99.76394
99.75425
99.76911
99.76959
99.77428
99.77482
99.78065
99.78006
99.78825
99.79417
99.79967
99.79942
99.8073
99.80589
99.81371
99.81484
99.8189
99.82008
99.8253
99.82533
99.83172
99.83176
99.83691
99.83822
99.84208
99.84344
99.84846
99.84869
99.85607
99.85394
99.86124
99.86687
99.86641
99.87212
99.87279
99.88361
99.88171
99.88888
99.8881
99.89415
99.8933
99.89938
99.89848
99.90721
99.90739
99.91547
99.91779
99.92445
99.92778
99.92971
99.93442
99.93496
99.94225
99.94267
99.94743
99.94914
99.95264
99.9556
99.96157
99.96458
99.96677
99.97112
99.97199
99.98504
99.98091
99.99027
99.98611
99.99551
99.99129
100.0045
100.0041
100.0097
100.0105
100.0149
100.0169
100.0202
100.0221
100.0254
100.0272
100.0319
100.0324
100.0371
100.0439
100.0423
100.049
100.0575
100.0542
100.0627
100.0732
100.068
100.0784
100.0733
100.0836
100.0822
100.0951
100.0875
100.1031
100.0928
100.1121
100.0993
100.1173
100.1148
100.1226
100.12
100.1315
100.1252
100.1379
100.1318
100.1432
100.137
100.1546
100.1423
100.1598
100.1488
100.1651
100.1553
100.1703
100.1606
100.1818
100.1659
100.187
100.1712
100.1922
100.1765
100.1974
100.1818
100.2027
100.1871
100.2092
100.1936
100.2144
100.1988
100.2197
100.2041
100.2261
100.2107
100.2326
100.2172
100.2378
100.2224
100.243
100.2278
100.2509
100.2343
100.2624
100.2433
100.2688
100.2523
100.2741
100.2613
100.2794
100.2666
100.2883
100.272
100.2936
100.281
100.2988
100.2875
100.3077
100.294
100.313
100.303
100.3182
100.3117
100.3246
100.3206
100.3309
100.327
100.3361
100.3359
100.3424
100.3424
100.3488
100.3487
100.3539
100.3576
100.359
100.3664
100.3678
100.3752
100.3742
100.3841
100.3902
100.3929
100.3953
100.3992
100.4004
100.4181
100.4067
100.4231
100.413
100.4282
100.4218
100.4346
100.4313
100.4397
100.4439
100.4447
100.4502
100.4511
100.4553
100.4574
100.4604
100.4687
100.4655
100.4738
100.4831
100.4789
100.4882
100.484
100.4933
100.4954
100.5022
100.5017
100.5101
100.5106
100.5164
100.5185
100.5245
100.5274
100.5333
100.5388
100.5422
100.544
100.5486
100.5491
100.5538
100.5555
100.5589
100.5644
100.5653
100.5708
100.5742
100.576
100.5806
100.5812
100.5895
100.5901
100.5975
100.5981
100.6027
100.6071
100.6116
100.616
100.623
100.635
100.6295
100.6429
100.646
100.6493
100.6524
100.6608
100.6588
100.6661
100.6678
100.6713
100.673
100.6819
100.6782
100.6872
100.6862
100.6924
100.6952
100.704
100.7017
100.7092
100.7133
100.7145
100.7186
100.731
100.7238
100.7362
100.729
100.7415
100.7425
100.7555
100.7477
100.7607
100.753
100.766
100.7582
100.78
100.7634
100.7852
100.7698
100.7905
100.7803
100.7995
100.7893
100.8048
100.8008
100.8101
100.8059
100.823
100.8111
100.8282
100.8164
100.8335
100.8228
100.8449
100.8292
100.8502
100.8357
100.8554
100.8427
100.8644
100.8516
100.8709
100.8568
100.8761
100.862
100.8813
100.8672
100.892
100.8724
100.8972
100.8813
100.9024
100.8877
100.9113
100.9042
100.9178
100.9106
100.9242
100.9221
100.9356
100.9273
100.9445
100.9324
100.9535
100.9401
100.9623
100.9465
100.9813
100.9549
100.9878
100.9625
100.9967
100.9689
101.015
100.9766
101.0215
100.9945
101.0279
101.0009
101.0344
101.0073
101.0464
101.0154
101.0516
101.0408
101.0568
101.05
101.0695
101.0564
101.0812
101.0691
101.0876
101.0781
101.1035
101.0959
101.1088
101.1011
101.114
101.1063
101.1245
101.1216
101.1297
101.1305
101.1398
101.1395
101.145
101.1459
101.1502
101.1523
101.161
101.1637
101.1733
101.1701
101.1799
101.1778
101.1889
101.1871
101.1978
101.1923
101.203
101.1975
101.2145
101.2083
101.2197
101.2134
101.2249
101.2223
101.2363
101.2287
101.2428
101.2452
101.2492
101.2504
101.2645
101.2618
101.2726
101.267
101.2846
101.2721
101.2925
101.2877
101.3015
101.2966
101.3195
101.3109
101.341
101.3244
101.3574
101.3384
101.3664
101.365
101.3753
101.3799
101.3884
101.3938
101.3937
101.4018
101.3989
101.4158
101.4147
101.4222
101.4223
101.4348
101.4288
101.44
101.4365
101.4452
101.453
101.4504
101.4594
101.4568
101.4684
101.4657
101.4821
101.4761
101.4874
101.4889
101.4926
101.4979
101.504
101.5068
101.5198
101.5182
101.525
101.5247
101.5302
101.5336
101.5404
101.54
101.5469
101.5464
101.5533
101.5528
101.5597
101.5668
101.565
101.5732
101.5702
101.5848
101.5791
101.59
101.588
101.6006
101.5995
101.6059
101.606
101.6123
101.6124
101.6188
101.6239
101.6252
101.6329
101.6339
101.6416
101.6428
101.6469
101.6587
101.6521
101.6689
101.6606
101.6828
101.6733
101.7017
101.6814
101.7094
101.6971
101.7208
101.7107
101.7273
101.7159
101.7409
101.7224
101.7524
101.7288
101.7614
101.7353
101.7719
101.7443
101.7799
101.7583
101.7914
101.7685
101.7967
101.7763
101.8095
101.7853
101.8178
101.7967
101.8293
101.8033
101.8346
101.8123
101.8411
101.8212
101.8464
101.8265
101.8585
101.8318
101.8675
101.8382
101.874
101.8447
101.883
101.8638
101.8921
101.8703
101.8973
101.8787
101.9026
101.8852
101.9091
101.8942
101.9256
101.9007
101.9309
101.9072
101.9399
101.9162
101.9453
101.9227
101.9505
101.9279
101.9558
101.9444
101.9649
101.9535
101.9714
101.96
101.9779
101.969
101.9844
101.9743
101.9909
101.9833
101.9962
101.9923
102.0015
101.9977
102.0081
102.0029
102.0218
102.0094
102.0359
102.0147
102.0449
102.02
102.0584
102.0253
102.0638
102.0344
102.0691
102.0409
102.0824
102.055
102.0963
102.0639
102.1046
102.0692
102.1137
102.0757
102.1191
102.081
102.1244
102.0864
102.1358
102.0946
102.1412
102.1087
102.1466
102.1177
102.1583
102.1319
102.1637
102.1385
102.1691
102.1551
102.1843
102.1643
102.1897
102.1732
102.1951
102.1815
102.2042
102.1881
102.2109
102.1997
102.2227
102.2064
102.2282
102.2156
102.2349
102.2211
102.2404
102.2266
102.2459
102.2333
102.2526
102.2399
102.2656
102.2466
102.2724
102.2521
102.2816
102.2576
102.2884
102.2644
102.294
102.2699
102.2996
102.2755
102.3052
102.2822
102.312
102.294
102.3188
102.3008
102.3257
102.3102
102.3313
102.3158
102.3371
102.3252
102.3427
102.3372
102.3483
102.343
102.3552
102.3488
102.3646
102.3545
102.3715
102.3604
102.3772
102.37
102.3828
102.3757
102.3948
102.385
102.4043
102.3996
102.4111
102.4091
102.4206
102.4188
102.4342
102.4248
102.4464
102.4306
102.4559
102.4365
102.4619
102.4514
102.4677
102.4638
102.4736
102.4737
102.4832
102.4799
102.4891
102.4873
102.495
102.4975
102.5009
102.5051
102.5081
102.5115
102.5141
102.5178
102.52
102.5241
102.526
102.5343
102.5321
102.5407
102.5381
102.5508
102.5454
102.5573
102.5515
102.5638
102.5613
102.5702
102.5674
102.5769
102.5735
102.5844
102.5797
102.5912
102.5896
102.598
102.5987
102.606
102.6061
102.6127
102.6136
102.6195
102.6237
102.6263
102.63
102.6343
102.6365
102.6448
102.6429
102.6553
102.6494
102.663
102.6571
102.6697
102.6647
102.6765
102.6712
102.6833
102.6778
102.6901
102.6843
102.6969
102.691
102.7036
102.699
102.7104
102.712
102.7184
102.7187
102.7263
102.7255
102.7343
102.7322
102.7423
102.739
102.7503
102.7458
102.7633
102.7525
102.7701
102.7605
102.7769
102.7711
102.7836
102.779
102.7904
102.7858
102.7972
102.7925
102.8039
102.7993
102.8119
102.8123
102.8186
102.8202
102.8254
102.827
102.8322
102.8337
102.8389
102.8405
102.8474
102.8473
102.8541
102.854
102.8609
102.8608
102.8677
102.8675
102.8744
102.8743
102.8812
102.881
102.8879
102.8878
102.8947
102.8946
102.9014
102.9025
102.9082
102.9093
102.9149
102.916
102.9217
102.9228
102.9285
102.9296
102.9352
102.9375
102.942
102.9443
102.9488
102.951
102.9555
102.9578
102.9623
102.9645
102.969
102.9713
102.9758
102.9781
102.9826
102.9848
102.9893
102.9916
102.9961
102.9983
103.0029
103.0051
103.0096
103.0119
103.0164
103.0186
103.0231
103.0254
103.0299
103.0321
103.0367
103.0389
103.0434
103.0456
103.0502
103.0524
103.0569
103.0592
103.0637
103.0659
103.0704
103.0726
103.0772
103.0794
103.084
103.0862
103.0907
103.0929
103.0975
103.0997
103.1042
103.1065
103.111
103.1132
103.1178
103.12
103.1245
103.1267
103.1313
103.1335
103.138
103.1402
103.1448
103.147
103.1516
103.1537
103.1583
103.1605
103.1651
103.1673
103.1719
103.174
103.1786
103.1808
103.1854
103.1875
103.1921
103.1943
103.1989
103.201
103.2056
103.2078
103.2124
103.2145
103.2191
103.2213
103.2259
103.2281
103.2327
103.2348
103.2394
103.2416
103.2461
103.2483
103.2529
103.2551
103.2597
103.2618
103.2664
103.2686
103.2732
103.2754
103.2799
103.2821
103.2867
103.2888
103.2934
103.2956
103.3002
103.3024
103.307
103.3091
103.3137
103.3159
103.3205
103.3226
103.3272
103.3294
103.334
103.3361
103.3407
103.3429
103.3475
103.3496
103.3542
103.3564
103.361
103.3631
103.3677
103.3699
103.3745
103.3766
103.3812
103.3834
103.388
103.3901
103.3948
103.3969
103.4015
103.4036
103.4083
103.4104
103.415
103.4172
103.4218
103.4239
103.4285
103.4306
103.4353
103.4374
103.442
103.4442
103.4488
103.4509
103.4556
103.4577
103.4623
103.4644
103.469
103.4712
103.4758
103.4779
103.4826
103.4847
103.4893
103.4914
103.496
103.4982
103.5028
103.5049
103.5096
103.5117
103.5163
103.5184
103.523
103.5252
103.5298
103.5319
103.5366
103.5387
103.5433
103.5454
103.55
103.5521
103.5568
103.5589
103.5636
103.5657
103.5703
103.5724
103.5771
103.5791
103.5838
103.5859
103.5906
103.5927
103.5973
103.5994
103.604
103.6061
103.6108
103.6129
103.6175
103.6196
103.6243
103.6264
103.631
103.6331
103.6378
103.6399
103.6445
103.6466
103.6513
103.6534
103.658
103.6601
103.6648
103.6669
103.6715
103.6736
103.6783
103.6804
103.685
103.6871
103.6917
103.6939
103.6985
103.7006
103.7052
103.7074
103.712
103.7141
103.7187
103.7209
103.7255
103.7276
103.7322
103.7344
103.739
103.7411
103.7457
103.7478
103.7536
103.7546
103.7604
103.7613
103.7672
103.7681
103.7739
103.7748
103.7806
103.7816
103.7874
103.7883
103.7942
103.7951
103.8009
103.8018
103.8076
103.8086
103.8144
103.8153
103.8211
103.8221
103.8279
103.8288
103.8346
103.8355
103.8413
103.8423
103.8481
103.849
103.8548
103.8558
103.8616
103.8625
103.8683
103.8693
103.8751
103.876
103.8818
103.8828
103.8885
103.8895
103.8953
103.8962
103.902
103.903
103.9088
103.9097
103.9155
103.9165
103.9223
103.9232
103.929
103.93
103.9358
103.9367
103.9425
103.9435
103.9492
103.9502
103.956
103.9569
103.9627
103.9637
103.9695
103.9704
103.9762
103.9772
103.983
103.9839
103.9897
103.9906
103.9965
103.9974
104.0032
104.0041
104.01
104.0109
104.0167
104.0176
104.0235
104.0244
104.0302
104.0311
104.0369
104.0378
104.0437
104.0446
104.0504
104.0513
104.0572
104.0581
104.0639
104.0648
104.0706
104.0715
104.0774
104.0783
104.0841
104.085
104.0909
104.0918
104.0976
104.0985
104.1044
104.1052
104.1111
104.112
104.1179
104.1187
104.1246
104.1255
104.1313
104.1322
104.1381
104.1389
104.1448
104.1457
104.1516
104.1524
104.1583
104.1592
104.165
104.1659
104.1718
104.1727
104.1785
104.1794
104.1853
104.1861
104.192
104.1929
104.1987
104.1996
104.2055
104.2064
104.2122
104.2131
104.219
104.2198
104.2257
104.2266
104.2324
104.2333
104.2392
104.2401
104.2459
104.2468
104.2527
104.2535
104.2594
104.2603
104.2662
104.267
104.2729
104.2738
104.2796
104.2805
104.2864
104.2872
104.2931
104.294
104.2999
104.3007
104.3066
104.3074
104.3133
104.3142
104.3201
104.3209
104.3268
104.3277
104.3335
104.3344
104.3403
104.3412
104.347
104.3479
104.3538
104.3546
104.3605
104.3614
104.3672
104.3681
104.374
104.3749
104.3807
104.3816
104.3875
104.3884
104.3942
104.3951
104.4009
104.4018
104.4077
104.4086
104.4144
104.4153
104.4212
104.4221
104.4279
104.4288
104.4346
104.4355
104.4414
104.4423
104.4481
104.449
104.4548
104.4557
104.4616
104.4625
104.4683
104.4692
104.4751
104.476
104.4818
104.4827
104.4885
104.4894
104.4953
104.4962
104.502
104.5029
104.5088
104.5097
104.5155
104.5164
104.5222
104.5231
104.529
104.5299
104.5357
104.5366
104.5425
104.5433
104.5492
104.5501
104.5559
104.5568
104.5627
104.5635
104.5694
104.5703
104.5762
104.577
104.5829
104.5837
104.5896
104.5905
104.5964
104.5972
104.6031
104.604
104.6098
104.6107
104.6166
104.6174
104.6233
104.6242
104.6301
104.6309
104.6368
104.6377
104.6435
104.6444
104.6503
104.6511
104.657
104.6579
104.6638
104.6646
104.6705
104.6713
104.6772
104.6781
104.684
104.6848
104.6907
104.6916
104.6974
104.6983
104.7042
104.705
104.7109
104.7118
104.7177
104.7185
104.7244
104.7253
104.7311
104.732
104.7379
104.7387
104.7446
104.7455
104.7514
104.7522
104.7581
104.7589
104.7648
104.7657
104.7716
104.7724
104.7783
104.7792
104.785
104.7859
104.7918
104.7926
104.7985
104.7994
104.8052
104.8061
104.812
104.8128
104.8187
104.8196
104.8254
104.8263
104.8322
104.833
104.8389
104.8398
104.8456
104.8465
104.8524
104.8532
104.8591
104.86
104.8659
104.8667
104.8726
104.8734
104.8793
104.8802
104.8861
104.8869
104.8928
104.8936
104.8996
104.9004
104.9063
104.9071
104.913
104.9138
104.9198
104.9206
104.9265
104.9273
104.9333
104.9341
104.94
104.9408
104.9468
104.9475
104.9535
104.9543
104.9603
104.961
104.967
104.9678
104.9737
104.9745
104.9805
104.9812
104.9872
104.988
104.9939
104.9947
105.0007
105.0014
105.0074
105.0082
105.0142
105.0149
105.0209
105.0217
105.0276
105.0284
105.0344
105.0351
105.0411
105.0419
105.0479
105.0486
105.0546
105.0554
105.0613
105.0621
105.0681
105.0688
105.0748
105.0756
105.0815
105.0823
105.0883
105.089
105.095
105.0958
105.1018
105.1025
105.1085
105.1093
105.1152
105.116
105.122
105.1227
105.1287
105.1295
105.1354
105.1362
105.1422
105.143
105.1489
105.1497
105.1556
105.1564
105.1624
105.1632
105.1691
105.1699
105.1758
105.1767
105.1826
105.1834
105.1893
105.1901
105.1961
105.1969
105.2028
105.2036
105.2095
105.2103
105.2163
105.2171
105.223
105.2238
105.2298
105.2305
105.2365
105.2373
105.2432
105.244
105.25
105.2507
105.2567
105.2575
105.2635
105.2709
105.2702
105.2777
105.2769
105.2844
105.2837
105.2912
105.2904
105.2979
105.2971
105.3046
105.3039
105.3114
105.3106
105.3181
105.3174
105.3248
105.3241
105.3316
105.3308
105.3383
105.3376
105.3451
105.3443
105.3518
105.3511
105.3585
105.3578
105.3653
105.3645
105.372
105.3713
105.3787
105.378
105.3855
105.3847
105.3922
105.3915
105.3989
105.3982
105.4057
105.4049
105.4124
105.4117
105.4192
105.4184
105.4259
105.4251
105.4326
105.4319
105.4394
105.4386
105.4461
105.4454
105.4529
105.4521
105.4596
105.4588
105.4663
105.4656
105.4731
105.4723
105.4798
105.479
105.4865
105.4858
105.4933
105.4925
105.5
105.4992
105.5068
105.506
105.5135
105.5127
105.5202
105.5194
105.527
105.5262
105.5337
105.5329
105.5404
105.5396
105.5472
105.5464
105.5539
105.5531
105.5606
105.5599
105.5674
105.5666
105.5741
105.5733
105.5808
105.5801
105.5876
105.5868
105.5943
105.5935
105.601
105.6003
105.6078
105.607
105.6145
105.6137
105.6212
105.6205
105.628
105.6272
105.6347
105.634
105.6414
105.6407
105.6482
105.6474
105.6549
105.6542
105.6617
105.6609
105.6684
105.6676
105.6751
105.6744
105.6819
105.6811
105.6886
105.6879
105.6953
105.6946
105.7021
105.7013
105.7088
105.7081
105.7156
105.7148
105.7223
105.7215
105.729
105.7283
105.7358
105.735
105.7425
105.7418
105.7492
105.7485
105.756
105.7552
105.7627
105.762
105.7694
105.7687
105.7762
105.7754
105.7829
105.7822
105.7896
105.7889
105.7964
105.7956
105.8031
105.8024
105.8099
105.8091
105.8166
105.8159
105.8233
105.8226
105.8301
105.8293
105.8368
105.8361
105.8435
105.8428
105.8503
105.8495
105.857
105.8563
105.8637
105.863
105.8705
105.8698
105.8772
105.8765
105.8839
105.8832
105.8907
105.89
105.8974
105.8967
105.9041
105.9035
105.9109
105.9102
105.9176
105.9169
105.9243
105.9237
105.9311
105.9304
105.9378
105.9372
105.9445
105.9439
105.9513
105.9506
105.958
105.9574
105.9648
105.9641
105.9715
105.9708
105.9782
105.9776
105.985
105.9843
105.9917
105.9911
105.9985
105.9978
106.0052
106.0045
106.0119
106.0113
106.0187
106.018
106.0254
106.0247
106.0322
106.0315
106.0389
106.0382
106.0456
106.045
106.0524
106.0517
106.0591
106.0584
106.0659
106.0652
106.0726
106.0719
106.0794
106.0786
106.0861
106.0854
106.0928
106.0921
106.0996
106.0988
106.1063
106.1056
106.113
106.1123
106.1198
106.1191
106.1265
106.1258
106.1333
106.1325
106.14
106.1393
106.1467
106.146
106.1535
106.1527
106.1602
106.1595
106.1669
106.1662
106.1737
106.173
106.1804
106.1797
106.1871
106.1864
106.1939
106.1932
106.2006
106.1999
106.2073
106.2066
106.2141
106.2134
106.2208
106.2201
106.2275
106.2269
106.2343
106.2336
106.241
106.2403
106.2477
106.2471
106.2545
106.2538
106.2612
106.2605
106.2679
106.2673
106.2747
106.274
106.2814
106.2807
106.2881
106.2875
106.2949
106.2942
106.3016
106.301
106.3083
106.3077
106.3151
106.3144
106.3218
106.3212
106.3286
106.3279
106.3353
106.3346
106.342
106.3414
106.3488
106.3481
106.3555
106.3549
106.3622
106.3616
106.369
106.3683
106.3757
106.3751
106.3824
106.3818
106.3892
106.3885
106.3959
106.3953
106.4026
106.402
106.4094
106.4088
106.4161
106.4155
106.4229
106.4222
106.4296
106.429
106.4363
106.4357
106.4431
106.4424
106.4498
106.4492
106.4565
106.4559
106.4633
106.4626
106.47
106.4694
106.4767
106.4761
106.4835
106.4828
106.4902
106.4896
106.497
106.4963
106.5037
106.503
106.5104
106.5098
106.5172
106.5165
106.5239
106.5232
106.5306
106.53
106.5374
106.5367
106.5441
106.5435
106.5508
106.5502
106.5576
106.5569
106.5643
106.5637
106.571
106.5704
106.5778
106.5772
106.5845
106.5839
106.5912
106.5906
106.598
106.5974
106.6047
106.6041
106.6115
106.6109
106.6182
106.6176
106.6249
106.6243
106.6317
106.6311
106.6384
106.6378
106.6451
106.6445
106.6519
106.6513
106.6586
106.658
106.6654
106.6648
106.6721
106.6715
106.6788
106.6782
106.6856
106.685
106.6923
106.6917
106.699
106.6984
106.7058
106.7052
106.7125
106.7119
106.7193
106.7187
106.726
106.7254
106.7327
106.7321
106.7395
106.7389
106.7462
106.7456
106.7529
106.7523
106.7597
106.759
106.7664
106.7658
106.7731
106.7725
106.7799
106.7793
106.7866
106.786
106.7933
106.7927
106.8001
106.7995
106.8068
106.8062
106.8136
106.8129
106.8203
106.8197
106.827
106.8264
106.8338
106.8331
106.8405
106.8399
106.8473
106.8466
106.854
106.8533
106.8607
106.8601
106.8675
106.8668
106.8742
106.8735
106.881
106.8803
106.8877
106.887
106.8944
106.8938
106.9012
106.9005
106.9079
106.9072
106.9146
106.914
106.9214
106.9207
106.9281
106.9274
106.9348
106.9342
106.9416
106.9409
106.9483
106.9476
106.955
106.9544
106.9618
106.9611
106.9685
106.9679
106.9753
106.9746
106.982
106.9813
106.9887
106.9881
106.9955
106.9948
107.0022
107.0015
107.009
107.0083
107.0157
107.015
107.0224
107.0218
107.0292
107.0285
107.0359
107.0352
107.0426
107.042
107.0494
107.0487
107.0561
107.0554
107.0629
107.0622
107.0696
107.0689
107.0763
107.0757
107.0831
107.0824
107.0898
107.0891
107.0966
107.0959
107.1033
107.1026
107.11
107.1093
107.1168
107.1161
107.1235
107.1228
107.1303
107.1295
107.137
107.1363
107.1437
107.143
107.1505
107.1498
107.1572
107.1565
107.164
107.1632
107.1707
107.17
107.1775
107.1767
107.1842
107.1834
107.1909
107.1902
107.1977
107.1969
107.2044
107.2037
107.2112
107.2104
107.2179
107.2171
107.2246
107.2239
107.2314
107.2306
107.2381
107.2374
107.2448
107.2441
107.2516
107.2508
107.2583
107.2576
107.265
107.2643
107.2718
107.271
107.2785
107.2778
107.2852
107.2845
107.292
107.2913
107.2987
107.298
107.3055
107.3047
107.3122
107.3115
107.3189
107.3182
107.3257
107.3249
107.3324
107.3317
107.3391
107.3384
107.3459
107.3451
107.3526
107.3519
107.3594
107.3586
107.3661
107.3653
107.3728
107.3721
107.3796
107.3788
107.3863
107.3855
107.3931
107.3923
107.3998
107.399
107.4065
107.4057
107.4133
107.4125
107.42
107.4192
107.4267
107.426
107.4335
107.4327
107.4402
107.4394
107.447
107.4462
107.4537
107.4529
107.4604
107.4596
107.4672
107.4663
107.4739
107.4731
107.4806
107.4798
107.4874
107.4865
107.4941
107.4933
107.5008
107.5
107.5075
107.5068
107.5143
107.5135
107.521
107.5202
107.5277
107.527
107.5345
107.5337
107.5412
107.5404
107.5479
107.5472
107.5547
107.5539
107.5614
107.5606
107.5682
107.5674
107.5749
107.5741
107.5816
107.5808
107.5883
107.5876
107.5951
107.5943
107.6018
107.601
107.6086
107.6078
107.6153
107.6145
107.622
107.6212
107.6288
107.628
107.6355
107.6347
107.6422
107.6414
107.6489
107.6482
107.6557
107.6549
107.6624
107.6617
107.6692
107.6684
107.6759
107.6751
107.6826
107.6819
107.6894
107.6886
107.6961
107.6953
107.7028
107.7021
107.7096
107.7088
107.7163
107.7156
107.723
107.7223
107.7298
107.729
107.7365
107.7357
107.7432
107.7425
107.75
107.7492
107.7567
107.756
107.7635
107.7627
107.7702
107.7694
107.7769
107.7762
107.7837
107.7829
107.7904
107.7896
107.7971
107.7964
107.8039
107.8031
107.8106
107.8098
107.8174
107.8166
107.8241
107.8233
107.8308
107.83
107.8376
107.8368
107.8443
107.8435
107.8511
107.8502
107.8578
107.857
107.8645
107.8637
107.8713
107.8705
107.878
107.8772
107.8847
107.8839
107.8915
107.8907
107.8982
107.8974
107.905
107.9041
107.9117
107.9109
107.9184
107.9176
107.9252
107.9243
107.9319
107.9311
107.9386
107.9378
107.9454
107.9445
107.9521
107.9513
107.9588
107.958
107.9656
107.9648
107.9723
107.9715
107.9791
107.9782
107.9858
107.985
107.9925
107.9917
107.9993
107.9984
108.006
108.0052
108.0127
108.0119
108.0195
108.0187
108.0262
108.0254
108.033
108.0321
108.0397
108.0389
108.0464
108.0456
108.0532
108.0524
108.0599
108.0591
108.0667
108.0658
108.0734
108.0726
108.0801
108.0793
108.0869
108.086
108.0936
108.0928
108.1003
108.0995
108.1071
108.1063
108.1138
108.113
108.1205
108.1198
108.1273
108.1265
108.134
108.1332
108.1408
108.14
108.1475
108.1467
108.1542
108.1534
108.161
108.1602
108.1677
108.1669
108.1745
108.1736
108.1812
108.1804
108.1879
108.1871
108.1946
108.1938
108.2014
108.2006
108.2081
108.2073
108.2149
108.214
108.2216
108.2208
108.2283
108.2275
108.2351
108.2342
108.2418
108.241
108.2485
108.2477
108.2553
108.2544
108.262
108.2612
108.2687
108.2679
108.2755
108.2747
108.2822
108.2814
108.2889
108.2881
108.2957
108.2949
108.3024
108.3016
108.3092
108.3083
108.3159
108.3151
108.3226
108.3218
108.3294
108.3285
108.3361
108.3353
108.3428
108.342
108.3496
108.3487
108.3563
108.3555
108.363
108.3622
108.3698
108.369
108.3765
108.3757
108.3832
108.3824
108.39
108.3892
108.3967
108.3959
108.4035
108.4027
108.4102
108.4094
108.4169
108.4161
108.4237
108.4229
108.4304
108.4296
108.4371
108.4363
108.4439
108.4431
108.4506
108.4498
108.4574
108.4566
108.4641
108.4633
108.4708
108.47
108.4775
108.4768
108.4843
108.4835
108.491
108.4902
108.4978
108.497
108.5045
108.5037
108.5112
108.5104
108.518
108.5172
108.5247
108.5239
108.5314
108.5306
108.5382
108.5374
108.5449
108.5441
108.5516
108.5509
108.5584
108.5576
108.5651
108.5643
108.5719
108.5711
108.5786
108.5778
108.5853
108.5845
108.5921
108.5913
108.5988
108.598
108.6055
108.6048
108.6123
108.6115
108.619
108.6182
108.6257
108.6249
108.6325
108.6317
108.6392
108.6384
108.646
108.6452
108.6527
108.6519
108.6594
108.6587
108.6662
108.6654
108.6729
108.6721
108.6796
108.6789
108.6864
108.6856
108.6931
108.6924
108.6998
108.6991
108.7066
108.7058
108.7133
108.7126
108.72
108.7193
108.7268
108.7261
108.7335
108.7328
108.7403
108.7395
108.747
108.7463
108.7537
108.753
108.7605
108.7597
108.7672
108.7665
108.7739
108.7732
108.7807
108.78
108.7874
108.7867
108.7942
108.7934
108.8009
108.8001
108.8076
108.8069
108.8144
108.8136
108.8211
108.8204
108.8278
108.8271
108.8346
108.8338
108.8413
108.8406
108.848
108.8473
108.8548
108.854
108.8615
108.8608
108.8682
108.8675
108.875
108.8742
108.8817
108.881
108.8885
108.8877
108.8952
108.8944
108.9019
108.9012
108.9087
108.9079
108.9154
108.9147
108.9221
108.9214
108.9289
108.9282
108.9356
108.9349
108.9423
108.9416
108.9491
108.9484
108.9558
108.9551
108.9625
108.9619
108.9693
108.9686
108.976
108.9753
108.9827
108.9821
108.9895
108.9888
108.9962
108.9955
109.0029
109.0023
109.0097
109.009
109.0164
109.0158
109.0231
109.0225
109.0299
109.0292
109.0366
109.036
109.0434
109.0427
109.0501
109.0495
109.0568
109.0562
109.0636
109.0629
109.0703
109.0697
109.077
109.0764
109.0838
109.0831
109.0905
109.0899
109.0972
109.0966
109.104
109.1033
109.1107
109.1101
109.1174
109.1168
109.1242
109.1236
109.1309
109.1303
109.1377
109.137
109.1444
109.1438
109.1511
109.1505
109.1579
109.1572
109.1646
109.164
109.1713
109.1707
109.1781
109.1774
109.1848
109.1842
109.1916
109.1909
109.1983
109.1976
109.205
109.2044
109.2118
109.2111
109.2185
109.2178
109.2253
109.2246
109.232
109.2313
109.2387
109.238
109.2455
109.2448
109.2522
109.2515
109.2589
109.2583
109.2657
109.265
109.2724
109.2717
109.2792
109.2785
109.2859
109.2852
109.2926
109.2919
109.2993
109.2987
109.3061
109.3054
109.3128
109.3121
109.3195
109.3189
109.3263
109.3256
109.333
109.3324
109.3398
109.3391
109.3465
109.3458
109.3532
109.3526
109.36
109.3593
109.3667
109.3661
109.3734
109.3728
109.3802
109.3795
109.3869
109.3863
109.3936
109.393
109.4004
109.3997
109.4071
109.4065
109.4139
109.4132
109.4206
109.42
109.4273
109.4267
109.4341
109.4334
109.4408
109.4402
109.4475
109.4469
109.4543
109.4536
109.461
109.4604
109.4678
109.4671
109.4745
109.4738
109.4812
109.4806
109.488
109.4873
109.4947
109.494
109.5014
109.5008
109.5082
109.5075
109.5149
109.5143
109.5217
109.521
109.5284
109.5277
109.5351
109.5345
109.5418
109.5412
109.5486
109.5479
109.5553
109.5547
109.5621
109.5614
109.5688
109.5681
109.5755
109.5749
109.5823
109.5816
109.589
109.5884
109.5957
109.5951
109.6025
109.6018
109.6092
109.6086
109.6159
109.6153
109.6227
109.622
109.6294
109.6288
109.6361
109.6355
109.6429
109.6423
109.6496
109.649
109.6563
109.6557
109.6631
109.6625
109.6698
109.6692
109.6766
109.6759
109.6833
109.6827
109.69
109.6894
109.6968
109.6961
109.7035
109.7029
109.7102
109.7096
109.717
109.7163
109.7237
109.7231
109.7305
109.7298
109.7372
109.7366
109.7439
109.7433
109.7507
109.75
109.7574
109.7568
109.7642
109.7635
109.7709
109.7702
109.7776
109.777
109.7844
109.7837
109.7911
109.7905
109.7978
109.7972
109.8046
109.8039
109.8113
109.8107
109.818
109.8174
109.8248
109.8241
109.8315
109.8309
109.8383
109.8376
109.845
109.8443
109.8517
109.8511
109.8585
109.8578
109.8652
109.8645
109.8719
109.8713
109.8787
109.878
109.8854
109.8848
109.8922
109.8915
109.8989
109.8982
109.9056
109.905
109.9124
109.9117
109.9191
109.9184
109.9258
109.9252
109.9326
109.9319
109.9393
109.9387
109.946
109.9454
109.9528
109.9521
109.9595
109.9589
109.9662
109.9656
109.973
109.9723
109.9797
109.9791
109.9864
109.9858
109.9932
109.9926
109.9999
109.9993
110.0066
110.006
