10.00991
10.00935
10.01562
10.01491
10.02133
10.02048
10.02703
10.02605
10.03272
10.0316
10.03843
10.03716
10.04414
10.04274
10.04992
10.04832
10.05684
10.0539
10.0626
10.0595
10.06835
10.06511
10.07405
10.0707
10.07987
10.07626
10.08564
10.08188
10.09142
10.08747
10.09713
10.09304
10.10291
10.09862
10.10861
10.10424
10.11441
10.10988
10.12019
10.11543
10.1259
10.12107
10.1317
10.12671
10.13745
10.13231
10.14317
10.13792
10.14898
10.14353
10.15471
10.14916
10.16047
10.15473
10.16615
10.16031
10.17197
10.16586
10.17768
10.17139
10.18352
10.17697
10.18927
10.18256
10.19496
10.18813
10.2007
10.19373
10.2065
10.1993
10.21222
10.20487
10.21799
10.21052
10.22382
10.21607
10.22958
10.22164
10.23542
10.22725
10.24118
10.23277
10.24693
10.23842
10.2527
10.24397
10.25841
10.24955
10.26427
10.25509
10.27
10.26066
10.27582
10.26627
10.28166
10.27187
10.28738
10.2774
10.29316
10.28297
10.299
10.28856
10.30472
10.29415
10.31048
10.29972
10.31622
10.30528
10.32197
10.31085
10.32772
10.31646
10.33351
10.32201
10.33928
10.32761
10.34498
10.3332
10.35068
10.3388
10.35647
10.34439
10.36213
10.34995
10.36795
10.35551
10.37364
10.36111
10.37947
10.36669
10.38516
10.37232
10.39093
10.3791
10.39665
10.38469
10.40244
10.39033
10.40825
10.39593
10.41396
10.40154
10.41969
10.40713
10.42553
10.41277
10.43126
10.41839
10.4383
10.42399
10.44405
10.42963
10.4498
10.43527
10.45553
10.4409
10.46134
10.4465
10.46703
10.4521
10.47272
10.45776
10.47845
10.46341
10.48427
10.46905
10.48996
10.47465
10.49581
10.48027
10.50155
10.4859
10.50731
10.49157
10.51307
10.49723
10.51879
10.5029
10.52447
10.50852
10.53016
10.51416
10.53586
10.51974
10.54165
10.52546
10.54739
10.53105
10.55326
10.53677
10.5591
10.54235
10.56488
10.54804
10.5706
10.55363
10.57632
10.55924
10.58202
10.56486
10.58773
10.57048
10.59346
10.57609
10.59919
10.58177
10.60488
10.58738
10.61071
10.59314
10.61647
10.59882
10.62219
10.60446
10.62787
10.61008
10.6337
10.61578
10.63945
10.62138
10.64527
10.62716
10.65098
10.63281
10.65669
10.63849
10.66238
10.64415
10.66806
10.64987
10.67375
10.65554
10.67949
10.6612
10.68519
10.66683
10.69105
10.67247
10.69678
10.67811
10.70265
10.68377
10.70837
10.68945
10.71407
10.69506
10.71991
10.70075
10.72556
10.70636
10.73129
10.71202
10.73715
10.71767
10.74293
10.72332
10.74867
10.72904
10.75453
10.73598
10.76021
10.74168
10.76603
10.74744
10.77173
10.75315
10.7776
10.75892
10.78336
10.7646
10.78918
10.7703
10.79501
10.77603
10.8008
10.78169
10.80663
10.78743
10.81245
10.79311
10.81826
10.79878
10.82412
10.80449
10.82995
10.81018
10.83583
10.81592
10.84153
10.82157
10.84741
10.82733
10.85319
10.83303
10.85898
10.83881
10.86486
10.84455
10.87069
10.85028
10.87643
10.85602
10.88347
10.86182
10.88935
10.86754
10.89514
10.87328
10.90103
10.87897
10.90688
10.88467
10.91277
10.89041
10.91857
10.89611
10.92455
10.9019
10.93036
10.90769
10.93631
10.91346
10.94206
10.91924
10.94799
10.92501
10.95384
10.93075
10.9598
10.93654
10.96578
10.94236
10.97157
10.94808
10.97745
10.95383
10.98339
10.95957
10.98926
10.96539
10.99506
10.97114
11.00104
10.97694
11.00687
10.98272
11.01291
10.98848
11.01882
10.99435
11.02471
11.00015
11.03078
11.00597
11.03675
11.01184
11.04274
11.01759
11.04869
11.02333
11.05456
11.02917
11.06075
11.03504
11.06665
11.04092
11.07276
11.04681
11.07871
11.05264
11.08462
11.05859
11.09052
11.06441
11.09662
11.07026
11.10273
11.07616
11.10872
11.08198
11.11498
11.08793
11.12096
11.09377
11.12699
11.09967
11.13289
11.1055
11.13914
11.11139
11.14518
11.11733
11.15118
11.12316
11.15726
11.12907
11.16333
11.13493
11.16933
11.1409
11.17533
11.14673
11.18165
11.15268
11.18774
11.15857
11.19376
11.16458
11.20002
11.17054
11.20611
11.17647
11.21218
11.18247
11.21837
11.18845
11.22447
11.19441
11.23064
11.20049
11.23696
11.20635
11.24308
11.2124
11.2493
11.2184
11.25558
11.22434
11.26173
11.23034
11.26811
11.2363
11.27431
11.24231
11.28041
11.2483
11.28669
11.25431
11.29291
11.26036
11.29904
11.26635
11.30525
11.2724
11.31152
11.27842
11.31783
11.28454
11.32401
11.29054
11.33021
11.29655
11.33652
11.30262
11.34274
11.30863
11.34903
11.31474
11.35526
11.32076
11.36168
11.32691
11.36794
11.33298
11.37438
11.33906
11.38058
11.34521
11.38694
11.3513
11.39319
11.35737
11.39951
11.36349
11.40576
11.36958
11.41222
11.3757
11.41855
11.38185
11.42491
11.38792
11.43114
11.39408
11.43753
11.40016
11.44385
11.40629
11.45022
11.41248
11.45655
11.41873
11.46289
11.42483
11.46907
11.43095
11.47553
11.43712
11.48183
11.44336
11.48822
11.44952
11.49471
11.45566
11.5011
11.46187
11.50741
11.46799
11.51401
11.47524
11.52046
11.48142
11.52711
11.48754
11.53356
11.49375
11.54019
11.49989
11.54685
11.50609
11.55344
11.5123
11.5601
11.5185
11.56681
11.52462
11.57352
11.53086
11.58024
11.53709
11.58695
11.54337
11.59366
11.54964
11.60038
11.55602
11.60709
11.56242
11.6138
11.57012
11.6205
11.57644
11.62721
11.58284
11.63392
11.58922
11.64063
11.59573
11.64735
11.60219
11.65406
11.60863
11.66077
11.61504
11.66749
11.62151
11.6742
11.62813
11.68091
11.63464
11.68762
11.64133
11.69434
11.648
11.70105
11.65457
11.70776
11.66123
11.71447
11.66785
11.72118
11.67452
11.72789
11.68114
11.7346
11.68785
11.74131
11.69453
11.74803
11.70124
11.75474
11.70794
11.76145
11.71466
11.76817
11.72136
11.77488
11.72806
11.7816
11.73476
11.78831
11.74147
11.79502
11.74818
11.80174
11.75488
11.80845
11.76159
11.81516
11.76829
11.82187
11.775
11.82859
11.78171
11.8353
11.78841
11.84201
11.79511
11.84872
11.80182
11.85544
11.80854
11.86215
11.81525
11.86887
11.82196
11.87558
11.82867
11.88229
11.83537
11.889
11.84208
11.89572
11.84879
11.90243
11.8555
11.90914
11.8622
11.91585
11.86891
11.92256
11.87562
11.92928
11.88233
11.93599
11.88904
11.9427
11.89575
11.94941
11.90246
11.95613
11.90917
11.96284
11.91587
11.96955
11.92258
11.97626
11.92929
11.98297
11.936
11.98969
11.94271
11.9964
11.94941
12.00311
11.95612
12.00982
11.96283
12.01653
11.96954
12.02325
11.97625
12.02996
11.98296
12.03667
11.98967
12.04338
11.99638
12.05009
12.00309
12.05681
12.00979
12.06352
12.0165
12.07023
12.02321
12.07695
12.02992
12.08366
12.03662
12.09037
12.04333
12.09708
12.05004
12.10379
12.05675
12.11051
12.06346
12.11722
12.07009
12.12393
12.07679
12.13064
12.08348
12.13735
12.09131
12.14406
12.09799
12.15078
12.10468
12.15749
12.1113
12.16419
12.11801
12.1709
12.12466
12.17761
12.1313
12.18433
12.1379
12.19104
12.14449
12.19775
12.15109
12.20446
12.15766
12.21117
12.16434
12.21789
12.17101
12.2246
12.17765
12.23131
12.18431
12.23802
12.19102
12.24473
12.19773
12.25144
12.20438
12.25815
12.21107
12.26486
12.21778
12.27157
12.22449
12.27828
12.2312
12.28499
12.23785
12.29169
12.24446
12.29841
12.25113
12.30512
12.2578
12.31183
12.26451
12.31853
12.27122
12.32524
12.27789
12.33195
12.2846
12.33866
12.29131
12.34537
12.29802
12.35208
12.30472
12.35878
12.31143
12.36549
12.31814
12.37221
12.32485
12.37892
12.33156
12.38563
12.33826
12.39235
12.34497
12.39906
12.35168
12.40577
12.35837
12.41248
12.36508
12.41919
12.37179
12.42591
12.37849
12.43262
12.3852
12.43932
12.3919
12.44603
12.3986
12.45274
12.40532
12.45946
12.41202
12.46617
12.41873
12.47288
12.42544
12.47959
12.43216
12.4863
12.43886
12.49302
12.44557
12.49973
12.45228
12.50644
12.45899
12.51316
12.4657
12.51987
12.47241
12.52658
12.47912
12.5333
12.48583
12.54001
12.49254
12.54672
12.49925
12.55344
12.50595
12.56015
12.51266
12.56686
12.51937
12.57357
12.52608
12.58028
12.53279
12.58699
12.53951
12.5937
12.54621
12.60042
12.55292
12.60713
12.55963
12.61384
12.56634
12.62056
12.57306
12.62727
12.57977
12.63398
12.58648
12.64069
12.59319
12.6474
12.5999
12.65412
12.60661
12.66083
12.61332
12.66754
12.62003
12.67426
12.62674
12.68097
12.63345
12.68768
12.64016
12.6944
12.64687
12.70111
12.65357
12.70782
12.66028
12.71453
12.667
12.72124
12.6737
12.72795
12.68042
12.73466
12.68713
12.74136
12.69384
12.74807
12.70055
12.75479
12.70726
12.7615
12.71397
12.76821
12.72068
12.77492
12.72739
12.78164
12.7341
12.78835
12.74081
12.79506
12.74753
12.80177
12.75423
12.80848
12.76094
12.81519
12.76765
12.82189
12.77436
12.8286
12.78107
12.83531
12.78778
12.84202
12.7945
12.84873
12.80121
12.85544
12.80792
12.86215
12.81463
12.86886
12.82134
12.87557
12.82805
12.88228
12.83476
12.88899
12.84146
12.8957
12.84818
12.90241
12.85489
12.90912
12.8616
12.91583
12.86831
12.92254
12.87502
12.92925
12.88173
12.93597
12.88844
12.94267
12.89515
12.94938
12.90187
12.95609
12.90858
12.9628
12.91529
12.96952
12.92199
12.97623
12.9287
12.98294
12.93541
12.99084
12.94213
12.99755
12.94883
13.00427
12.95554
13.01099
12.96225
13.0177
12.96896
13.02441
12.97567
13.03113
12.98356
13.03785
12.99027
13.04456
12.99698
13.05127
13.00369
13.05798
13.0104
13.06469
13.01711
13.0714
13.02383
13.07811
13.03054
13.08482
13.03725
13.09154
13.04397
13.09825
13.05068
13.10497
13.05739
13.11168
13.0641
13.1184
13.07081
13.12511
13.07752
13.13182
13.08423
13.13854
13.09095
13.14525
13.09766
13.15196
13.10437
13.15867
13.11108
13.16539
13.11779
13.1721
13.12451
13.17881
13.13122
13.18553
13.13793
13.19224
13.14464
13.19895
13.15136
13.20566
13.15807
13.21237
13.16478
13.21909
13.17149
13.2258
13.1782
13.23252
13.18491
13.23924
13.19162
13.24595
13.19833
13.25266
13.20504
13.25938
13.21175
13.26609
13.21846
13.27281
13.22517
13.27952
13.23188
13.28623
13.23859
13.29294
13.24531
13.29965
13.25202
13.30637
13.25873
13.31308
13.26544
13.31979
13.27216
13.32651
13.27886
13.33322
13.28558
13.33993
13.29229
13.34665
13.299
13.35336
13.30572
13.36007
13.31243
13.36679
13.31914
13.3735
13.32704
13.38021
13.33375
13.38692
13.34046
13.39364
13.34717
13.40035
13.35388
13.40707
13.3606
13.41378
13.36731
13.42049
13.37402
13.42721
13.38073
13.43392
13.38744
13.44063
13.39415
13.44735
13.40086
13.45406
13.40758
13.46078
13.41429
13.46749
13.421
13.4742
13.42771
13.48092
13.43442
13.48763
13.44113
13.49434
13.44784
13.50106
13.45455
13.50777
13.46126
13.51449
13.46798
13.5212
13.47469
13.52792
13.4814
13.53463
13.48812
13.54135
13.49483
13.54806
13.50154
13.55478
13.50825
13.56149
13.51496
13.5682
13.52168
13.57492
13.52839
13.58163
13.5351
13.58834
13.54182
13.59505
13.54853
13.60176
13.55524
13.60847
13.56195
13.61519
13.56866
13.6219
13.57537
13.62862
13.58208
13.63533
13.58879
13.64204
13.5955
13.64875
13.60221
13.65546
13.60893
13.66218
13.61564
13.66889
13.62235
13.6756
13.62906
13.68231
13.63577
13.68902
13.64249
13.69574
13.6492
13.70245
13.65591
13.70917
13.66263
13.71588
13.66934
13.7226
13.67605
13.72931
13.68276
13.73603
13.68948
13.74274
13.69619
13.74945
13.7029
13.75617
13.70961
13.76289
13.71632
13.7696
13.72304
13.77631
13.72975
13.78302
13.73647
13.78974
13.74318
13.79645
13.74989
13.80317
13.7566
13.80989
13.76331
13.8166
13.77003
13.82332
13.77674
13.83003
13.78345
13.83675
13.79016
13.84346
13.79687
13.85018
13.80357
13.85689
13.81029
13.86361
13.817
13.87032
13.82371
13.87704
13.83042
13.88375
13.83713
13.89418
13.84384
13.90089
13.85055
13.90761
13.85727
13.91432
13.86398
13.92104
13.87069
13.92775
13.87741
13.93447
13.88412
13.94118
13.89083
13.9479
13.89876
13.95462
13.90547
13.96133
13.91219
13.96805
13.9189
13.97476
13.92681
13.98148
13.93352
13.98819
13.94023
13.99491
13.94694
14.00162
13.95365
14.00834
13.96036
14.01505
13.96707
14.02177
13.97378
14.02849
13.98048
14.0352
13.98719
14.04192
13.99391
14.04863
14.00062
14.05535
14.00733
14.06206
14.01404
14.06878
14.02075
14.07549
14.02746
14.08221
14.03418
14.08892
14.04089
14.09563
14.04761
14.10234
14.05432
14.10905
14.06103
14.11577
14.06774
14.12249
14.07445
14.1292
14.08117
14.13592
14.08788
14.14263
14.09459
14.14935
14.10131
14.15606
14.10802
14.16278
14.11474
14.16949
14.12145
14.1762
14.12817
14.18292
14.13488
14.18963
14.14159
14.19635
14.14831
14.20306
14.15502
14.20978
14.16174
14.21649
14.16845
14.22321
14.17516
14.22993
14.18188
14.23664
14.18859
14.24336
14.1953
14.25007
14.20202
14.25679
14.20873
14.2635
14.21545
14.27022
14.22216
14.27693
14.22888
14.28365
14.23559
14.29036
14.24231
14.29708
14.24903
14.30379
14.25574
14.31051
14.26245
14.31723
14.26917
14.32394
14.27588
14.33066
14.2826
14.33737
14.28931
14.34409
14.29602
14.35081
14.30274
14.35752
14.30945
14.36424
14.31616
14.37095
14.32288
14.37767
14.32959
14.38438
14.33631
14.3911
14.34302
14.39782
14.34973
14.40453
14.35645
14.41125
14.36316
14.41797
14.36988
14.42468
14.37659
14.4314
14.3833
14.43812
14.39001
14.44483
14.39673
14.45155
14.40344
14.45827
14.41015
14.46498
14.41686
14.4717
14.42357
14.47841
14.43029
14.48513
14.437
14.49185
14.44371
14.49856
14.45042
14.50528
14.45713
14.512
14.46384
14.51871
14.47055
14.52543
14.47726
14.53215
14.48397
14.53886
14.49068
14.54558
14.49738
14.55229
14.50409
14.559
14.51081
14.56572
14.51752
14.57244
14.52423
14.57915
14.53093
14.58587
14.53764
14.59258
14.54434
14.5993
14.55105
14.60601
14.55776
14.61273
14.56447
14.61944
14.57118
14.62615
14.57789
14.63407
14.5846
14.64078
14.59131
14.6475
14.59802
14.65421
14.60473
14.66093
14.61264
14.66764
14.61935
14.67436
14.62606
14.68108
14.63277
14.68779
14.63948
14.69451
14.64619
14.70122
14.6529
14.70794
14.65961
14.71465
14.66632
14.72137
14.67303
14.72808
14.67973
14.7348
14.68645
14.74152
14.69315
14.74824
14.69986
14.75495
14.70657
14.76167
14.71328
14.76838
14.71999
14.7751
14.7267
14.78181
14.73341
14.78853
14.74012
14.79525
14.74683
14.80196
14.75354
14.80868
14.76025
14.8154
14.76696
14.82211
14.77367
14.82882
14.78038
14.83553
14.78709
14.84224
14.7938
14.84895
14.80051
14.85566
14.80721
14.86236
14.81393
14.86908
14.82063
14.87579
14.82734
14.8825
14.83405
14.89042
14.84076
14.89713
14.84746
14.90385
14.85537
14.91056
14.86326
14.91848
14.86997
14.92519
14.87668
14.93191
14.88339
14.93862
14.8901
14.94534
14.89681
14.95205
14.90352
14.95877
14.91023
14.96549
14.91694
14.9722
14.92365
14.97891
14.93037
14.98562
14.93708
14.99233
14.94379
15.00027
14.9505
15.00698
14.95721
15.0137
14.96514
15.02042
14.97184
15.02714
14.97855
15.03385
14.98527
15.04057
14.99197
15.04728
14.99868
15.0552
15.00539
15.06191
15.0121
15.06863
15.02001
15.07534
15.02672
15.08206
15.03343
15.08877
15.04014
15.09559
15.04685
15.10231
15.05357
15.10902
15.06148
15.11573
15.06819
15.12245
15.0749
15.12916
15.08161
15.13588
15.08832
15.1426
15.09503
15.14931
15.10174
15.15603
15.10845
15.16645
15.11516
15.17316
15.12556
15.17988
15.13227
15.1866
15.13898
15.19331
15.14569
15.20123
15.15361
15.20794
15.16152
15.21467
15.16822
15.23009
15.17493
15.2368
15.18165
15.24352
15.19207
15.25395
15.19877
15.26066
15.20548
15.26858
15.2122
15.27648
15.22011
15.2844
15.22681
15.29111
15.23353
15.29783
15.24639
15.30455
15.2531
15.31126
15.25981
15.31798
15.27281
15.3247
15.27952
15.33142
15.28623
15.33814
15.29413
15.34485
15.30084
15.35157
15.30754
15.35828
15.31426
15.365
15.32097
15.37293
15.32768
15.37965
15.33439
15.38636
15.3411
15.39308
15.34781
15.3998
15.35452
15.40772
15.36245
15.41443
15.36916
15.42114
15.37587
15.42786
15.38378
15.43458
15.39049
15.44249
15.39719
15.45041
15.40391
15.45712
15.41062
15.46384
15.41733
15.47056
15.42524
15.47727
15.43316
15.48519
15.44356
15.49191
15.45027
15.49862
15.45699
15.50654
15.4637
15.51325
15.47041
15.51997
15.47712
15.52669
15.48384
15.53341
15.49055
15.54012
15.49726
15.54683
15.50518
15.55355
15.51188
15.56026
15.51859
15.57067
15.52531
15.57739
15.53322
15.5841
15.53993
15.59082
15.54665
15.60036
15.55336
15.60707
15.56127
15.61378
15.56798
15.6205
15.57469
15.63339
15.58259
15.64011
15.593
15.64683
15.60253
15.65475
15.60925
15.66266
15.61596
15.66938
15.6314
15.6761
15.63811
15.68281
15.64482
15.68953
15.65153
15.69744
15.66584
15.70415
15.67251
15.71087
15.67911
15.71879
15.68567
15.7255
15.69217
15.73222
15.70008
15.74014
15.70672
15.74685
15.71322
15.75357
15.7198
15.76029
15.72634
15.767
15.73293
15.77372
15.73952
15.78044
15.74613
15.78716
15.75283
15.79387
15.76074
15.80059
15.76864
15.80851
15.77535
15.81522
15.78206
15.82194
15.78878
15.82866
15.79549
15.83658
15.80221
15.84329
15.81012
15.85001
15.81801
15.85673
15.82472
15.86345
15.83144
15.87017
15.83815
15.87688
15.84486
15.89822
15.85158
15.90494
15.85829
15.91166
15.865
15.91837
15.87542
15.92629
15.88583
15.93585
15.89374
15.94376
15.90168
15.95048
15.9096
15.9572
15.91632
15.96392
15.92303
15.97063
15.93259
15.97735
15.94049
15.99078
15.9472
16.0062
15.95392
16.01574
15.96183
16.02245
15.96854
16.02918
15.97526
16.0359
15.98197
16.04262
16.00238
16.05606
16.0091
16.07149
16.02117
16.07821
16.02788
16.08492
16.03456
16.10284
16.04733
16.10955
16.05386
16.11623
16.06034
16.12652
16.07555
16.13313
16.08192
16.1397
16.08831
16.14623
16.0947
16.15896
16.10477
16.1654
16.11111
16.17183
16.12619
16.17833
16.13254
16.18474
16.13885
16.20733
16.16134
16.21377
16.16768
16.22018
16.18515
16.24774
16.19141
16.25412
16.19771
16.27081
16.21268
16.27707
16.21897
16.28705
16.22524
16.29451
16.24267
16.3008
16.25275
16.30708
16.26276
16.32203
16.27191
16.32825
16.27936
16.33446
16.28935
16.35439
16.29685
16.36345
16.30688
16.37093
16.31436
16.39335
16.32928
16.40321
16.34411
16.41067
16.35156
16.41812
16.35903
16.42556
16.36643
16.43699
16.37378
16.4468
16.37995
16.45277
16.38613
16.45875
16.39234
16.4734
16.40466
16.47909
16.41084
16.49628
16.41698
16.50202
16.42308
16.50771
16.44395
16.52649
16.45122
16.53225
16.47347
16.55186
16.47925
16.55762
16.50385
16.56345
16.52274
16.58306
16.52886
16.60524
16.55118
16.61121
16.55723
16.63345
16.56325
16.63953
16.57813
16.65607
16.58418
16.66336
16.59028
16.67056
16.60918
16.67943
16.61527
16.70625
16.63135
16.72351
16.63736
16.7295
16.65702
16.7355
16.66417
16.74785
16.68124
16.75778
16.68994
16.77653
16.70945
16.7825
16.71542
16.80457
16.7212
16.81048
16.74301
16.81639
16.74866
16.83341
16.75451
16.8404
16.77273
16.84736
16.77955
16.85315
16.80136
16.85888
16.80932
16.87331
16.81858
16.87907
16.83542
16.88485
16.84101
16.90331
16.86085
16.9091
16.87018
16.91484
16.89959
16.93933
16.90526
16.94796
16.94386
16.96987
16.96631
16.97939
16.97206
17.00635
16.97798
17.01213
17.01207
17.01791
17.02056
17.05733
17.05913
17.0892
17.06609
17.10462
17.08312
17.11166
17.08899
17.13294
17.11215
17.14011
17.13443
17.16734
17.14173
17.17474
17.15155
17.19843
17.17637
17.20591
17.18251
17.21588
17.18869
17.22584
17.21104
17.23583
17.22083
17.25073
17.24561
17.25688
17.25165
17.29485
17.25775
17.3022
17.28423
17.33221
17.29158
17.33843
17.31404
17.34475
17.32143
17.36967
17.34883
17.37715
17.35877
17.40467
17.38369
17.41222
17.38987
17.42737
17.39607
17.43669
17.42108
17.45931
17.43034
17.46685
17.45167
17.50389
17.48369
17.50975
17.49078
17.51558
17.50534
17.55231
17.51233
17.59106
17.54163
17.62923
17.55091
17.63487
17.59019
17.64047
17.61712
17.67173
17.62407
17.68041
17.65359
17.70745
17.66062
17.71322
17.68759
17.73767
17.71547
17.74345
17.72252
17.77538
17.74963
17.80111
17.77179
17.81067
17.78787
17.83222
17.79513
17.84178
17.80701
17.87295
17.85289
17.88196
17.87518
17.91088
17.88494
17.91789
17.91465
17.95735
17.92428
17.99855
17.96485
18.03624
18.0042
18.073
18.04192
18.07867
18.07628
18.08436
18.08313
18.11544
18.10884
18.12093
18.14299
18.15691
18.14984
18.19348
18.18849
18.23485
18.22469
18.26859
18.23441
18.30735
18.26879
18.31703
18.29382
18.34373
18.30101
18.3496
18.33224
18.35545
18.3685
18.4244
18.40458
18.45216
18.43854
18.46139
18.46437
18.49548
18.50347
18.50092
18.53571
18.54019
18.54239
18.54804
18.56606
18.5819
18.5752
18.59101
18.60357
18.61684
18.61177
18.62334
18.62776
18.64405
18.63425
18.65303
18.65822
18.69097
18.6672
18.73145
18.69621
18.76552
18.72507
18.80408
18.73409
18.81312
18.75939
18.85122
18.79894
18.87926
18.83088
18.88569
18.86567
18.9287
18.87457
18.93546
18.90604
18.96682
18.91245
18.98213
18.9426
19.00355
18.9478
19.00876
18.95302
19.01398
18.98952
19.03292
18.99848
19.03815
19.0224
19.05988
19.02769
19.08843
19.04491
19.11187
19.05148
19.11727
19.08214
19.14967
19.10133
19.15517
19.14151
19.16068
19.17797
19.19177
19.21329
19.2281
19.23837
19.26269
19.24778
19.29449
19.28398
19.303
19.29128
19.33392
19.32184
19.34057
19.3309
19.36875
19.36871
19.39996
19.3861
19.40642
19.3926
19.44009
19.4134
19.46671
19.41872
19.4757
19.42403
19.50985
19.46169
19.54938
19.49261
19.58584
19.52971
19.61926
19.56394
19.65414
19.59758
19.69096
19.63269
19.73166
19.6688
19.75905
19.7005
19.79008
19.70877
19.80916
19.73531
19.81461
19.74199
19.82006
19.77268
19.85624
19.79326
19.88709
19.82699
19.92467
19.8362
19.96046
19.86578
19.98565
19.88891
20.02131
19.92461
20.02969
19.95979
20.06146
19.99682
20.06833
20.02237
20.09768
20.02798
20.12468
20.03362
20.13162
20.05295
20.15606
20.06425
20.16184
20.09626
20.1676
20.1228
20.19587
20.14878
20.23458
20.15819
20.27102
20.18387
20.30332
20.21602
20.33949
20.24838
20.37915
20.27504
20.41383
20.30607
20.43932
20.33051
20.44495
20.36045
20.45059
20.38398
20.46873
20.38961
20.47801
20.39521
20.51071
20.41367
20.52003
20.45205
20.55177
20.46126
20.58344
20.49795
20.61778
20.52665
20.6247
20.55735
20.65024
20.56653
20.68348
20.60287
20.68896
20.63468
20.72385
20.64139
20.75862
20.68044
20.79702
20.71169
20.83294
20.74523
20.83841
20.75439
20.84392
20.78648
20.88178
20.79193
20.9184
20.79737
20.92514
20.82795
20.95014
20.8572
20.95566
20.86381
20.96115
20.89874
20.9981
20.9295
21.03568
20.966
21.06936
21.00314
21.10535
21.02771
21.14196
21.03449
21.17175
21.07265
21.19493
21.1094
21.20416
21.14098
21.23365
21.1502
21.25916
21.18723
21.27739
21.2089
21.31018
21.21803
21.31693
21.24536
21.33792
21.25204
21.37747
21.27715
21.38691
21.28387
21.41778
21.31571
21.44897
21.35168
21.49166
21.38813
21.50095
21.39736
21.53128
21.42262
21.60119
21.45912
21.62157
21.48228
21.63103
21.50389
21.66685
21.53013
21.68587
21.53838
21.71265
21.5669
21.71983
21.57376
21.74569
21.60707
21.76541
21.63885
21.77129
21.64816
21.79704
21.67665
21.8327
21.71477
21.88025
21.75001
21.91199
21.78181
21.93746
21.81227
21.94418
21.81765
21.9698
21.82302
21.9753
21.86218
21.98083
21.89466
22.01855
21.93108
22.056
21.9675
22.09418
22.00089
22.12795
22.03598
22.16273
22.06864
22.19644
22.10048
22.22526
22.1288
22.2321
22.13438
22.26362
22.13997
22.29571
22.16887
22.30276
22.17826
22.32734
22.19214
22.34528
22.199
22.37639
22.22858
22.41431
22.26474
22.44801
22.30145
22.48693
22.33929
22.52168
22.37727
22.55856
22.41649
22.59355
22.45125
22.63136
22.48201
22.66017
22.48867
22.66939
22.52025
22.69232
22.52846
22.72273
22.55253
22.73108
22.58337
22.76699
22.62137
22.80294
22.65048
22.83918
22.68575
22.87542
22.72318
22.91175
22.75586
22.94547
22.79343
22.96771
22.8062
22.97443
22.83603
23.00517
22.86833
23.01184
22.8775
23.03867
22.9146
23.04415
22.92124
23.07335
22.95221
23.10891
22.98751
23.11633
23.01644
23.15085
23.05271
23.17986
23.06166
23.21538
23.09937
23.25191
23.12878
23.25841
23.13526
23.29715
23.16602
23.33076
23.21183
23.36643
23.24752
23.39232
23.27665
23.40133
23.29726
23.43034
23.30376
23.46202
23.34038
23.49426
23.37013
23.53327
23.44225
23.56733
23.47757
23.60248
23.48664
23.63333
23.51016
23.64992
23.54124
23.67614
23.54939
23.68275
23.57233
23.71669
23.6167
23.7477
23.62322
23.75567
23.65628
23.77492
23.67678
23.80816
23.71825
23.83017
23.75229
23.85461
23.77603
23.89234
23.80536
23.92626
23.83863
23.96385
23.87465
23.9973
23.91061
24.0329
23.9184
24.06469
23.95184
24.10363
23.98499
24.13859
24.01972
24.17487
24.05987
24.18147
24.0967
24.21631
24.13245
24.22544
24.15521
24.26115
24.19106
24.29926
24.22503
24.33379
24.29256
24.36658
24.32696
24.40564
24.36131
24.43843
24.36654
24.46877
24.37178
24.49765
24.39731
24.52418
24.4063
24.56227
24.44075
24.57007
24.47092
24.60387
24.50561
24.63339
24.53892
24.66835
24.57626
24.70016
24.60722
24.73708
24.64261
24.76679
24.67961
24.80445
24.71651
24.84082
24.72292
24.86271
24.74588
24.87169
24.75231
24.90131
24.78439
24.92668
24.81643
24.96064
24.8538
24.99691
24.88761
25.02474
24.92336
25.054
24.9576
25.09008
24.99223
25.12664
25.02948
25.16187
25.0635
25.19351
25.08881
25.23081
25.12445
25.23993
25.15338
25.27697
25.18134
25.31032
25.21847
25.34884
25.25758
25.38715
25.29232
25.41932
25.32303
25.45614
25.35184
25.48295
25.38191
25.51519
25.41516
25.54751
25.45261
25.55655
25.47752
25.59102
25.48399
25.61103
25.50541
25.62006
25.52371
25.64265
25.53028
25.66849
25.55304
25.67506
25.57561
25.70133
25.58408
25.70789
25.62327
25.74464
25.6299
25.75373
25.66248
25.78553
25.68143
25.82067
25.71379
25.85159
25.74935
25.8827
25.78386
25.91135
25.81774
25.93796
25.85213
25.96783
25.88664
25.99538
25.92241
26.02961
25.92884
26.06728
25.96212
26.07616
25.99347
26.10069
26.02489
26.10868
26.03286
26.13683
26.05642
26.15692
26.08369
26.16328
26.09005
26.1927
26.1094
26.21409
26.14823
26.24089
26.15708
26.26617
26.18948
26.29844
26.21951
26.33611
26.22833
26.3661
26.24885
26.37242
26.27018
26.40348
26.27533
26.41237
26.30182
26.44091
26.30821
26.46854
26.32774
26.47747
26.35248
26.50392
26.36112
26.51284
26.39132
26.5466
26.42785
26.58405
26.46121
26.59298
26.5002
26.62566
26.50661
26.64146
26.53303
26.64785
26.55958
26.68561
26.56846
26.71978
26.60025
26.74829
26.63244
26.75718
26.67015
26.7793
26.70851
26.78569
26.74022
26.81717
26.7683
26.82612
26.77352
26.85306
26.79481
26.86199
26.81641
26.88462
26.82286
26.89106
26.85341
26.92598
26.85988
26.93124
26.88889
26.93649
26.91441
26.95914
26.94866
26.99583
26.98396
27.02616
26.99246
27.05027
27.0191
27.08763
27.04812
27.12634
27.07467
27.1634
27.1127
27.18758
27.14926
27.21582
27.18303
27.24944
27.20923
27.28214
27.26352
27.3084
27.29922
27.3415
27.33645
27.37379
27.36617
27.40839
27.37276
27.44638
27.41263
27.45294
27.4411
27.47766
27.47163
27.5066
27.49169
27.5436
27.52729
27.55265
27.55509
27.57957
27.58491
27.60972
27.61129
27.64166
27.63754
27.675
27.66542
27.6839
27.69551
27.7154
27.72359
27.74187
27.7388
27.76461
27.74524
27.78436
27.76423
27.79326
27.79011
27.81226
27.79792
27.83181
27.82169
27.84067
27.82812
27.86994
27.85879
27.87872
27.88702
27.9136
27.92371
27.94398
27.95637
27.9529
27.99093
27.9874
28.02294
28.01869
28.05476
28.05595
28.09015
28.0888
28.0991
28.12402
28.12439
28.14953
28.13331
28.15847
28.15477
28.18243
28.17003
28.20496
28.17525
28.21018
28.20666
28.23168
28.23144
28.26586
28.24014
28.30255
28.27496
28.33152
28.30909
28.36481
28.3399
28.39857
28.375
28.43632
28.40874
28.46054
28.44185
28.49638
28.47794
28.51245
28.51196
28.52149
28.54738
28.55185
28.56273
28.55955
28.57173
28.57647
28.60241
28.60187
28.61998
28.62153
28.62653
28.63058
28.65448
28.65969
28.67114
28.69636
28.68022
28.73139
28.71802
28.76558
28.75321
28.79466
28.78728
28.82736
28.82483
28.86158
28.85969
28.89558
28.89585
28.92843
28.9289
28.9653
28.96421
29.00225
29.00199
29.0089
29.03861
29.04679
29.07682
29.07452
29.10674
29.0839
29.11387
29.11452
29.12325
29.14848
29.17004
29.17789
29.19835
29.21429
29.22627
29.24467
29.25765
29.27162
29.29385
29.30583
29.32658
29.34015
29.3634
29.37355
29.39853
29.4101
29.43389
29.44892
29.46765
29.48543
29.47675
29.52094
29.51506
29.55722
29.54982
29.5876
29.58629
29.62092
29.65125
29.65445
29.68441
29.68809
29.72139
29.72144
29.75289
29.75444
29.7836
29.79088
29.81507
29.8229
29.85399
29.85988
29.89088
29.89939
29.89725
29.93689
29.92865
29.97182
29.96576
30.00423
29.99895
30.0409
30.0307
30.07372
30.03841
30.1092
30.07178
30.13479
30.10519
30.17077
30.13435
30.20485
30.16767
30.21383
30.19893
30.25024
30.23016
30.25924
30.26801
30.29816
30.30564
30.33335
30.34154
30.36735
30.37801
30.39402
30.40856
30.42922
30.44452
30.46546
30.48199
30.49573
30.50929
30.52934
30.54681
30.56549
30.58256
30.60278
30.62025
30.63872
30.65651
30.67251
30.69182
30.70363
30.72515
30.73999
30.75885
30.76761
30.79521
30.77654
30.83002
30.8144
30.86551
30.84034
30.90346
30.86076
30.9381
30.89408
30.97352
30.92971
31.00447
30.96887
31.04519
31.00564
31.08243
31.04103
31.11712
31.07277
31.15533
31.11007
31.18955
31.14443
31.22064
31.17862
31.25558
31.2096
31.28935
31.24704
31.32707
31.28046
31.35101
31.31312
31.35622
31.31954
31.36143
31.35389
31.39639
31.393
31.46475
31.4242
31.50124
31.46048
31.53451
31.49659
31.5699
31.53364
31.60381
31.56619
31.64036
31.60225
31.67578
31.63901
31.71041
31.67554
31.74843
31.70617
31.78529
31.74225
31.81785
31.77874
31.8525
31.81354
31.8866
31.84854
31.95368
31.88362
31.99178
31.91842
32.05827
31.95373
32.08476
31.98287
32.11041
32.01623
32.14294
32.05337
32.17955
32.0847
32.21549
32.12102
32.24605
32.14906
32.28073
32.17541
32.31476
32.2109
32.34899
32.24856
32.38275
32.27827
32.41428
32.31189
32.45204
32.34391
32.48606
32.37931
32.55512
32.41574
32.59082
32.44707
32.62621
32.48526
32.66285
32.52037
32.70124
32.55365
32.73293
32.58942
32.76572
32.62455
32.8036
32.66196
32.83937
32.69233
32.87517
32.72878
32.91119
32.76476
32.94466
32.80313
32.98046
32.84181
33.01051
32.87526
33.04605
32.90993
33.07512
32.94014
33.10339
32.97399
33.13612
33.00711
33.16862
33.01603
33.20057
33.04715
33.23512
33.08267
33.26713
33.11491
33.29655
33.15081
33.32461
33.18467
33.3684
33.2188
33.41009
33.25418
33.43642
33.28996
33.44664
33.31142
33.47168
33.34816
33.50611
33.3861
33.54193
33.41845
33.57639
33.45135
33.60678
33.48625
33.61512
33.49268
33.65286
33.5256
33.66178
33.56518
33.69677
33.59961
33.73293
33.63343
33.76702
33.63979
33.79908
33.67647
33.83407
33.71429
33.87071
33.74826
33.901
33.77778
33.93501
33.81169
33.96951
33.84379
34.00085
33.87944
34.03257
33.91422
34.06672
33.94954
34.10222
33.97346
34.13766
33.99865
34.17348
34.03026
34.18229
34.03915
34.2155
34.06592
34.24648
34.07441
34.27842
34.10594
34.30059
34.13935
34.33751
34.17218
34.36581
34.20866
34.40004
34.31125
34.43779
34.34725
34.47254
34.38186
34.50788
34.41945
34.5455
34.45363
34.56556
34.48851
34.60293
34.52256
34.63822
34.53054
34.67609
34.56944
34.71007
34.60709
34.74667
34.63911
34.78172
34.67448
34.8144
34.71093
34.84631
34.74897
34.88322
34.77985
34.91825
34.81712
34.95445
34.85139
34.98846
34.88637
35.02514
34.89148
35.04805
34.8966
35.05438
34.93191
35.09037
34.96355
35.11812
34.99677
35.14602
35.02893
35.15234
35.05402
35.16983
35.07299
35.19123
35.10759
35.20008
35.14025
35.23791
35.17273
35.27469
35.20666
35.30761
35.24306
35.34169
35.26575
35.37539
35.27214
35.41374
35.30685
35.45165
35.3755
35.48714
35.41225
35.52184
35.4486
35.55924
35.48105
35.59258
35.51501
35.63025
35.55165
35.66324
35.59015
35.70023
35.59907
35.73784
35.63496
35.7753
35.66906
35.80878
35.70618
35.84261
35.74023
35.88026
35.77917
35.91121
35.81203
35.94342
35.8555
35.98133
35.89356
36.0196
35.92809
36.02845
35.95811
36.06244
35.99228
36.09533
36.0221
36.12602
36.05993
36.15569
36.09521
36.19202
36.13025
36.22973
36.16591
36.26393
36.20253
36.30062
36.23709
36.33643
36.27232
36.37032
36.30772
36.407
36.34249
36.44392
36.37621
36.47815
36.41454
36.51347
36.44883
36.54874
36.4865
36.58358
36.52185
36.6211
36.55783
36.65604
36.59335
36.69161
36.62636
36.7223
36.66369
36.76035
36.69976
36.79363
36.73841
36.83156
36.77452
36.86652
36.81126
36.90313
36.84472
36.93244
36.88058
36.97185
36.91805
37.01107
36.95281
37.04254
36.98691
37.07911
37.02044
37.11667
37.05762
37.15159
37.09547
37.1878
37.13243
37.22609
37.16886
37.2591
37.20248
37.29325
37.2407
37.33161
37.27193
37.36498
37.30789
37.40013
37.34082
37.4327
37.36992
37.45517
37.40754
37.46397
37.43775
37.49485
37.44291
37.49999
37.44807
37.52266
37.48576
37.53165
37.51672
37.56952
37.55015
37.604
37.58524
37.63615
37.62207
37.67278
37.65798
37.70997
37.69568
37.74429
37.73071
37.78264
37.76981
37.81512
37.80283
37.85284
37.84009
37.88737
37.87506
37.9262
37.90782
37.959
37.94458
37.99242
37.98044
38.02921
38.01563
38.06683
38.05207
38.1092
38.08782
38.11438
38.12211
38.14933
38.15705
38.18245
38.19393
38.22023
38.23015
38.25458
38.26345
38.29211
38.29964
38.32715
38.33622
38.36248
38.37045
38.40049
38.40827
38.43505
38.4408
38.4706
38.4776
38.47933
38.51423
38.5075
38.54592
38.5392
38.57925
38.5761
38.61185
38.61036
38.64334
38.64787
38.65226
38.68299
38.67788
38.71694
38.68429
38.74663
38.72037
38.77854
38.75076
38.81612
38.78017
38.8413
38.81485
38.86916
38.84568
38.90472
38.86947
38.93916
38.90476
38.97601
38.94108
39.01199
38.97784
39.0442
39.0155
39.05309
39.04895
39.08077
39.08335
39.11885
39.11382
39.15034
39.12161
39.18581
39.15342
39.2224
39.18981
39.25708
39.2266
39.29053
39.2585
39.32817
39.29121
39.36055
39.32629
39.39685
39.36262
39.4301
39.39915
39.46664
39.43439
39.50183
39.467
39.53021
39.49945
39.5483
39.53399
39.58317
39.57299
39.62026
39.59869
39.65321
39.63361
39.68534
39.65682
39.69429
39.68437
39.71809
39.715
39.75373
39.75067
39.79153
39.78629
39.80048
39.81873
39.83606
39.8505
39.86975
39.88638
39.90015
39.9173
39.933
39.95233
39.97084
39.98749
40.00415
40.02272
40.0414
40.05482
40.07269
40.06124
40.10566
40.10661
40.14016
40.14142
40.16917
40.17844
40.20431
40.21586
40.2413
40.25125
40.27809
40.28806
40.3116
40.3253
40.35011
40.36058
40.38299
40.39338
40.41841
40.43134
40.45346
40.46378
40.48891
40.49825
40.5212
40.53563
40.55936
40.57163
40.59631
40.60791
40.63468
40.63957
40.67117
40.67572
40.7083
40.70886
40.74025
40.74517
40.7769
40.778
40.81461
40.81301
40.85201
40.84977
40.8868
40.88443
40.92602
40.92231
40.96049
40.95766
40.9997
40.9967
41.03175
41.03041
41.06916
41.06384
41.10433
41.09924
41.1425
41.1356
41.17601
41.17269
41.21536
41.21061
41.25273
41.24389
41.28887
41.27919
41.32473
41.31738
41.36139
41.35175
41.39229
41.38789
41.42979
41.42145
41.46877
41.46058
41.50663
41.49893
41.54347
41.53345
41.58175
41.56865
41.61747
41.60383
41.65466
41.63881
41.68901
41.67624
41.72425
41.71251
41.76013
41.74821
41.79751
41.784
41.8343
41.82048
41.8671
41.8554
41.90439
41.89326
41.94
41.93181
41.97875
41.96793
42.01442
42.00415
42.05119
42.0381
42.08637
42.07521
42.1209
42.1121
42.1577
42.14632
42.19525
42.18262
42.23187
42.21872
42.26507
42.24858
42.29803
42.25743
42.30692
42.28455
42.32385
42.31504
42.33417
42.34949
42.37145
42.38823
42.40737
42.42244
42.44258
42.45912
42.47669
42.4907
42.51223
42.52787
42.55176
42.56311
42.59023
42.59967
42.62492
42.63853
42.66375
42.67406
42.70159
42.71254
42.74111
42.74878
42.77779
42.78094
42.81337
42.81734
42.84554
42.85415
42.88283
42.89172
42.95742
42.92542
42.99433
42.96361
43.03316
43.00251
43.06975
43.03887
43.0786
43.07479
43.11433
43.1127
43.15393
43.14206
43.18807
43.17805
43.22464
43.2145
43.25966
43.25166
43.29736
43.28466
43.33295
43.32322
43.36862
43.36116
43.40666
43.39801
43.44516
43.43328
43.48229
43.47215
43.5185
43.50861
43.55508
43.54659
43.59203
43.58223
43.62914
43.62032
43.66588
43.65383
43.70169
43.69283
43.73536
43.73151
43.77351
43.76978
43.81221
43.80457
43.8484
43.84301
43.88627
43.87866
43.92228
43.90956
43.9612
43.94614
43.99762
43.97977
44.03152
44.01297
44.06816
44.05047
44.10215
44.08719
44.14066
44.12629
44.17876
44.16371
44.21656
44.20259
44.25463
44.2368
44.29155
44.27512
44.32758
44.30932
44.36413
44.34666
44.39842
44.38124
44.43286
44.41862
44.47086
44.45376
44.50526
44.48952
44.54334
44.52608
44.58237
44.56505
44.6192
44.59858
44.65304
44.63499
44.68951
44.67142
44.72433
44.70411
44.75689
44.74027
44.78972
44.77668
44.82341
44.81189
44.86083
44.8502
44.90058
44.88656
44.93764
44.92402
44.9752
44.9607
45.01143
44.99983
45.04754
45.03154
45.08281
45.06517
45.11883
45.10281
45.15334
45.13908
45.18779
45.17225
45.21812
45.21103
45.25713
45.24484
45.29331
45.28001
45.32772
45.31498
45.36462
45.35127
45.40033
45.38651
45.43244
45.42453
45.46908
45.46011
45.50621
45.49534
45.54053
45.52962
45.57888
45.56724
45.61552
45.60386
45.65337
45.64171
45.68828
45.6762
45.72525
45.71361
45.76293
45.7515
45.79969
45.78559
45.83723
45.82594
45.87466
45.86216
45.9128
45.89937
45.95099
45.93384
45.98123
45.97043
46.01742
46.0073
46.05508
46.04387
46.09134
46.07903
46.12979
46.11668
46.16486
46.15593
46.20105
46.19274
46.24018
46.22852
46.27861
46.26498
46.3155
46.29977
46.34951
46.33158
46.38489
46.36684
46.418
46.40395
46.45204
46.43859
46.4893
46.47376
46.52118
46.51188
46.5601
46.54734
46.59423
46.58385
46.63146
46.61904
46.66912
46.65022
46.70343
46.68425
46.73925
46.72008
46.76895
46.75845
46.80623
46.79747
46.84529
46.83102
46.8807
46.86824
46.91861
46.90547
46.95441
46.94246
46.99308
46.98027
47.03086
47.01579
47.06738
47.05004
47.10198
47.0844
47.13795
47.1191
47.17263
47.15752
47.21069
47.19408
47.24394
47.23167
47.28183
47.27005
47.31847
47.30409
47.35138
47.34101
47.38714
47.37378
47.42518
47.41003
47.46088
47.44704
47.49495
47.48243
47.53352
47.51733
47.56937
47.55228
47.60601
47.58979
47.64395
47.6282
47.68163
47.66204
47.7164
47.70082
47.75291
47.7358
47.79028
47.77167
47.82437
47.80777
47.86032
47.84247
47.89304
47.87511
47.92709
47.91234
47.96394
47.94775
48.00224
47.98441
48.03658
48.02108
48.07219
48.05629
48.10719
48.09102
48.14612
48.12867
48.18282
48.16401
48.21745
48.19963
48.24967
48.23536
48.28629
48.27115
48.32188
48.3079
48.35731
48.3398
48.39233
48.3758
48.43008
48.41006
48.46251
48.44668
48.49496
48.48365
48.53041
48.51918
48.56754
48.55776
48.60208
48.592
48.63834
48.62715
48.67172
48.6629
48.70943
48.6953
48.74439
48.73076
48.77969
48.76394
48.81569
48.79887
48.85224
48.83632
48.88667
48.87172
48.91896
48.90786
48.95086
48.94477
48.9888
48.98115
49.02795
49.0193
49.06251
49.05442
49.10127
49.09033
49.13721
49.12885
49.17458
49.16118
49.21348
49.19733
49.24436
49.23093
49.28248
49.26515
49.31514
49.30273
49.35302
49.33984
49.3905
49.37873
49.42829
49.41264
49.46792
49.44862
49.50007
49.47277
49.53653
49.51141
49.57028
49.54522
49.60308
49.58011
49.64048
49.61257
49.67234
49.64933
49.71021
49.68616
49.74506
49.72408
49.7808
49.75854
49.82005
49.79827
49.85616
49.83286
49.88929
49.87074
49.92679
49.91043
49.96386
49.94769
50.00209
49.98237
50.03651
50.01728
50.07225
50.05739
50.10863
50.09406
50.14772
50.12978
50.1855
50.16769
50.22192
50.20235
50.25842
50.2396
50.29897
50.27855
50.3378
50.31742
50.3763
50.35413
50.41
50.38913
50.44565
50.42733
50.48537
50.46186
50.52068
50.49738
50.55796
50.53413
50.59463
50.5723
50.63261
50.61081
50.66987
50.64685
50.70744
50.68526
50.74532
50.72253
50.7805
50.75858
50.81686
50.79865
50.85282
50.83197
50.88863
50.86893
50.92571
50.90805
50.96552
50.9472
51.00322
50.98138
51.03868
51.01624
51.0733
51.05077
51.10773
51.08974
51.14622
51.12281
51.1821
51.16119
51.22053
51.19897
51.25735
51.23787
51.29583
51.27602
51.33362
51.31468
51.37135
51.35275
51.4101
51.38711
51.44833
51.4244
51.48244
51.46218
51.51985
51.49875
51.55389
51.5345
51.59219
51.57105
51.62937
51.60869
51.66646
51.64713
51.70427
51.68369
51.74364
51.72258
51.78228
51.75843
51.8177
51.79701
51.85639
51.83443
51.89427
51.8729
51.93232
51.9105
51.97074
51.94888
52.00911
51.98735
52.04882
52.02647
52.08674
52.06605
52.1267
52.10553
52.16505
52.13961
52.20255
52.17838
52.24013
52.2179
52.2777
52.25431
52.31397
52.29396
52.35288
52.32993
52.38937
52.36793
52.42751
52.40262
52.46315
52.44129
52.49964
52.48069
52.53784
52.5182
52.56355
52.55672
52.57243
52.59095
52.64413
52.62727
52.67734
52.66339
52.70796
52.69983
52.74459
52.73401
52.77698
52.77023
52.81402
52.80913
52.85013
52.84665
52.88636
52.88359
52.92542
52.92126
52.9641
52.9593
53.00211
52.99738
53.03851
53.03473
53.07557
53.07275
53.11278
53.10846
53.1489
53.14746
53.1881
53.18475
53.22626
53.22446
53.26502
53.26364
53.30588
53.30072
53.3419
53.33673
53.37939
53.37664
53.41598
53.41271
53.45396
53.4499
53.49224
53.48622
53.52867
53.52247
53.56407
53.55942
53.60138
53.59715
53.63815
53.63759
53.6762
53.67315
53.71536
53.70847
53.7498
53.74727
53.78703
53.78562
53.82584
53.82457
53.86517
53.86134
53.90298
53.901
53.94102
53.93849
53.97973
53.97547
54.01249
54.0136
54.05043
54.04958
54.0888
54.08799
54.1267
54.12547
54.1639
54.16441
54.20207
54.20278
54.2401
54.23539
54.27919
54.27443
54.3152
54.31227
54.35291
54.34766
54.38803
54.38798
54.42717
54.4258
54.46723
54.46445
54.50425
54.50253
54.54187
54.5418
54.57932
54.5792
54.61688
54.6149
54.65589
54.65121
54.69284
54.72685
54.73111
54.76562
54.76892
54.80269
54.80811
54.84026
54.84541
54.87933
54.88485
54.91811
54.92407
54.95467
54.96234
54.98988
54.99633
55.02497
55.03127
55.06216
55.06938
55.09819
55.10709
55.13738
55.14425
55.17233
55.18038
55.21132
55.21811
55.25043
55.25464
55.28585
55.29223
55.32406
55.32845
55.35948
55.36579
55.39755
55.40475
55.43229
55.43849
55.46452
55.47316
55.50105
55.50453
55.53534
55.54205
55.57303
55.5811
55.6109
55.61845
55.64839
55.65446
55.6841
55.69072
55.72389
55.72898
55.79683
55.76807
55.8321
55.80463
55.87019
55.84204
55.90552
55.87918
55.94236
55.91205
55.97753
55.94918
56.01467
55.9865
56.04972
56.02103
56.08866
56.06049
56.12831
56.09836
56.16484
56.13833
56.20353
56.175
56.24028
56.21224
56.27769
56.24705
56.31525
56.28391
56.35297
56.32415
56.39106
56.36077
56.42459
56.39753
56.46241
56.43402
56.49796
56.47197
56.53672
56.50893
56.5768
56.5482
56.61326
56.58446
56.65338
56.62273
56.6895
56.66175
56.72861
56.70071
56.76646
56.73909
56.8027
56.77698
56.83914
56.8131
56.87303
56.85155
56.91185
56.88625
56.94918
56.92512
56.98728
56.96255
57.02229
56.99995
57.06018
57.03578
57.09575
57.07602
57.13487
57.11366
57.17233
57.15032
57.20917
57.18658
57.24648
57.22547
57.28092
57.29944
57.3182
57.33602
57.35535
57.37435
57.39284
57.41227
57.43031
57.45153
57.47022
57.49071
57.50945
57.52853
57.58526
57.56589
57.62149
57.60247
57.65682
57.63987
57.69239
57.6777
57.73197
57.71592
57.76851
57.75219
57.80587
57.79131
57.84498
57.83127
57.88469
57.87041
57.92228
57.90638
57.95688
57.94299
57.99464
57.98222
58.03218
58.02003
58.07132
58.05723
58.10424
58.09468
58.14235
58.13173
58.17822
58.16743
58.21651
58.20584
58.25522
58.24509
58.29465
58.28268
58.331
58.32021
58.36682
58.35887
58.40752
58.39833
58.44632
58.43669
58.48255
58.47642
58.52074
58.512
58.55943
58.55101
58.59504
58.58741
58.63367
58.62716
58.67172
58.66627
58.71085
58.70113
58.74871
58.73832
58.78436
58.77512
58.82251
58.81396
58.85751
58.85154
58.89621
58.88729
58.9315
58.92578
58.96709
58.96033
59.00165
58.99771
59.03889
59.03519
59.07699
59.07489
59.11392
59.11032
59.14906
59.14488
59.18679
59.18373
59.2261
59.22233
59.26163
59.25817
59.29889
59.29389
59.33525
59.33292
59.3735
59.37122
59.41315
59.4086
59.44996
59.44648
59.48874
59.47967
59.52723
59.51656
59.56567
59.55522
59.60289
59.59322
59.63962
59.62907
59.6771
59.70321
59.71295
59.7434
59.75037
59.78153
59.788
59.82215
59.82816
59.85795
59.86462
59.89687
59.9056
59.93626
59.94497
59.97689
59.98213
60.01487
60.02142
60.05598
60.06227
60.09543
60.10032
60.13507
60.13919
60.17302
60.17754
60.21028
60.21481
60.24924
60.25412
60.28828
60.29283
60.3266
60.33123
60.36539
60.37007
60.40503
60.40955
60.44343
60.44775
60.48295
60.48769
60.5224
60.52729
60.56151
60.56585
60.60093
60.60533
60.64081
60.64481
60.67965
60.68277
60.71804
60.72149
60.75738
60.75732
60.79663
60.79655
60.83387
60.83413
60.87093
60.87336
60.91183
60.91194
60.94915
60.95112
60.98829
60.988
61.02573
61.02714
61.06374
61.06573
61.10209
61.1048
61.14248
61.14293
61.18034
61.18147
61.22088
61.22195
61.25963
61.26
61.29765
61.29866
61.3353
61.33551
61.40999
61.37208
61.44656
61.40762
61.4866
61.44574
61.52434
61.48339
61.56331
61.52179
61.60172
61.56082
61.64137
61.59985
61.67738
61.63839
61.71434
61.67327
61.75106
61.71167
61.78966
61.74904
61.82544
61.78584
61.86377
61.82619
61.90376
61.8633
61.94286
61.90314
61.98164
61.94235
62.01965
61.98179
62.05661
62.01836
62.09483
62.05539
62.1344
62.09371
62.17313
62.13207
62.20995
62.16846
62.24684
62.20771
62.28605
62.24683
62.32601
62.28594
62.36253
62.32619
62.40026
62.36407
62.43937
62.40051
62.47697
62.43745
62.51464
62.47232
62.55125
62.50944
62.5904
62.54678
62.62849
62.58424
62.66616
62.62092
62.7041
62.66158
62.74262
62.69557
62.77858
62.73626
62.81687
62.77304
62.85085
62.81203
62.88493
62.84649
62.92124
62.88658
62.9612
62.92443
63.00019
62.96016
63.03782
62.99861
63.07775
63.03646
63.1163
63.0768
63.1554
63.11419
63.19398
63.15002
63.23083
63.18813
63.26805
63.22588
63.30841
63.26504
63.34767
63.30256
63.38609
63.34135
63.42527
63.38223
63.46365
63.42138
63.50291
63.45803
63.53944
63.49725
63.57878
63.53512
63.61709
63.57448
63.65532
63.61395
63.69376
63.65284
63.73329
63.68901
63.77016
63.72829
63.80907
63.76775
63.84731
63.80634
63.88687
63.84401
63.92512
63.88446
63.96507
63.92387
64.00421
63.96251
64.04269
64.00013
64.0814
64.03949
64.1198
64.07752
64.15878
64.11662
64.19646
64.15485
64.23485
64.19102
64.27096
64.22754
64.30964
64.26534
64.34673
64.30448
64.38601
64.34103
64.42375
64.37939
64.46161
64.41848
64.49993
64.45568
64.534
64.49403
64.57298
64.52919
64.60963
64.5673
64.6438
64.60379
64.68252
64.64036
64.71927
64.67953
64.75839
64.71806
64.79662
64.75687
64.83493
64.79471
64.87434
64.83383
64.91258
64.86973
64.94743
64.90874
64.98855
64.94739
65.02644
64.98544
65.06483
65.02435
65.1035
65.06519
65.14436
65.10402
65.18299
65.14494
65.22095
65.18173
65.25895
65.21811
65.29533
65.25614
65.33471
65.29509
65.37263
65.33396
65.41128
65.37181
65.45007
65.41273
65.48923
65.45187
65.52792
65.49136
65.56743
65.53055
65.60665
65.56626
65.64186
65.60342
65.67957
65.64341
65.7193
65.6814
65.75547
65.71777
65.79368
65.75594
65.83211
65.7955
65.87018
65.83466
65.91083
65.87081
65.94888
65.90617
65.98563
65.94213
66.02163
65.98275
66.06068
66.02183
66.09807
66.05868
66.13524
66.0971
66.17381
66.13723
66.21144
66.17638
66.24957
66.21543
66.28866
66.25084
66.32561
66.2858
66.36276
66.32555
66.40139
66.36314
66.43864
66.39741
66.47469
66.4352
66.5114
66.46356
66.5509
66.5026
66.58762
66.54043
66.62669
66.5796
66.66582
66.61842
66.70431
66.6568
66.74249
66.69595
66.78069
66.73449
66.81868
66.77108
66.8552
66.80875
66.89297
66.8472
66.92991
66.8833
66.96658
66.92253
67.00422
66.95978
67.04387
66.9991
67.08316
67.03738
67.12179
67.07666
67.15884
67.11388
67.19807
67.153
67.23676
67.189
67.27274
67.22639
67.31227
67.26569
67.35135
67.30666
67.39057
67.34465
67.42962
67.42421
67.47015
67.4616
67.50645
67.49993
67.54652
67.53837
67.58514
67.5778
67.62337
67.61673
67.66297
67.65533
67.70023
67.69341
67.7391
67.73123
67.7772
67.77037
67.81546
67.80857
67.85461
67.84644
67.89168
67.88504
67.93084
67.92192
67.96864
67.96268
68.00729
68.00144
68.0461
68.03941
68.08453
68.0759
68.12283
68.11346
68.16053
68.15259
68.19961
68.19171
68.23849
68.23255
68.27676
68.26926
68.31638
68.31004
68.35421
68.34761
68.39437
68.38716
68.43356
68.42506
68.47151
68.46432
68.51074
68.50354
68.55153
68.54069
68.58811
68.57936
68.62817
68.61552
68.66587
68.65257
68.70346
68.69165
68.74041
68.72918
68.77755
68.76644
68.81509
68.8057
68.854
68.84492
68.89492
68.88335
68.93234
68.92139
68.97029
68.95994
69.00834
68.99844
69.04665
69.03778
69.08605
69.07761
69.12534
69.11517
69.1648
69.15523
69.20438
69.19295
69.2442
69.23367
69.28277
69.27199
69.32326
69.31012
69.36185
69.34908
69.40235
69.38853
69.43975
69.42716
69.47916
69.46597
69.51756
69.50432
69.55663
69.54341
69.59616
69.58183
69.63578
69.62112
69.67518
69.66071
69.71363
69.70038
69.75319
69.73865
69.79349
69.77834
69.83315
69.81958
69.87291
69.8593
69.91425
69.90006
69.95408
69.93975
69.99462
69.97969
70.03419
70.01855
70.07531
70.05967
70.11478
70.09904
70.1557
70.13845
70.19509
70.17775
70.23444
70.21756
70.27382
70.25616
70.31181
70.29622
70.35101
70.33549
70.38994
70.37453
70.42932
70.41393
70.46815
70.45203
70.50738
70.49096
70.54751
70.53022
70.58688
70.56863
70.62431
70.60676
70.66295
70.64508
70.70104
70.68365
70.73792
70.72319
70.77727
70.76249
70.81651
70.80273
70.85577
70.83858
70.89369
70.87672
70.93125
70.91476
70.97144
70.95387
71.00967
70.99392
71.05047
71.03016
71.08641
71.07104
71.12627
71.11001
71.15855
71.14857
71.19765
71.18475
71.23566
71.2225
71.27275
71.26021
71.31001
71.29704
71.34819
71.33502
71.38596
71.37412
71.42381
71.41278
71.46246
71.45109
71.50155
71.49096
71.53719
71.52762
71.57659
71.56052
71.61255
71.59828
71.64853
71.63187
71.68506
71.66775
71.72573
71.70586
71.76147
71.74527
71.80083
71.78451
71.8401
71.82388
71.87931
71.8633
71.91727
71.90205
71.95558
71.93631
71.99277
71.97697
72.0308
72.01633
72.07207
72.05746
72.1114
72.0955
72.15035
72.13514
72.18977
72.17456
72.2285
72.21558
72.26714
72.25433
72.30681
72.29145
72.34538
72.32988
72.38619
72.36928
72.46565
72.4104
72.50509
72.44974
72.54463
72.4874
72.58177
72.52696
72.62128
72.56815
72.66254
72.6075
72.70207
72.64845
72.74301
72.68756
72.78219
72.72771
72.82278
72.7672
72.86241
72.8071
72.90189
72.84573
72.94138
72.88475
72.98041
72.92314
73.01901
72.96156
73.05996
73.0009
73.09845
73.03914
73.13686
73.07816
73.17618
73.11715
73.21542
73.15639
73.2524
73.1956
73.29071
73.23456
73.3301
73.27385
73.36943
73.31277
73.41022
73.35154
73.44951
73.39029
73.48825
73.42908
73.52771
73.46851
73.56584
73.50784
73.60237
73.54389
73.64259
73.5823
73.68175
73.62172
73.72081
73.66103
73.7601
73.70027
73.79957
73.73917
73.83906
73.77707
73.87684
73.81534
73.9156
73.85465
73.95372
73.89406
73.99251
73.93261
74.03172
73.97218
74.07048
74.01149
74.10955
74.05007
74.14821
74.08921
74.18607
74.12582
74.22421
74.16365
74.26205
74.20215
74.29948
74.24129
74.33856
74.27878
74.37581
74.31822
74.41508
74.35568
74.45291
74.39515
74.49068
74.43382
74.52833
74.4728
74.56655
74.51208
74.60567
74.55038
74.64367
74.58829
74.68215
74.62539
74.72216
74.6647
74.76063
74.7035
74.7999
74.74158
74.8391
74.78093
74.87824
74.8205
74.91759
74.85973
74.95697
74.89862
74.99673
74.93707
75.0363
74.97783
75.07616
75.01745
75.11554
75.05836
75.15582
75.09715
75.19511
75.13518
75.23525
75.17304
75.26936
75.21188
75.30881
75.2496
75.34727
75.28888
75.38825
75.32973
75.4274
75.36752
75.46825
75.40756
75.50744
75.44557
75.54617
75.48608
75.58546
75.52296
75.62265
75.56111
75.66034
75.59987
75.69987
75.63918
75.74097
75.67855
75.77899
75.71667
75.81795
75.75513
75.85586
75.79625
75.89523
75.83509
75.93426
75.87455
75.97319
75.91381
76.0112
75.95316
76.05051
75.99236
76.08991
76.03056
76.12756
76.06912
76.16578
76.10849
76.20531
76.14778
76.24392
76.18616
76.28317
76.22449
76.32353
76.26233
76.36046
76.30255
76.40015
76.3403
76.43874
76.37857
76.47639
76.41481
76.51377
76.45425
76.55308
76.49401
76.59167
76.53248
76.63054
76.56982
76.66817
76.60893
76.70547
76.64596
76.74445
76.68401
76.78287
76.72389
76.82132
76.7606
76.86004
76.79779
76.89931
76.837
76.93773
76.87527
76.97571
76.91322
77.01328
76.95212
77.0527
76.99042
77.09052
77.02735
77.12897
77.06748
77.16599
77.10558
77.205
77.14257
77.24343
77.18208
77.2827
77.218
77.32098
77.25584
77.35944
77.29199
77.39747
77.33154
77.43456
77.37076
77.47419
77.41033
77.51354
77.449
77.55143
77.48491
77.58801
77.52422
77.62733
77.5636
77.66674
77.60223
77.70612
77.63776
77.7449
77.67719
77.77953
77.71668
77.81905
77.75569
77.85857
77.79639
77.89969
77.83591
77.93875
77.87637
77.97993
77.91591
78.01969
77.95539
78.06096
77.99313
78.1004
78.03252
78.13847
78.0735
78.17778
78.11295
78.21884
78.1524
78.25806
78.19138
78.29753
78.23044
78.33691
78.26946
78.37655
78.30878
78.41408
78.34745
78.45338
78.3856
78.49152
78.42491
78.53102
78.46602
78.57048
78.50427
78.60996
78.54379
78.64933
78.58325
78.68785
78.6228
78.72729
78.66372
78.76627
78.70063
78.80588
78.74184
78.8428
78.78143
78.88248
78.82092
78.92181
78.85976
78.96301
78.89849
79.00096
78.9377
79.04045
78.97858
79.07821
79.01582
79.11761
79.05486
79.15865
79.09356
79.19569
79.13306
79.23246
79.1726
79.27193
79.21082
79.31019
79.25031
79.34958
79.28862
79.38802
79.32774
79.42651
79.36577
79.46532
79.40683
79.50493
79.44454
79.54442
79.48467
79.58237
79.5237
79.62157
79.56486
79.6603
79.60349
79.69973
79.64161
79.73746
79.68044
79.7766
79.71801
79.81535
79.75657
79.85495
79.79602
79.89474
79.83558
79.93371
79.91479
79.97334
79.95405
80.01295
79.99279
80.05269
80.03243
80.09133
80.07186
80.13112
80.11134
80.17083
80.15082
80.21206
80.19042
80.25171
80.22982
80.29021
80.26923
80.32957
80.30821
80.36907
80.34705
80.40875
80.38557
80.44766
80.42417
80.48536
80.46372
80.52488
80.50339
80.56452
80.5431
80.60292
80.58278
80.64347
80.62236
80.68302
80.66367
80.72374
80.70171
80.76253
80.74246
80.80183
80.7823
80.84159
80.82357
80.88256
80.86346
80.9222
80.9048
80.96351
80.94445
81.0026
80.9847
81.04235
81.02364
81.08247
81.06273
81.12196
81.10195
81.16126
81.14135
81.19926
81.18062
81.23923
81.22024
81.27773
81.25936
81.31678
81.29662
81.355
81.33392
81.39245
81.37342
81.4308
81.41367
81.47189
81.45114
81.51138
81.48911
81.54929
81.52814
81.58632
81.56882
81.62542
81.60767
81.66658
81.64628
81.70569
81.6859
81.74477
81.72445
81.78437
81.76408
81.82406
81.80482
81.86339
81.84256
81.90083
81.88183
81.94048
81.92136
81.97986
81.96262
82.01942
82.00126
82.05901
82.04061
82.0985
82.0791
82.13691
82.11773
82.17656
82.1571
82.21473
82.19657
82.25286
82.23604
82.29239
82.27563
82.33208
82.31542
82.37178
82.35429
82.41076
82.39307
82.45049
82.43289
82.49046
82.47269
82.5303
82.51248
82.57085
82.55271
82.60963
82.59244
82.65099
82.63366
82.69074
82.67323
82.73201
82.71257
82.77161
82.75204
82.81246
82.79132
82.85209
82.83081
82.89137
82.87013
82.92983
82.90982
82.96709
82.98728
83.00633
83.02665
83.04601
83.06759
83.08532
83.10558
83.12412
83.14447
83.16443
83.18251
83.20258
83.22209
83.24101
83.26103
83.27961
83.29948
83.31924
83.3389
83.35694
83.37995
83.39636
83.41956
83.43589
83.45692
83.47492
83.49636
83.51443
83.53519
83.55302
83.57387
83.59254
83.61237
83.63348
83.65202
83.67043
83.69078
83.70922
83.73026
83.74879
83.76981
83.78826
83.80894
83.82929
83.84848
83.86877
83.88676
83.90717
83.92439
83.94674
83.96397
83.98501
84.00356
84.02336
84.04324
84.06236
84.08295
84.1017
84.12286
84.14153
84.16274
84.18135
84.20178
84.22269
84.24285
84.26131
84.28113
84.30264
84.32124
84.3421
84.36047
84.38265
84.4001
84.42211
84.43754
84.46098
84.47868
84.50047
84.51795
84.54005
84.55882
84.58001
84.59745
84.61912
84.63842
84.66003
84.67669
84.69958
84.71586
84.73709
84.75539
84.77654
84.79607
84.81702
84.83564
84.85644
84.87519
84.89603
84.91394
84.93558
84.95354
84.97424
84.99471
85.0138
85.0322
85.05505
85.07146
85.09313
85.11079
85.13244
85.15024
85.17079
85.18974
85.21067
85.23077
85.25018
85.2703
85.28981
85.30949
85.32901
85.34917
85.36867
85.38716
85.40849
85.42575
85.44675
85.46706
85.4881
85.5069
85.52758
85.54697
85.56752
85.58661
85.60709
85.62685
85.64803
85.66632
85.68674
85.70535
85.72614
85.74442
85.76569
85.78312
85.80394
85.82378
85.84283
85.86237
85.88055
85.90179
85.91933
85.94058
85.95894
85.98006
85.99722
86.01953
86.03682
86.05844
86.078
86.09772
86.11678
86.13713
86.15785
86.1752
86.19614
86.21216
86.23434
86.25071
86.27377
86.28706
86.31136
86.3261
86.3503
86.3656
86.38929
86.40458
86.42893
86.44429
86.46853
86.48405
86.50822
86.52372
86.54898
86.5638
86.5888
86.60246
86.62888
86.64326
86.66866
86.68304
86.70835
86.72438
86.7498
86.76406
86.78955
86.80534
86.82955
86.84505
86.86932
86.88148
86.90815
86.92113
86.94798
86.95972
86.9883
86.99963
87.02837
87.03946
87.06985
87.08091
87.10973
87.12069
87.15123
87.16206
87.19118
87.20201
87.23255
87.24342
87.27222
87.28292
87.31203
87.3224
87.35097
87.36204
87.39196
87.40233
87.43185
87.44099
87.47079
87.4804
87.50996
87.51939
87.54982
87.5593
87.58909
87.59906
87.62874
87.63831
87.6684
87.67752
87.70776
87.71684
87.74628
87.75629
87.78571
87.79446
87.82523
87.83273
87.8636
87.87099
87.90217
87.91001
87.94168
87.94938
87.98235
87.98882
88.02142
88.02757
88.06004
88.06519
88.09734
88.10471
88.13725
88.14442
88.17683
88.18275
88.21655
88.22247
88.25541
88.2622
88.29533
88.34173
88.33514
88.38141
88.37495
88.41912
88.41431
88.45885
88.454
88.49998
88.49432
88.53943
88.53405
88.57912
88.57357
88.61877
88.61135
88.65905
88.65273
88.69813
88.69238
88.73779
88.73208
88.77748
88.7711
88.81707
88.8104
88.85674
88.85004
88.89468
88.89033
88.93419
88.93001
88.974
88.97016
89.0138
89.00974
89.05358
89.04947
89.09225
89.08817
89.13174
89.1291
89.17108
89.16837
89.21151
89.20713
89.2508
89.24641
89.28891
89.28574
89.32738
89.32351
89.36398
89.36205
89.40434
89.40073
89.44287
89.44002
89.48139
89.47807
89.5205
89.5173
89.56133
89.55707
89.60011
89.59621
89.63726
89.6371
89.67342
89.67408
89.71268
89.71329
89.75169
89.74992
89.79107
89.78921
89.83216
89.82911
89.8708
89.86851
89.91028
89.90826
89.94865
89.94778
89.98647
89.98727
90.02505
90.02575
90.06618
90.06631
90.10594
90.10404
90.14737
90.14538
90.18713
90.18481
90.22868
90.2259
90.26848
90.26591
90.31003
90.30746
90.34955
90.34733
90.38993
90.38379
90.42986
90.42317
90.47134
90.46367
90.5108
90.50361
90.55231
90.54502
90.5921
90.58482
90.63253
90.62465
90.67249
90.66508
90.71366
90.70486
90.7535
90.74212
90.7933
90.78115
90.83308
90.82225
90.87241
90.86193
90.91346
90.90329
90.95274
90.94318
90.99363
90.98425
91.03344
91.02356
91.07449
91.06497
91.11421
91.10491
91.15516
91.14586
91.19506
91.18501
91.23558
91.2248
91.27551
91.26411
91.31609
91.30553
91.35302
91.34516
91.39456
91.3835
91.4345
91.42339
91.47586
91.46318
91.51575
91.50298
91.55722
91.54237
91.59187
91.5834
91.63344
91.6225
91.67309
91.66406
91.71358
91.7039
91.75345
91.74525
91.79472
91.78511
91.83477
91.82407
91.87209
91.86394
91.91356
91.90553
91.9533
91.94551
91.98736
91.98436
92.02725
92.02402
92.06858
92.06568
92.10079
92.10571
92.14214
92.14554
92.18198
92.18533
92.2234
92.22686
92.26311
92.26678
92.3028
92.30805
92.34258
92.34712
92.38286
92.38635
92.4224
92.42619
92.46209
92.46731
92.50178
92.50691
92.53826
92.54643
92.57814
92.58612
92.61803
92.62606
92.65768
92.66585
92.69744
92.7053
92.73711
92.74669
92.77684
92.78668
92.81677
92.82804
92.85656
92.86785
92.89618
92.90935
92.93601
92.94868
92.97762
92.98853
93.01735
93.02844
93.05718
93.06987
93.09701
93.10973
93.13853
93.14961
93.17835
93.18934
93.21805
93.22901
93.25703
93.26883
93.29671
93.30865
93.33635
93.34816
93.41547
93.38791
93.45506
93.42751
93.49467
93.46864
93.53417
93.50822
93.57528
93.54941
93.61131
93.58886
93.65144
93.62731
93.69061
93.66555
93.73135
93.70417
93.77064
93.74424
93.8111
93.78352
93.84215
93.82442
93.88312
93.86334
93.92233
93.90208
93.9594
93.94144
93.99759
93.98257
94.03653
94.02086
94.07758
94.05941
94.11707
94.09885
94.15664
94.14011
94.18367
94.17972
94.21487
94.2093
94.24211
94.24911
94.28111
94.28101
94.32084
94.31992
94.36058
94.34973
94.39042
94.38104
94.42008
94.41969
94.45491
94.45172
94.49453
94.49328
94.53419
94.53297
94.57348
94.57262
94.61309
94.61243
94.65264
94.65234
94.6925
94.69217
94.73228
94.73186
94.77213
94.77135
94.81312
94.81128
94.85269
94.85088
94.87923
94.88981
94.91431
94.91468
94.94688
94.9398
94.9632
94.96138
94.97797
94.98376
95.01564
94.99351
95.04473
95.02103
95.07211
95.05
95.1021
95.09005
95.13101
95.13171
95.16866
95.17185
95.19601
95.20344
95.21982
95.22581
95.24721
95.23553
95.27465
95.27057
95.29874
95.29207
95.33115
95.3019
95.35622
95.3294
95.37786
95.34924
95.40031
95.37317
95.4227
95.41328
95.46911
95.45081
95.47894
95.48752
95.5165
95.4973
95.54571
95.52457
95.55302
95.55119
95.57803
95.58874
95.58538
95.59752
95.63675
95.63766
95.64651
95.66509
95.67668
95.69519
95.71831
95.72425
95.75342
95.74657
95.78747
95.77144
95.81746
95.80299
95.82718
95.81265
95.85461
95.85261
95.8634
95.89387
95.89815
95.9336
95.92546
95.97327
95.93246
96.01292
95.96708
96.04839
96.00177
96.08794
96.04134
96.1293
96.08253
96.16519
96.12235
96.20239
96.15479
96.24129
96.18189
96.27348
96.21413
96.29988
96.25391
96.3546
96.28784
96.36437
96.31258
96.38676
96.33981
96.39642
96.3745
96.41618
96.38421
96.4373
96.40662
96.45712
96.41304
96.46431
96.41911
96.47414
96.42594
96.48662
96.4329
96.49398
96.44102
96.5003
96.46297
96.50661
96.46987
96.51652
96.47648
96.52312
96.48311
96.52991
96.48969
96.5368
96.4975
96.54751
96.5042
96.55403
96.51078
96.56054
96.51731
96.56699
96.53009
96.58467
96.53658
96.59111
96.54436
96.59758
96.56894
96.6078
96.58968
96.61423
96.60278
96.62067
96.60914
96.62708
96.61549
96.63982
96.62312
96.6462
96.63066
96.65258
96.64085
96.6754
96.65358
96.68184
96.67515
96.68814
96.68144
96.69576
96.69907
96.70583
96.70535
96.72095
96.71162
96.72723
96.72681
96.74736
96.7368
96.75365
96.74689
96.75993
96.76206
96.77547
96.76832
96.78176
96.77457
96.79433
96.80846
96.80059
96.8147
96.80689
96.82098
96.82954
96.83356
96.8358
96.84357
96.84586
96.85657
96.85376
96.86277
96.86373
96.86898
96.87115
96.88155
96.87735
96.88777
96.88997
96.89395
96.89624
96.90897
96.90242
96.91519
96.91242
96.92139
96.91869
96.93685
96.92491
96.94299
96.93533
96.94918
96.94153
96.95912
96.94775
96.99196
96.9603
96.99812
96.97027
97.0043
96.98025
97.01472
96.99525
97.0209
97.00141
97.03081
97.02145
97.04835
97.02769
97.0545
97.03386
97.06069
97.06658
97.08073
97.07275
97.08692
97.07896
97.09311
97.10418
97.11073
97.11037
97.1169
97.11654
97.12307
97.14942
97.14061
97.15558
97.15056
97.18079
97.17819
97.187
97.18603
97.19319
97.20613
97.21074
97.2123
97.21694
97.21848
97.2231
97.24606
97.24565
97.2522
97.25177
97.25838
97.25792
97.27133
97.26407
97.27745
97.27908
97.28356
97.28648
97.29343
97.29382
97.31094
97.30122
97.31706
97.326
97.32317
97.33213
97.3356
97.33823
97.34169
97.35114
97.35206
97.37078
97.3582
97.3883
97.36435
97.39442
97.37048
97.40056
97.3778
97.41042
97.38518
97.41777
97.39764
97.42512
97.40376
97.4375
97.40988
97.44365
97.4223
97.44979
97.42968
97.4559
97.43579
97.4633
97.45939
97.47318
97.46552
97.48056
97.47163
97.49535
97.48911
97.51008
97.49644
97.52045
97.5063
97.52784
97.53432
97.53398
97.5405
97.54631
97.54663
97.5588
97.5666
97.56494
97.57272
97.57993
97.57889
97.58611
97.60153
97.59226
97.60768
97.61485
97.61385
97.62101
97.63136
97.64359
97.63748
97.66364
97.64365
97.66984
97.67757
97.69737
97.68375
97.70369
97.70632
97.72382
97.71249
97.73026
97.71866
97.73669
97.75746
97.75462
97.78265
97.76128
97.78904
97.76791
97.79551
97.77472
97.80815
97.78565
97.81572
97.79272
97.83134
97.80013
97.8451
97.80737
97.85336
97.81458
97.86055
97.82211
97.8746
97.82932
97.88159
97.8366
97.88889
97.84413
97.89608
97.85109
97.91727
97.85809
97.9242
97.86497
97.93143
97.87197
97.938
97.8788
97.94404
97.89246
97.95042
97.899
97.95626
97.90499
97.97057
97.91074
97.97617
97.95102
97.98171
97.97961
98.00541
97.98573
98.03635
98.02523
98.04157
98.05862
98.04667
98.06372
98.05789
98.06881
98.063
98.08019
98.06809
98.08528
98.07319
98.09038
98.07829
98.09547
98.08339
98.10056
98.08849
98.10566
98.09358
98.11448
98.10672
98.11957
98.11556
98.12466
98.12067
98.131
98.12577
98.1361
98.13087
98.14118
98.13597
98.14748
98.14108
98.15256
98.14618
98.15765
98.15128
98.16274
98.15638
98.16901
98.16148
98.1741
98.16657
98.17918
98.17288
98.18428
98.17798
98.1906
98.18308
98.19569
98.18945
98.20078
98.19576
98.20587
98.20207
98.21217
98.20839
98.21726
98.2147
98.22235
98.221
98.22744
98.22611
98.23253
98.23244
98.23763
98.23877
98.24271
98.24387
98.25395
98.24897
98.25904
98.26303
98.26958
98.26814
98.2784
98.27325
98.28723
98.27956
98.29233
98.28466
98.29742
98.28976
98.30373
98.29486
98.30883
98.30118
98.3167
98.31252
98.32178
98.31762
98.32687
98.32271
98.33788
98.33296
98.34298
98.33804
98.34805
98.34312
98.36063
98.34942
98.36572
98.35451
98.3708
98.3596
98.37708
98.36922
98.38216
98.37431
98.38724
98.37939
98.39232
98.38448
98.39861
98.39534
98.40624
98.40044
98.41132
98.40553
98.4164
98.41061
98.42147
98.4157
98.42655
98.42203
98.43285
98.42713
98.43792
98.43224
98.443
98.43734
98.44931
98.44244
98.45439
98.44756
98.45947
98.45267
98.46455
98.45779
98.47752
98.47175
98.4826
98.47687
98.48767
98.48199
98.49397
98.48711
98.5103
98.49734
98.51537
98.50246
98.52045
98.50759
98.52554
98.51272
98.53184
98.51784
98.53691
98.52296
98.54198
98.52809
98.54706
98.53946
98.55513
98.5446
98.56021
98.54974
98.56529
98.55608
98.57337
98.56121
98.57845
98.56634
98.58353
98.5752
98.58983
98.58032
98.59689
98.58544
98.6032
98.59253
98.60828
98.59766
98.61338
98.60278
98.61846
98.60791
98.62479
98.61303
98.62988
98.61816
98.63499
98.62328
98.6401
98.62841
98.65076
98.63728
98.65586
98.65366
98.66098
98.65878
98.67789
98.6639
98.68301
98.68328
98.68813
98.69353
98.70909
98.71699
98.71793
98.73628
98.73056
98.74141
98.73568
98.74654
98.74081
98.75805
98.75903
98.76317
98.76415
98.7683
98.76927
98.78339
98.7869
98.78851
98.79203
98.79363
98.79715
98.80393
98.80875
98.80905
98.81387
98.81417
98.819
98.82359
98.82818
98.8287
98.8333
98.83382
98.83842
98.83893
98.84799
98.84695
98.85313
98.85207
98.85826
98.85719
98.8634
98.86353
98.86855
98.86864
98.87368
98.87377
98.87881
98.87889
98.88636
98.88523
98.89149
98.89035
98.89663
98.89547
98.90801
98.90184
98.91315
98.90697
98.91827
98.91209
98.92463
98.9172
98.92977
98.92608
98.93491
98.93119
98.94376
98.93631
98.95013
98.94267
98.95648
98.94901
98.96163
98.95536
98.96678
98.96684
98.97191
98.9771
98.97829
98.98346
98.98343
98.98981
98.98857
98.99495
98.99495
99.00008
99.00008
99.00642
99.00645
99.02358
99.02578
99.03245
99.03217
99.04131
99.04609
99.05419
99.06023
99.06054
99.0666
99.06689
99.08235
99.07577
99.0875
99.08091
99.09975
99.08604
99.10491
99.09324
99.11006
99.09837
99.11897
99.10352
99.12411
99.10865
99.12925
99.1312
99.15098
99.13634
99.15612
99.14147
99.16129
99.15157
99.16644
99.1567
99.17158
99.16184
99.17675
99.16698
99.18189
99.17993
99.18706
99.18507
99.19346
99.19022
99.19986
99.19655
99.20874
99.20168
99.21391
99.20683
99.21906
99.21197
99.22421
99.21831
99.22935
99.22345
99.23451
99.22858
99.24088
99.23372
99.24725
99.24512
99.25614
99.25025
99.26665
99.25539
99.2718
99.26053
99.27695
99.26567
99.2821
99.27591
99.28848
99.28104
99.29365
99.28619
99.29879
99.29133
99.30518
99.29646
99.31161
99.30282
99.31676
99.30914
99.32193
99.31429
99.32831
99.31944
99.33346
99.33082
99.3386
99.33596
99.34562
99.34111
99.35457
99.35262
99.36094
99.36151
99.36983
99.36666
99.38625
99.3718
99.39954
99.37817
99.41837
99.38451
99.42358
99.3984
99.42874
99.44324
99.44921
99.456
99.45439
99.46114
99.46946
99.4663
99.47468
99.4817
99.47983
99.48685
99.49821
99.49201
99.50337
99.5053
99.50857
99.5125
99.52521
99.52305
99.5304
99.52821
99.53555
99.53336
99.5509
99.53972
99.55608
99.54859
99.56125
99.55373
99.5754
99.55888
99.58058
99.57054
99.58574
99.57568
99.59213
99.58083
99.60218
99.59457
99.60735
99.59975
99.61252
99.6049
99.62052
99.61528
99.62571
99.62041
99.63088
99.62556
99.64264
99.63314
99.64782
99.63828
99.65298
99.64465
99.66558
99.65352
99.67075
99.6637
99.67591
99.66885
99.68657
99.674
99.69174
99.68541
99.69691
99.69428
99.70208
99.7082
99.70845
99.71455
99.71361
99.71971
99.71875
99.72488
99.72692
99.73751
99.73209
99.74388
99.74352
99.74902
99.74992
99.75415
99.75629
99.76213
99.76146
99.77101
99.76662
99.7826
99.77678
99.78897
99.78319
99.79411
99.78957
99.79926
99.79597
99.80814
99.80238
99.8133
99.81002
99.82245
99.8152
99.82883
99.82039
99.83399
99.82932
99.83914
99.84238
99.85251
99.84756
99.85889
99.85274
99.86528
99.86414
99.87044
99.87219
99.8756
99.87862
99.88197
99.88752
99.89085
99.89393
99.89603
99.89912
99.90121
99.90429
99.91263
99.91071
99.92047
99.92296
99.92562
99.92812
99.9308
99.9333
99.93968
99.9481
99.94485
99.95329
99.95447
99.95847
99.96082
99.96368
99.96603
99.9689
99.9712
99.9772
99.98579
99.99169
99.99469
99.99811
99.99986
100.0065
100.005
100.019
100.0185
100.0242
100.0237
100.0294
100.0289
100.0346
100.034
100.0459
100.0467
100.0511
100.0531
100.0563
100.062
100.0677
100.0684
100.0729
100.0748
100.0794
100.0812
100.0908
100.0901
100.096
100.1031
100.1012
100.1095
100.1152
100.1147
100.1204
100.1287
100.1256
100.1339
100.1432
100.1391
100.1496
100.1505
100.1586
100.1556
100.165
100.1609
100.1702
100.1773
100.1754
100.1825
100.1894
100.1941
100.1946
100.203
100.1999
100.2119
100.2063
100.2171
100.2206
100.2307
100.227
100.2359
100.236
100.2411
100.2425
100.2475
100.2477
100.254
100.2529
100.2592
100.2582
100.2644
100.2646
100.2696
100.2737
100.276
100.2801
100.2812
100.2866
100.2864
100.2918
100.2928
100.2971
100.298
100.3035
100.3033
100.3125
100.3097
100.3189
100.3149
100.3241
100.3201
100.3294
100.3265
100.3358
100.3317
100.341
100.3369
100.3462
100.3432
100.3526
100.3496
100.3578
100.356
100.363
100.3612
100.3693
100.3663
100.3744
100.3726
100.3796
100.3789
100.3934
100.3878
100.3997
100.4003
100.406
100.4067
100.4188
100.413
100.4277
100.4193
100.434
100.4307
100.4427
100.4708
100.4513
100.4759
100.467
100.481
100.4721
100.4873
100.4772
100.4936
100.4936
100.4999
100.4987
100.505
100.5038
100.5147
100.5089
100.5211
100.5177
100.5262
100.5265
100.5325
100.5328
100.5376
100.5379
100.5427
100.5431
100.5479
100.5494
100.5605
100.5658
100.5656
100.5722
100.577
100.5785
100.5821
100.5837
100.5872
100.5888
100.6003
100.5993
100.6054
100.6057
100.6105
100.6109
100.6195
100.6223
100.6246
100.6274
100.6298
100.6326
100.6349
100.6415
100.6413
100.6479
100.6502
100.6568
100.659
100.6725
100.6654
100.6777
100.6718
100.6829
100.6848
100.6956
100.69
100.7008
100.6964
100.706
100.7028
100.7112
100.7093
100.7227
100.7199
100.7279
100.7252
100.7343
100.7304
100.7407
100.7355
100.7459
100.7407
100.7511
100.7459
100.7563
100.7569
100.7711
100.762
100.7776
100.7672
100.7908
100.7724
100.796
100.7826
100.8012
100.7878
100.8099
100.793
100.8164
100.7994
100.8228
100.8058
100.8318
100.8123
100.8382
100.8175
100.8447
100.8227
100.8499
100.8291
100.8551
100.8355
100.8633
100.8482
100.8685
100.8586
100.8737
100.865
100.8876
100.8702
100.8941
100.8754
100.907
100.8818
100.9122
100.8908
100.9174
100.8997
100.9281
100.9061
100.9348
100.9125
100.9437
100.9188
100.9489
100.924
100.954
100.9292
100.9679
100.9356
100.9744
100.9475
100.9896
100.9526
100.9948
100.9578
101
100.9661
101.0128
100.9713
101.0255
100.9854
101.0319
100.9933
101.0408
101.005
101.0512
101.0102
101.0576
101.0154
101.0666
101.0307
101.0796
101.0371
101.086
101.0474
101.0912
101.0564
101.0964
101.0628
101.1054
101.0717
101.1196
101.0843
101.1358
101.0895
101.1411
101.0998
101.1463
101.1062
101.1527
101.1151
101.1591
101.124
101.1643
101.133
101.1695
101.1394
101.1776
101.1458
101.1865
101.1547
101.1992
101.1726
101.2044
101.179
101.2096
101.1942
101.2148
101.1994
101.2225
101.2046
101.2289
101.2098
101.2353
101.2162
101.2443
101.2251
101.2532
101.234
101.2652
101.248
101.2716
101.2544
101.2817
101.2647
101.2881
101.2725
101.2945
101.2814
101.3075
101.2892
101.3139
101.302
101.3229
101.3098
101.3332
101.3213
101.3384
101.3276
101.3436
101.3353
101.3525
101.3417
101.3664
101.3497
101.378
101.3561
101.3844
101.3675
101.3926
101.3814
101.399
101.3879
101.4054
101.3983
101.4118
101.4047
101.4238
101.4137
101.429
101.4201
101.4342
101.4265
101.4406
101.4329
101.4492
101.4405
101.4544
101.4457
101.4596
101.4509
101.466
101.456
101.475
101.4624
101.4814
101.4689
101.4928
101.4778
101.4992
101.4858
101.5044
101.4923
101.5096
101.4974
101.5148
101.5026
101.52
101.5141
101.5265
101.5205
101.5316
101.5281
101.5369
101.5345
101.5421
101.5409
101.5473
101.5498
101.5524
101.555
101.5589
101.5614
101.5653
101.5666
101.5705
101.5717
101.5757
101.5781
101.5809
101.5833
101.5873
101.5885
101.5944
101.5974
101.6058
101.6025
101.611
101.6077
101.625
101.6129
101.6339
101.6192
101.642
101.6307
101.6544
101.637
101.6596
101.6434
101.6661
101.6498
101.6725
101.6562
101.6777
101.6626
101.6829
101.6715
101.6893
101.6911
101.7009
101.6963
101.7073
101.7015
101.7149
101.7079
101.7254
101.7143
101.7319
101.7194
101.7383
101.7246
101.7461
101.7359
101.7596
101.7486
101.7663
101.7538
101.7752
101.759
101.7817
101.7731
101.7895
101.7807
101.796
101.7871
101.8024
101.7935
101.8088
101.8096
101.814
101.8185
101.8192
101.8326
101.8306
101.839
101.8385
101.8454
101.8437
101.8506
101.849
101.8558
101.8579
101.8647
101.8689
101.8727
101.8741
101.8779
101.8793
101.8831
101.8845
101.8883
101.8909
101.899
101.9074
101.9042
101.9138
101.9093
101.9252
101.9158
101.9316
101.9222
101.9466
101.9274
101.9518
101.9326
101.9583
101.9378
101.9647
101.943
101.9787
101.9494
101.9876
101.9546
101.9966
101.9598
102.0055
101.9662
102.012
101.9777
102.0172
101.9841
102.0224
101.9925
102.0276
101.999
102.0329
102.0055
102.0418
102.0169
102.0515
102.0259
102.0603
102.0323
102.0693
102.0388
102.0758
102.0453
102.0822
102.0517
102.0887
102.0569
102.0976
102.0621
102.1067
102.0674
102.1131
102.0764
102.1196
102.0929
102.1286
102.102
102.1351
102.1073
102.1441
102.1126
102.1531
102.119
102.1584
102.1256
102.1665
102.1346
102.1731
102.1437
102.1822
102.1527
102.1876
102.1668
102.1929
102.1759
102.1995
102.185
102.2086
102.1916
102.2177
102.2007
102.2269
102.2073
102.2335
102.2126
102.239
102.218
102.2444
102.2297
102.2535
102.2351
102.2628
102.2406
102.2682
102.246
102.2737
102.2514
102.2803
102.2581
102.2871
102.2648
102.2939
102.2703
102.2994
102.2757
102.3049
102.2824
102.3142
102.2879
102.3235
102.2934
102.3327
102.3044
102.3395
102.3154
102.348
102.3223
102.3547
102.3341
102.3666
102.3397
102.3722
102.3453
102.3777
102.3508
102.3872
102.3576
102.3941
102.3694
102.4009
102.3787
102.4066
102.3881
102.4124
102.395
102.4219
102.4006
102.4276
102.4063
102.4333
102.412
102.439
102.419
102.4448
102.4259
102.4544
102.4318
102.4603
102.4412
102.4674
102.4482
102.4732
102.4552
102.4791
102.4623
102.4888
102.4693
102.4959
102.4752
102.502
102.4823
102.508
102.4882
102.5169
102.4941
102.5241
102.5013
102.5314
102.5072
102.5375
102.5131
102.5436
102.5203
102.5497
102.5275
102.5571
102.5335
102.5633
102.5394
102.5696
102.5517
102.5759
102.559
102.5822
102.5688
102.5885
102.575
102.6002
102.5811
102.6077
102.5885
102.6141
102.5947
102.6205
102.6008
102.6269
102.6069
102.6345
102.6143
102.6409
102.6206
102.6475
102.6268
102.6553
102.6343
102.662
102.6406
102.6686
102.6468
102.6754
102.653
102.6822
102.6593
102.6888
102.6657
102.6955
102.6733
102.7058
102.6797
102.7126
102.6861
102.7193
102.6925
102.7261
102.6988
102.734
102.7065
102.7407
102.7166
102.7475
102.7231
102.7542
102.7297
102.7611
102.7363
102.7679
102.7429
102.7759
102.7496
102.7826
102.7561
102.7894
102.7628
102.7962
102.7694
102.8029
102.776
102.8097
102.7827
102.8164
102.7907
102.8232
102.7974
102.8299
102.8042
102.8379
102.8109
102.8447
102.8177
102.8514
102.8244
102.8582
102.8324
102.8649
102.8391
102.8717
102.8459
102.8785
102.8526
102.8852
102.8594
102.892
102.8661
102.8987
102.8728
102.9055
102.8796
102.9122
102.8864
102.919
102.8931
102.9258
102.8998
102.9325
102.9066
102.9393
102.9133
102.946
102.9213
102.9528
102.928
102.9595
102.9348
102.9663
102.9415
102.9731
102.9482
102.9798
102.955
102.9866
102.9617
102.9933
102.9685
103.0001
102.9752
103.008
102.982
103.0148
102.9887
103.0216
102.9955
103.0283
103.0022
103.0351
103.0089
103.0418
103.0157
103.0486
103.0224
103.0553
103.0292
103.0621
103.0359
103.0688
103.0427
103.0756
103.0494
103.0824
103.0562
103.0891
103.0629
103.0959
103.0696
103.1026
103.0764
103.1094
103.0831
103.1161
103.0899
103.1229
103.0966
103.1296
103.1033
103.1364
103.1101
103.1431
103.1168
103.1499
103.1236
103.1566
103.1303
103.1634
103.137
103.1701
103.1438
103.1769
103.1505
103.1836
103.1573
103.1904
103.164
103.1971
103.1707
103.2039
103.1775
103.2106
103.1842
103.2173
103.1909
103.2241
103.1977
103.2308
103.2044
103.2376
103.2112
103.2443
103.2179
103.2511
103.2246
103.2578
103.2314
103.2646
103.2381
103.2713
103.2448
103.2781
103.2516
103.2848
103.2583
103.2915
103.265
103.2983
103.2718
103.305
103.2785
103.3118
103.2852
103.3185
103.292
103.3252
103.2987
103.332
103.3054
103.3387
103.3122
103.3455
103.3189
103.3522
103.3256
103.359
103.3324
103.3657
103.3391
103.3724
103.3458
103.3792
103.3526
103.3859
103.3593
103.3927
103.366
103.3994
103.3728
103.4061
103.3795
103.4129
103.3862
103.4196
103.393
103.4264
103.3997
103.4331
103.4064
103.4398
103.4132
103.4466
103.4199
103.4533
103.4266
103.4601
103.4333
103.4668
103.4401
103.4735
103.4468
103.4803
103.4535
103.487
103.4603
103.4937
103.467
103.5005
103.4737
103.5072
103.4804
103.5139
103.4872
103.5207
103.4939
103.5274
103.5006
103.5341
103.5073
103.5409
103.5141
103.5476
103.5208
103.5543
103.5275
103.5611
103.5342
103.5678
103.541
103.5745
103.5477
103.5813
103.5544
103.588
103.5611
103.5947
103.5679
103.6015
103.5746
103.6082
103.5813
103.6149
103.588
103.6217
103.5948
103.6284
103.6015
103.6351
103.6082
103.6419
103.615
103.6486
103.6217
103.6553
103.6284
103.662
103.6351
103.6688
103.6419
103.6755
103.6486
103.6822
103.6553
103.689
103.662
103.6957
103.6688
103.7024
103.6755
103.7092
103.6822
103.7159
103.6889
103.7226
103.6957
103.7293
103.7024
103.7361
103.7091
103.7428
103.7158
103.7495
103.7226
103.7562
103.7293
103.763
103.736
103.7697
103.7427
103.7764
103.7495
103.7832
103.7562
103.7899
103.7629
103.7966
103.7696
103.8034
103.7764
103.8101
103.7831
103.8168
103.7898
103.8235
103.7965
103.8303
103.8033
103.837
103.81
103.8437
103.8167
103.8504
103.8234
103.8572
103.8301
103.8639
103.8369
103.8706
103.8436
103.8773
103.8503
103.8841
103.857
103.8908
103.8637
103.8975
103.8705
103.9043
103.8772
103.911
103.8839
103.9177
103.8906
103.9244
103.8973
103.9312
103.9041
103.9379
103.9108
103.9446
103.9175
103.9513
103.9242
103.9581
103.9309
103.9648
103.9377
103.9715
103.9444
103.9783
103.9511
103.985
103.9578
103.9917
103.9645
103.9984
103.9713
104.0052
103.978
104.0119
103.9847
104.0186
103.9914
104.0253
103.9981
104.0321
104.0049
104.0388
104.0116
104.0455
104.0183
104.0522
104.025
104.059
104.0317
104.0657
104.0385
104.0724
104.0452
104.0791
104.0519
104.0859
104.0586
104.0926
104.0653
104.0993
104.0721
104.106
104.0788
104.1128
104.0855
104.1195
104.0922
104.1262
104.0989
104.1329
104.1057
104.1397
104.1124
104.1464
104.1191
104.1531
104.1258
104.1599
104.1325
104.1666
104.1393
104.1733
104.146
104.18
104.1527
104.1868
104.1594
104.1935
104.1661
104.2002
104.1729
104.2069
104.1796
104.2136
104.1863
104.2204
104.193
104.2271
104.1997
104.2338
104.2065
104.2405
104.2132
104.2473
104.2199
104.254
104.2266
104.2607
104.2333
104.2674
104.24
104.2741
104.2468
104.2809
104.2535
104.2876
104.2602
104.2943
104.2669
104.301
104.2736
104.3078
104.2803
104.3145
104.2871
104.3212
104.2938
104.3279
104.3005
104.3347
104.3072
104.3414
104.3139
104.3481
104.3207
104.3549
104.3274
104.3616
104.3341
104.3683
104.3408
104.375
104.3475
104.3818
104.3543
104.3885
104.361
104.3952
104.3677
104.4019
104.3744
104.4086
104.3811
104.4154
104.3879
104.4221
104.3946
104.4288
104.4013
104.4355
104.408
104.4423
104.4147
104.449
104.4214
104.4557
104.4281
104.4624
104.4349
104.4692
104.4416
104.4759
104.4483
104.4826
104.455
104.4893
104.4617
104.496
104.4685
104.5028
104.4752
104.5095
104.4819
104.5162
104.4886
104.5229
104.4953
104.5297
104.502
104.5364
104.5088
104.5431
104.5155
104.5498
104.5222
104.5566
104.5289
104.5633
104.5356
104.57
104.5423
104.5767
104.5491
104.5835
104.5558
104.5902
104.5625
104.5969
104.5692
104.6036
104.5759
104.6104
104.5827
104.6171
104.5894
104.6238
104.5961
104.6305
104.6028
104.6372
104.6095
104.644
104.6162
104.6507
104.6229
104.6574
104.6297
104.6641
104.6364
104.6708
104.6431
104.6775
104.6498
104.6843
104.6565
104.691
104.6633
104.6977
104.67
104.7044
104.6767
104.7112
104.6834
104.7179
104.6901
104.7246
104.6968
104.7313
104.7036
104.7381
104.7103
104.7448
104.717
104.7527
104.7237
104.7594
104.7304
104.7661
104.7371
104.7729
104.7439
104.7796
104.7506
104.7863
104.7573
104.793
104.764
104.7998
104.7707
104.8065
104.7774
104.8132
104.7841
104.8199
104.7909
104.8267
104.7976
104.8334
104.8043
104.8401
104.811
104.8468
104.8177
104.8535
104.8245
104.8603
104.8312
104.867
104.8379
104.8737
104.8446
104.8804
104.8513
104.8871
104.858
104.8939
104.8648
104.9006
104.8715
104.9073
104.8782
104.914
104.8849
104.9208
104.8916
104.9275
104.8983
104.9342
104.9051
104.9409
104.9118
104.9476
104.9185
104.9544
104.9252
104.9611
104.9387
104.9678
104.9521
104.9745
104.9588
104.9813
104.9655
104.988
104.9722
104.9947
104.979
105.0014
104.9857
105.0081
104.9924
105.0149
104.9991
105.0216
105.0058
105.0283
105.0126
105.035
105.0193
105.0417
105.026
105.0485
105.0327
105.0552
105.0394
105.0619
105.0462
105.0686
105.0529
105.0753
105.0596
105.0821
105.0663
105.0888
105.073
105.0955
105.0798
105.1022
105.0865
105.109
105.0932
105.1157
105.0999
105.1224
105.1066
105.1291
105.1133
105.1358
105.1201
105.1426
105.1268
105.1493
105.1335
105.156
105.1402
105.1627
105.1469
105.1694
105.1537
105.1762
105.1604
105.1829
105.1671
105.1896
105.1738
105.1963
105.1805
105.2031
105.1873
105.2098
105.194
105.2165
105.2007
105.2232
105.2074
105.2299
105.2141
105.2367
105.2208
105.2434
105.2276
105.2501
105.2343
105.2568
105.241
105.2635
105.2477
105.2703
105.2544
105.277
105.2611
105.2837
105.2679
105.2904
105.2746
105.2972
105.2813
105.3039
105.288
105.3106
105.2947
105.3173
105.3015
105.3241
105.3082
105.3308
105.3149
105.3375
105.3216
105.3442
105.3283
105.3509
105.3351
105.3577
105.3418
105.3644
105.3485
105.3711
105.3552
105.3778
105.3619
105.3846
105.3686
105.3913
105.3754
105.398
105.3821
105.4059
105.3888
105.4126
105.3955
105.4193
105.4022
105.4261
105.409
105.4328
105.4157
105.4395
105.4291
105.4462
105.4358
105.4529
105.4426
105.4597
105.4493
105.4664
105.456
105.4731
105.4627
105.4799
105.4694
105.4866
105.4761
105.4933
105.4828
105.5
105.4896
105.5067
105.4963
105.5135
105.503
105.5202
105.5097
105.5269
105.5164
105.5336
105.5231
105.5403
105.5299
105.5471
105.5366
105.5538
105.5433
105.5605
105.55
105.5672
105.5567
105.574
105.5635
105.5807
105.5702
105.5874
105.5769
105.5941
105.5836
105.6008
105.5903
105.6076
105.5971
105.6143
105.6038
105.621
105.6105
105.6277
105.6172
105.6344
105.6239
105.6412
105.6307
105.6479
105.6374
105.6546
105.6441
105.6613
105.6508
105.668
105.6575
105.6748
105.6643
105.6815
105.671
105.6882
105.6777
105.6949
105.6844
105.7016
105.6911
105.7084
105.6978
105.7151
105.7046
105.7218
105.7113
105.7285
105.718
105.7352
105.7247
105.742
105.7314
105.7487
105.7381
105.7554
105.7449
105.7621
105.7516
105.7688
105.7583
105.7756
105.765
105.7823
105.7717
105.789
105.7785
105.7957
105.7852
105.8025
105.7919
105.8092
105.7986
105.8159
105.8053
105.8238
105.8133
105.8305
105.82
105.8373
105.8267
105.844
105.8334
105.8507
105.8401
105.8574
105.8469
105.8641
105.8536
105.8709
105.8603
105.8776
105.867
105.8843
105.8737
105.891
105.8804
105.8978
105.8872
105.9045
105.8939
105.9112
105.9006
105.9179
105.9073
105.9246
105.914
105.9314
105.9208
105.9381
105.9275
105.9448
105.9342
105.9515
105.9409
105.9582
105.9476
105.965
105.9544
105.9717
105.9611
105.9784
105.9678
105.9851
105.9745
105.9918
105.9812
105.9986
105.988
106.0053
105.9947
106.012
106.0014
106.0187
106.0081
106.0254
106.0148
106.0322
106.0216
106.0389
106.0283
106.0456
106.035
106.0523
106.0417
106.059
106.0484
106.0657
106.0551
106.0725
106.0619
106.0792
106.0686
106.0859
106.0753
106.0926
106.082
106.0993
106.0887
106.1061
106.0955
106.1128
106.1022
106.1195
106.1089
106.1262
106.1156
106.133
106.1223
106.1397
106.129
106.1464
106.1358
106.1531
106.1425
106.1598
106.1492
106.1666
106.1559
106.1733
106.1626
106.18
106.1693
106.1867
106.1761
106.1935
106.1828
106.2002
106.1895
106.2069
106.1962
106.2136
106.2029
106.2203
106.2097
106.2271
106.2164
106.2338
106.2231
106.2405
106.2298
106.2472
106.2365
106.2539
106.2432
106.2607
106.25
106.2674
106.2567
106.2741
106.2634
106.2808
106.2701
106.2876
106.2768
106.2943
106.2835
106.301
106.2903
106.3077
106.297
106.3144
106.3037
106.3212
106.3104
106.3279
106.3171
106.3346
106.3251
106.3413
106.3318
106.348
106.3385
106.3548
106.3452
106.3615
106.3519
106.3682
106.3586
106.3749
106.3654
106.3816
106.3721
106.3884
106.3788
106.3951
106.3855
106.4018
106.3922
106.4085
106.3989
106.4153
106.4057
106.422
106.4124
106.4287
106.4191
106.4354
106.4258
106.4421
106.4325
106.4489
106.4393
106.4556
106.446
106.4623
106.4594
106.469
106.4661
106.4757
106.4728
106.4825
106.4796
106.4892
106.4863
106.4959
106.493
106.5026
106.4997
106.5093
106.5064
106.5161
106.5132
106.5228
106.5199
106.5295
106.5266
106.5362
106.5333
106.5429
106.54
106.5497
106.5467
106.5564
106.5535
106.5631
106.5602
106.5698
106.5669
106.5765
106.5736
106.5833
106.5803
106.59
106.587
106.5967
106.5938
106.6034
106.6005
106.6102
106.6072
106.6169
106.6139
106.6236
106.6206
106.6303
106.6273
106.637
106.634
106.6438
106.6408
106.6505
106.6475
106.6572
106.6542
106.6639
106.6609
106.6706
106.6676
106.6774
106.6743
106.6841
106.6811
106.6908
106.6878
106.6975
106.6945
106.7042
106.7012
106.711
106.7079
106.7177
106.7146
106.7244
106.7214
106.7311
106.7281
106.7378
106.7348
106.7446
106.7415
106.7513
106.7482
106.758
106.755
106.7647
106.7617
106.7714
106.7684
106.7782
106.7751
106.7849
106.7818
106.7916
106.7885
106.7983
106.7953
106.805
106.802
106.8118
106.8087
106.8185
106.8154
106.8252
106.8221
106.8319
106.8288
106.8386
106.8356
106.8454
106.8423
106.8521
106.849
106.8588
106.8557
106.8655
106.8624
106.8722
106.8692
106.879
106.8759
106.8857
106.8826
106.8924
106.8893
106.8991
106.896
106.9058
106.9028
106.9126
106.9095
106.9193
106.9162
106.926
106.9229
106.9327
106.9296
106.9394
106.9364
106.9462
106.9431
106.9529
106.9498
106.9596
106.9565
106.9663
106.9632
106.9731
106.9699
106.9798
106.9767
106.9865
106.9834
106.9932
106.9901
106.9999
106.9968
107.0067
107.0035
107.0134
107.0102
107.0201
107.017
107.0268
107.0237
107.0335
107.0304
107.0403
107.0371
107.047
107.0438
107.0537
107.0506
107.0604
107.0573
107.0671
107.064
107.0739
107.0707
107.0806
107.0774
107.0873
107.0842
107.094
107.0909
107.1008
107.0976
107.1075
107.1043
107.1142
107.111
107.1209
107.1177
107.1276
107.1245
107.1344
107.1312
107.1411
107.1379
107.1478
107.1446
107.1545
107.1513
107.1612
107.158
107.168
107.1648
107.1747
107.1715
107.1814
107.1782
107.1881
107.1849
107.1948
107.1916
107.2016
107.1983
107.2083
107.2051
107.215
107.2118
107.2217
107.2185
107.2284
107.2252
107.2352
107.2319
107.2419
107.2386
107.2486
107.2454
107.2553
107.2521
107.262
107.2588
107.2688
107.2655
107.2755
107.2722
107.2822
107.2789
107.2889
107.2856
107.2956
107.2924
107.3024
107.2991
107.3091
107.3058
107.317
107.3125
107.3237
107.3192
107.3305
107.3259
107.3372
107.3327
107.3439
107.3394
107.3506
107.3461
107.3573
107.3528
107.3641
107.3595
107.3708
107.3662
107.3775
107.373
107.3842
107.3797
107.391
107.3864
107.3977
107.3931
107.4044
107.3998
107.4111
107.4065
107.4178
107.4133
107.4246
107.42
107.4313
107.4267
107.438
107.4334
107.4447
107.4401
107.4514
107.4469
107.4582
107.4536
107.4649
107.4603
107.4716
107.467
107.4783
107.4737
107.485
107.4805
107.4918
107.4872
107.4985
107.4939
107.5052
107.5006
107.5119
107.5073
107.5186
107.514
107.5254
107.5207
107.5321
107.5275
107.5388
107.5342
107.5455
107.5409
107.5523
107.5476
107.559
107.5543
107.5657
107.561
107.5724
107.5678
107.5791
107.5745
107.5859
107.5812
107.5926
107.5879
107.5993
107.5946
107.606
107.6013
107.6127
107.608
107.6195
107.6148
107.6262
107.6215
107.6329
107.6282
107.6396
107.6349
107.6463
107.6416
107.6531
107.6483
107.6598
107.6551
107.6665
107.6618
107.6732
107.6685
107.6799
107.6752
107.6866
107.6819
107.6934
107.6886
107.7001
107.6953
107.7068
107.702
107.7135
107.7088
107.7202
107.7155
107.727
107.7222
107.7337
107.7289
107.7404
107.7356
107.7471
107.7423
107.7539
107.7491
107.7606
107.7558
107.7673
107.7625
107.774
107.7692
107.7807
107.7759
107.7874
107.7827
107.7942
107.7894
107.8009
107.7961
107.8076
107.8028
107.8143
107.8095
107.821
107.8162
107.8278
107.8229
107.8345
107.8297
107.8412
107.8364
107.8479
107.8431
107.8546
107.8498
107.8614
107.8565
107.8681
107.8632
107.8748
107.8699
107.8815
107.8767
107.8882
107.8834
107.895
107.8901
107.9017
107.8968
107.9084
107.9035
107.9151
107.9102
107.9218
107.917
107.9286
107.9237
107.9353
107.9304
107.942
107.9371
107.9487
107.9438
107.9554
107.9505
107.9622
107.9573
107.9689
107.964
107.9756
107.9707
107.9823
107.9774
107.989
107.9841
107.9957
107.9909
108.0024
107.9976
108.0092
108.0043
108.0159
108.011
108.0226
108.0177
108.0293
108.0244
108.036
108.0312
108.0428
108.0379
108.0495
108.0446
108.0562
108.0513
108.0629
108.058
108.0696
108.0647
108.0764
108.0714
108.0831
108.0782
108.0898
108.0849
108.0965
108.0916
108.1033
108.0983
108.11
108.105
108.1167
108.1117
108.1234
108.1185
108.1301
108.1252
108.1369
108.1319
108.1436
108.1386
108.1503
108.1465
108.157
108.1533
108.1637
108.16
108.1705
108.1667
108.1772
108.1734
108.1839
108.1801
108.1906
108.1868
108.1973
108.1936
108.2041
108.2003
108.2108
108.207
108.2175
108.2149
108.2242
108.2216
108.2309
108.2283
108.2377
108.235
108.2444
108.2418
108.2511
108.2485
108.2578
108.2552
108.2645
108.2619
108.2713
108.2686
108.278
108.2754
108.2847
108.2821
108.2914
108.2888
108.2981
108.2955
108.3049
108.3022
108.3116
108.3089
108.3183
108.3157
108.3262
108.3224
108.3329
108.3291
108.3397
108.3358
108.3464
108.3425
108.3531
108.3492
108.3598
108.3559
108.3665
108.3627
108.3733
108.3694
108.38
108.3761
108.3867
108.3828
108.3934
108.3895
108.4001
108.3962
108.4068
108.403
108.4136
108.4097
108.4203
108.4164
108.427
108.4231
108.4337
108.4298
108.4404
108.4365
108.4471
108.4433
108.4538
108.45
108.4606
108.4567
108.4673
108.4634
108.474
108.4701
108.4807
108.4768
108.4874
108.4836
108.4942
108.4903
108.5009
108.497
108.5076
108.5037
108.5143
108.5104
108.521
108.5171
108.5278
108.5238
108.5345
108.5306
108.5412
108.5373
108.5479
108.544
108.5546
108.5507
108.5613
108.5574
108.5681
108.5641
108.5748
108.5709
108.5815
108.5776
108.5882
108.5843
108.5949
108.591
108.6017
108.5977
108.6084
108.6044
108.6151
108.6112
108.6218
108.6179
108.6285
108.6246
108.6353
108.6313
108.642
108.638
108.6487
108.6448
108.6554
108.6515
108.6621
108.6582
108.6689
108.6649
108.6756
108.6716
108.6823
108.6783
108.689
108.6851
108.6957
108.6918
108.7025
108.6985
108.7092
108.7052
108.7159
108.7119
108.7226
108.7186
108.7293
108.7253
108.7361
108.7321
108.7428
108.7388
108.7495
108.7455
108.7562
108.7522
108.7629
108.7589
108.7697
108.7657
108.7764
108.7724
108.7831
108.7791
108.7898
108.7858
108.7965
108.7925
108.8033
108.7992
108.81
108.806
108.8167
108.8127
108.8234
108.8194
108.8301
108.8261
108.8368
108.8328
108.8435
108.8395
108.8503
108.8463
108.857
108.853
108.8637
108.8597
108.8704
108.8664
108.8771
108.8731
108.8839
108.8798
108.8906
108.8865
108.8973
108.8933
108.904
108.9
108.9107
108.9067
108.9175
108.9134
108.9242
108.9201
108.9309
108.9268
108.9376
108.9335
108.9443
108.9402
108.951
108.9482
108.9578
108.9549
108.9645
108.9616
108.9712
108.9683
108.9779
108.975
108.9846
108.9818
108.9913
108.9885
108.9981
108.9952
109.0048
109.0019
109.0115
109.0086
109.0182
109.0153
109.025
109.022
109.0317
109.0288
109.0384
109.0355
109.0451
109.0422
109.0518
109.0489
109.0586
109.0556
109.0653
109.0623
109.072
109.0691
109.0787
109.0758
109.0854
109.0825
109.0922
109.0892
109.0989
109.0959
109.1056
109.1026
109.1123
109.1093
109.1191
109.1161
109.1258
109.1228
109.1325
109.1295
109.1392
109.1362
109.146
109.1429
109.1527
109.1496
109.1594
109.1575
109.1661
109.1643
109.1728
109.171
109.1795
109.1778
109.1863
109.1845
109.193
109.1912
109.1997
109.1979
109.2064
109.2046
109.2131
109.2113
109.2199
109.2181
109.2266
109.2248
109.2333
109.2315
109.24
109.2382
109.2467
109.2449
109.2535
109.2516
109.2602
109.2584
109.2669
109.2651
109.2736
109.2718
109.2803
109.2785
109.2871
109.2852
109.2938
109.2919
109.3005
109.2987
109.3072
109.3054
109.3139
109.3121
109.3207
109.3188
109.3274
109.3255
109.3341
109.3322
109.3408
109.339
109.3475
109.3524
109.3542
109.3591
109.361
109.3658
109.3677
109.3725
109.3744
109.3793
109.3811
109.386
109.3878
109.3927
109.3945
109.3994
109.4013
109.4061
109.408
109.4128
109.4147
109.4195
109.4214
109.4262
109.4281
109.433
109.4349
109.4397
109.4416
109.4464
109.4483
109.4531
109.455
109.4598
109.4617
109.4665
109.4685
109.4733
109.4764
109.48
109.4831
109.4867
109.4898
109.4934
109.4965
109.5001
109.5032
109.5068
109.51
109.5135
109.5167
109.5203
109.5234
109.527
109.5301
109.5337
109.5368
109.5404
109.5436
109.5471
109.5503
109.5538
109.557
109.5606
109.5637
109.5673
109.5704
109.574
109.5772
109.5807
109.5839
109.5874
109.5906
109.5941
109.5973
109.6009
109.604
109.6076
109.6108
109.6143
109.6175
109.621
109.6242
109.6277
109.6309
109.6345
109.6376
109.6412
109.6444
109.6479
109.6511
109.6546
109.6578
109.6613
109.6645
109.668
109.6712
109.6748
109.6779
109.6815
109.6847
109.6882
109.6914
109.6949
109.6981
109.7016
109.7048
109.7083
109.7115
109.715
109.7182
109.7218
109.725
109.7285
109.7317
109.7352
109.7384
109.7419
109.7451
109.7486
109.7518
109.7553
109.7586
109.7621
109.7653
109.7688
109.772
109.7755
109.7787
109.7822
109.7855
109.7889
109.7922
109.7956
109.7989
109.8024
109.8056
109.8091
109.8123
109.8158
109.8191
109.8225
109.8258
109.8292
109.8325
109.8359
109.8392
109.8427
109.8459
109.8507
109.8527
109.8574
109.8594
109.8641
109.8661
109.8708
109.8728
109.8775
109.8796
109.8843
109.8863
109.891
109.893
109.8977
109.8997
109.9044
109.9064
109.9111
109.9131
109.9178
109.9199
109.9246
109.9266
109.9313
109.9333
109.938
109.94
109.9447
109.9467
109.9514
109.9535
109.9581
109.9602
109.9649
109.9669
109.9716
109.9736
109.9783
109.9804
109.985
109.9871
109.9917
109.9938
109.9984
110.0005
110.0051
110.0072
