10.0102
10.01042
10.01694
10.01715
10.02367
10.02388
10.03041
10.03062
10.03714
10.03735
10.04388
10.04408
10.05062
10.05082
10.05736
10.05755
10.0641
10.06429
10.07084
10.07102
10.07757
10.07775
10.08432
10.08449
10.09105
10.09122
10.0978
10.09796
10.10454
10.10469
10.11128
10.11142
10.11801
10.11814
10.12475
10.12488
10.13149
10.13161
10.13823
10.13835
10.14497
10.14509
10.15171
10.15182
10.15844
10.15855
10.16518
10.16529
10.17192
10.17202
10.17865
10.17875
10.18539
10.18549
10.19212
10.19221
10.19885
10.19895
10.20559
10.20568
10.21232
10.21242
10.2258
10.21915
10.23253
10.22588
10.23927
10.23262
10.24601
10.23935
10.25275
10.24609
10.27296
10.25282
10.2797
10.25955
10.28644
10.26628
10.29317
10.27302
10.29991
10.27976
10.30665
10.28649
10.31338
10.29321
10.32012
10.29994
10.32686
10.30668
10.3336
10.31341
10.34033
10.32014
10.35381
10.32687
10.36729
10.33361
10.37402
10.34035
10.38076
10.34709
10.42119
10.35382
10.4414
10.36055
10.48183
10.36728
10.48857
10.37402
10.49531
10.38076
10.50878
10.3875
10.52227
10.39423
10.529
10.40096
10.53575
10.4077
10.54248
10.41444
10.56944
10.42117
10.62337
10.4279
10.63011
10.43464
10.63684
10.44137
10.64359
10.44809
10.65033
10.45482
10.65707
10.46156
10.66381
10.4683
10.67056
10.47503
10.6773
10.48177
10.68404
10.4885
10.69077
10.49523
10.69751
10.50197
10.70425
10.5087
10.71099
10.51543
10.71773
10.52216
10.72447
10.5289
10.7312
10.53563
10.73794
10.54237
10.74467
10.5491
10.7514
10.55584
10.75814
10.56258
10.76489
10.56931
10.77163
10.57605
10.77837
10.58279
10.78511
10.58953
10.79185
10.59626
10.79859
10.603
10.80533
10.60973
10.81207
10.61646
10.8188
10.62319
10.82554
10.62992
10.83228
10.63666
10.83902
10.64339
10.84575
10.65012
10.85249
10.65685
10.85923
10.66358
10.86598
10.67031
10.87272
10.67705
10.87946
10.68379
10.8862
10.69053
10.89294
10.69727
10.89967
10.70401
10.90642
10.71074
10.91315
10.71748
10.91989
10.72421
10.92664
10.73095
10.93337
10.73768
10.94011
10.74442
10.94685
10.75116
10.95359
10.7579
10.96033
10.76464
10.96706
10.77137
10.97381
10.77812
10.98054
10.78485
10.98728
10.79159
10.99401
10.79832
11.00076
10.80505
11.00749
10.81179
11.01424
10.81853
11.02098
10.82525
11.02771
10.83199
11.03445
10.83873
11.04119
10.84547
11.04793
10.85221
11.0614
10.85895
11.08161
10.86569
11.09508
10.87242
11.12878
10.87916
11.15573
10.8859
11.19614
10.89264
11.20289
10.89937
11.20962
10.90611
11.21636
10.91285
11.22311
10.91958
11.22986
10.92632
11.2366
10.93306
11.24334
10.9398
11.25009
10.94654
11.25683
10.95327
11.26358
10.96001
11.27032
10.96675
11.27706
10.97348
11.2838
10.98021
11.29055
10.98693
11.29728
10.99367
11.30403
11.0004
11.31077
11.00714
11.31752
11.01386
11.32425
11.0206
11.331
11.02734
11.33774
11.03407
11.34448
11.0408
11.35122
11.04753
11.35796
11.05427
11.3647
11.061
11.37144
11.06774
11.37818
11.07447
11.38492
11.08121
11.39166
11.08794
11.39839
11.09468
11.40514
11.10141
11.41187
11.10814
11.41861
11.11488
11.42535
11.12161
11.43209
11.12835
11.43883
11.13508
11.44557
11.14182
11.45231
11.14855
11.45905
11.15528
11.46579
11.16201
11.47254
11.16875
11.47927
11.17548
11.48601
11.1822
11.49275
11.18893
11.49948
11.19567
11.50622
11.2024
11.51296
11.20913
11.5197
11.21586
11.52644
11.22259
11.53319
11.22932
11.53993
11.23605
11.54667
11.24278
11.55341
11.24951
11.56014
11.25624
11.56687
11.26296
11.57361
11.26969
11.58035
11.27642
11.58708
11.28315
11.59382
11.28988
11.60055
11.29661
11.60729
11.30333
11.61403
11.31006
11.62076
11.3168
11.6275
11.32352
11.63423
11.33025
11.64097
11.33697
11.6477
11.34369
11.65443
11.35042
11.66117
11.35714
11.6679
11.36387
11.67464
11.37059
11.68138
11.37731
11.68812
11.38404
11.69485
11.39076
11.70159
11.39748
11.70833
11.40421
11.71506
11.41094
11.7218
11.41766
11.72854
11.42439
11.73527
11.43111
11.74201
11.43784
11.74875
11.44456
11.75548
11.45129
11.76221
11.45802
11.76894
11.46474
11.77567
11.47148
11.78239
11.4782
11.78913
11.48493
11.79587
11.49166
11.8026
11.49838
11.80934
11.50511
11.82952
11.51183
11.83626
11.51856
11.84299
11.52528
11.84972
11.53201
11.85645
11.53874
11.86319
11.54547
11.86992
11.55219
11.87666
11.55892
11.88339
11.56564
11.89013
11.57237
11.89686
11.57909
11.90359
11.58581
11.91033
11.59253
11.91706
11.59925
11.92379
11.60597
11.93053
11.61269
11.93727
11.61941
11.944
11.62613
11.95074
11.63285
11.95747
11.63958
11.9642
11.6463
11.97094
11.65303
11.98441
11.65975
11.99114
11.66647
11.99788
11.67319
12.00461
11.67992
12.01135
11.68664
12.01808
11.69336
12.02482
11.70008
12.03155
11.7068
12.03828
11.71352
12.04502
11.72024
12.05848
11.72696
12.06521
11.73368
12.07195
11.7404
12.07868
11.74713
12.09214
11.75385
12.09887
11.76056
12.10561
11.76728
12.11234
11.774
12.11907
11.78071
12.1258
11.78743
12.13253
11.79415
12.13927
11.80087
12.146
11.80758
12.15274
11.81429
12.15947
11.82102
12.1662
11.82774
12.17293
11.83446
12.17966
11.84118
12.1864
11.8479
12.19313
11.85462
12.19986
11.86134
12.2066
11.86806
12.22007
11.87478
12.2268
11.88151
12.23353
11.88822
12.24026
11.89494
12.24699
11.90166
12.25373
11.90839
12.26047
11.91511
12.2672
11.92183
12.27393
11.92855
12.28066
11.93527
12.2874
11.94199
12.29413
11.94871
12.30087
11.95543
12.3076
11.96215
12.31434
11.96887
12.34128
11.97559
12.34801
11.9823
12.35474
11.98902
12.36148
11.99574
12.36821
12.00245
12.37494
12.00917
12.38168
12.01589
12.38841
12.02261
12.39515
12.02933
12.40862
12.03605
12.41535
12.04277
12.42208
12.04949
12.42882
12.0562
12.43555
12.06292
12.44229
12.06964
12.44902
12.07636
12.45575
12.08308
12.46921
12.0898
12.47594
12.09652
12.48267
12.10324
12.4894
12.10996
12.50286
12.11668
12.5096
12.1234
12.51633
12.13012
12.52306
12.13685
12.5298
12.14357
12.53654
12.15029
12.54327
12.157
12.55
12.16373
12.55673
12.17045
12.56346
12.17717
12.57019
12.18389
12.57692
12.19061
12.58365
12.19732
12.60384
12.20403
12.61058
12.21075
12.61731
12.21747
12.62404
12.22419
12.63077
12.2309
12.64424
12.23762
12.65097
12.24434
12.65771
12.25106
12.66444
12.25778
12.67117
12.2645
12.6779
12.27122
12.68463
12.27794
12.69137
12.28466
12.70483
12.29138
12.71157
12.2981
12.7183
12.30482
12.72503
12.31155
12.73176
12.31826
12.73849
12.32498
12.74523
12.3317
12.75196
12.33842
12.75869
12.34514
12.76542
12.35186
12.77216
12.35858
12.77888
12.3653
12.78562
12.37201
12.79234
12.37873
12.79907
12.38546
12.8058
12.39218
12.81253
12.3989
12.81926
12.40562
12.82599
12.41234
12.83272
12.41906
12.83945
12.42578
12.84618
12.4325
12.85291
12.43921
12.85964
12.44593
12.86637
12.45265
12.8731
12.45937
12.87983
12.46609
12.88657
12.47281
12.8933
12.47954
12.90003
12.48626
12.90676
12.49298
12.91349
12.4997
12.92022
12.50642
12.92695
12.51314
12.93368
12.51986
12.94041
12.52658
12.94714
12.5333
12.95387
12.54002
12.9606
12.54674
12.97407
12.55346
12.98753
12.56018
12.99427
12.5669
13.001
12.57362
13.00773
12.58034
13.0212
12.58706
13.02793
12.59378
13.03466
12.6005
13.04139
12.60722
13.04813
12.61394
13.05486
12.62066
13.06159
12.62738
13.06832
12.63409
13.08179
12.64081
13.08852
12.64753
13.09525
12.65425
13.10198
12.66096
13.10871
12.66768
13.11545
12.67439
13.12218
12.68111
13.12891
12.68783
13.14238
12.69455
13.14911
12.70127
13.15585
12.70799
13.16258
12.71471
13.16931
12.72142
13.18278
12.72814
13.19625
12.73487
13.20298
12.74159
13.21646
12.74831
13.22319
12.75503
13.23666
12.76175
13.24339
12.76847
13.25685
12.7752
13.26359
12.78192
13.27032
12.78864
13.27705
12.79536
13.28378
12.80208
13.29051
12.8088
13.29725
12.81552
13.30398
12.82224
13.31071
12.82896
13.32419
12.83568
13.33092
12.8424
13.33766
12.84912
13.34439
12.85585
13.35113
12.86257
13.3646
12.86929
13.39155
12.87601
13.39828
12.88273
13.40501
12.88945
13.42522
12.89617
13.43869
12.90289
13.44543
12.90961
13.48585
12.91633
13.49932
12.92305
13.50606
12.92977
13.51279
12.93649
13.533
12.94321
13.53973
12.94993
13.54646
12.95665
13.55319
12.96337
13.55993
12.97009
13.56666
12.97681
13.5734
12.98353
13.58687
12.99025
13.5936
12.99697
13.60033
13.00369
13.62052
13.01042
13.62725
13.01714
13.6744
13.02386
13.68113
13.03058
13.68787
13.0373
13.71481
13.04403
13.72154
13.05075
13.72828
13.05747
13.74175
13.06419
13.74848
13.07091
13.75521
13.07763
13.76194
13.08435
13.76867
13.09107
13.7754
13.0978
13.78214
13.10452
13.78887
13.11123
13.7956
13.11796
13.80233
13.12468
13.80906
13.1314
13.8158
13.13812
13.82253
13.14484
13.82927
13.15156
13.836
13.15828
13.84273
13.165
13.8562
13.17171
13.86293
13.17843
13.87639
13.18515
13.88312
13.19187
13.88985
13.19859
13.90331
13.20531
13.91004
13.21203
13.91677
13.21875
13.9235
13.22547
13.93023
13.23219
13.93697
13.23891
13.9437
13.24564
13.95044
13.25235
13.95717
13.25907
13.9639
13.26579
13.97064
13.27251
13.97737
13.27923
13.9841
13.28595
13.99083
13.29267
13.99756
13.29939
14.0043
13.30611
14.01103
13.31283
14.01777
13.31956
14.03125
13.32628
14.03799
13.333
14.04472
13.33972
14.05146
13.34644
14.05819
13.35317
14.06493
13.35989
14.07166
13.36661
14.0784
13.37451
14.09188
13.38123
14.09861
13.38795
14.10535
13.39466
14.11209
13.40137
14.11882
13.40809
14.12556
13.41481
14.1323
13.42153
14.13904
13.42825
14.14577
13.43497
14.1525
13.44169
14.15924
13.44841
14.16597
13.45514
14.17271
13.46186
14.17945
13.46858
14.18618
13.4753
14.19292
13.48202
14.19965
13.48874
14.20639
13.49545
14.21313
13.50216
14.21986
13.50888
14.2266
13.5156
14.23334
13.52232
14.24008
13.52904
14.24681
13.53576
14.25355
13.54248
14.26029
13.5492
14.26702
13.55592
14.27375
13.56265
14.28049
13.56937
14.28722
13.57609
14.29396
13.58281
14.30069
13.58953
14.30743
13.59626
14.31417
13.60298
14.3209
13.6097
14.32763
13.61642
14.33437
13.62314
14.34784
13.62987
14.35458
13.63659
14.36131
13.64331
14.36805
13.65004
14.37478
13.65676
14.38152
13.66348
14.39499
13.6702
14.40173
13.67693
14.40846
13.68365
14.4152
13.69037
14.42193
13.6971
14.42866
13.70381
14.4354
13.71054
14.44213
13.71726
14.44886
13.72398
14.4556
13.7307
14.46234
13.73742
14.46907
13.74414
14.4758
13.75086
14.48254
13.75758
14.48927
13.76431
14.49601
13.77103
14.50275
13.77774
14.50949
13.78447
14.51623
13.79119
14.52297
13.79791
14.52971
13.80463
14.53644
13.81136
14.54318
13.81808
14.54991
13.8248
14.55665
13.83152
14.56339
13.83823
14.57013
13.84495
14.57686
13.85168
14.5836
13.85839
14.59034
13.86512
14.59708
13.87184
14.60382
13.87856
14.61055
13.88528
14.61729
13.89201
14.62403
13.89873
14.63077
13.90545
14.6375
13.91217
14.64424
13.91889
14.65098
13.92561
14.65771
13.93233
14.66445
13.93905
14.67118
13.94578
14.67791
13.95249
14.68465
13.95921
14.69138
13.96593
14.69811
13.97266
14.70484
13.97938
14.71158
13.9861
14.71831
13.99282
14.72505
13.99955
14.73179
14.00628
14.73853
14.013
14.74527
14.01973
14.752
14.02645
14.76548
14.03318
14.77221
14.0411
14.77895
14.04782
14.78568
14.05455
14.79241
14.06128
14.79915
14.06801
14.80588
14.07474
14.81261
14.08147
14.82608
14.0882
14.83282
14.09493
14.83955
14.10166
14.84629
14.10839
14.85303
14.11511
14.85976
14.12183
14.86649
14.12856
14.87323
14.13529
14.87997
14.14201
14.8867
14.14874
14.89344
14.15547
14.90017
14.16221
14.90691
14.16894
14.91365
14.17567
14.92038
14.1824
14.92712
14.18912
14.93385
14.19585
14.94058
14.20259
14.94732
14.20932
14.95405
14.21605
14.96079
14.22278
14.96753
14.22951
14.981
14.23624
14.99448
14.24296
15.00121
14.24969
15.00795
14.25642
15.01469
14.26316
15.02142
14.26989
15.02816
14.27662
15.0349
14.28335
15.04163
14.29008
15.04837
14.29681
15.0551
14.30354
15.06184
14.31027
15.06857
14.317
15.0753
14.32372
15.08204
14.33045
15.08878
14.33718
15.09552
14.34391
15.10225
14.35064
15.10899
14.35737
15.11573
14.3641
15.12247
14.37082
15.12921
14.37755
15.13594
14.38428
15.14267
14.39101
15.14942
14.39774
15.15615
14.40446
15.16289
14.41119
15.16963
14.41914
15.17636
14.42586
15.1831
14.43259
15.18983
14.43931
15.19657
14.44603
15.20331
14.45276
15.21005
14.45948
15.21679
14.4662
15.22353
14.47293
15.23026
14.47966
15.237
14.48639
15.24374
14.49311
15.25048
14.49984
15.25721
14.50656
15.26395
14.51329
15.27068
14.52002
15.27743
14.52674
15.2909
14.53347
15.29764
14.5402
15.30438
14.54692
15.31112
14.55365
15.31786
14.56038
15.3246
14.5671
15.33134
14.57382
15.33807
14.58054
15.34481
14.58727
15.35155
14.59682
15.37175
14.60354
15.37849
14.61027
15.38522
14.61699
15.39196
14.62372
15.39869
14.63045
15.40543
14.63717
15.41217
14.6439
15.41891
14.65062
15.42564
14.65734
15.43238
14.66407
15.43911
14.67079
15.44585
14.67752
15.45259
14.68424
15.45933
14.69215
15.46607
14.69887
15.4728
14.7056
15.47954
14.71232
15.48628
14.71904
15.49302
14.72577
15.49975
14.73249
15.50649
14.73922
15.51322
14.74595
15.51996
14.75267
15.52669
14.75939
15.53344
14.76612
15.54018
14.77283
15.54691
14.77955
15.55365
14.78628
15.56039
14.79299
15.56712
14.80093
15.57386
14.80765
15.5806
14.81437
15.58733
14.8211
15.59407
14.82782
15.60081
14.83455
15.60754
14.84128
15.61428
14.848
15.62101
14.85473
15.62774
14.86145
15.63447
14.86817
15.6412
14.87489
15.64794
14.88161
15.65468
14.88834
15.66141
14.89506
15.66815
14.90179
15.67488
14.90851
15.68162
14.91524
15.68836
14.92196
15.69509
14.92869
15.70183
14.93541
15.70856
14.94214
15.71531
14.94886
15.72204
14.95558
15.72878
14.96231
15.73551
14.96903
15.74224
14.97576
15.74897
14.98248
15.7557
14.98921
15.76244
14.99593
15.76918
15.00266
15.77592
15.00938
15.78265
15.0161
15.78939
15.02282
15.79613
15.02955
15.80287
15.03627
15.80961
15.043
15.81635
15.04972
15.82309
15.05644
15.82982
15.06316
15.83656
15.06988
15.84329
15.0766
15.85003
15.08333
15.85676
15.09005
15.86349
15.09678
15.87023
15.1035
15.87696
15.11023
15.8837
15.11695
15.89044
15.12367
15.89717
15.1304
15.90391
15.13712
15.91065
15.14384
15.91738
15.15057
15.92412
15.1573
15.93086
15.16402
15.9376
15.17075
15.94434
15.17747
15.95108
15.1842
15.95782
15.19092
15.96456
15.19765
15.97129
15.20557
15.97803
15.21229
15.98477
15.21901
15.99151
15.22574
15.99824
15.23246
16.00498
15.24037
16.01172
15.24709
16.01846
15.25382
16.0252
15.26054
16.03194
15.26727
16.03867
15.27399
16.04541
15.28071
16.05215
15.28744
16.05888
15.29416
16.06562
15.30088
16.07235
15.3076
16.07908
15.31433
16.08582
15.32106
16.09255
15.32778
16.09929
15.33451
16.10602
15.34123
16.11276
15.34795
16.1195
15.35467
16.12623
15.3614
16.13297
15.36812
16.13971
15.37485
16.14644
15.38157
16.15993
15.3883
16.16666
15.39502
16.1734
15.40793
16.18014
15.41466
16.18687
15.42138
16.19361
15.42811
16.20034
15.43483
16.20708
15.44277
16.2138
15.44949
16.22054
15.45621
16.22728
15.46666
16.23402
15.47338
16.24076
15.48011
16.24749
15.49058
16.25423
15.4973
16.26096
15.50403
16.2677
15.51197
16.27444
15.51869
16.28117
15.52541
16.28791
15.53213
16.29465
15.53886
16.30139
15.54558
16.30813
15.55351
16.31487
15.56023
16.3216
15.56696
16.32834
15.57368
16.33508
15.58411
16.34182
15.59084
16.34855
15.59756
16.3553
15.60429
16.36203
15.61101
16.36876
15.61774
16.3755
15.62446
16.38223
15.63119
16.38895
15.63791
16.39568
15.64463
16.40242
15.65136
16.40915
15.65809
16.41589
15.66481
16.42262
15.67154
16.42935
15.67823
16.43608
15.68496
16.44955
15.69168
16.45629
15.69841
16.46303
15.70513
16.46977
15.71186
16.4765
15.71858
16.48324
15.7253
16.48998
15.73203
16.49672
15.73872
16.50346
15.74663
16.51019
15.75455
16.51694
15.76128
16.52367
15.76801
16.53042
15.77472
16.53715
15.78265
16.54389
15.78937
16.55063
15.79609
16.55737
15.80281
16.56411
15.81326
16.57086
15.81998
16.57759
15.8267
16.58433
15.83717
16.59782
15.84389
16.60456
15.85183
16.6113
15.85855
16.61804
15.86528
16.62478
15.872
16.63825
15.87872
16.64499
15.88545
16.65173
15.89217
16.65846
15.89889
16.6652
15.90562
16.67193
15.91234
16.67867
15.91907
16.68541
15.92579
16.69215
15.93252
16.70563
15.93924
16.71237
15.9472
16.7191
15.95392
16.72584
15.96064
16.73258
15.96737
16.73931
15.97409
16.74605
15.98205
16.75279
15.98877
16.75953
15.99549
16.76626
16.00222
16.773
16.00895
16.77974
16.01567
16.78647
16.02239
16.79321
16.03285
16.79994
16.03958
16.80668
16.0463
16.81342
16.05303
16.82017
16.05975
16.8269
16.06649
16.83364
16.07694
16.84038
16.08367
16.84712
16.09039
16.85386
16.09711
16.8606
16.10384
16.86734
16.11057
16.87408
16.11729
16.88082
16.12402
16.8943
16.13194
16.90104
16.13866
16.90778
16.14538
16.91452
16.15333
16.92126
16.16125
16.928
16.17171
16.93474
16.17842
16.94147
16.18516
16.94822
16.19188
16.95496
16.19861
16.96169
16.20533
16.97518
16.21831
16.98192
16.22503
16.98866
16.23175
16.99539
16.23848
17.00213
16.2452
17.00886
16.25193
17.0156
16.25865
17.02234
16.26538
17.02907
16.2721
17.0358
16.27882
17.04255
16.28555
17.04929
16.29227
17.05603
16.29899
17.06277
16.30572
17.06951
16.31244
17.07624
16.31917
17.08298
16.32589
17.08972
16.33261
17.09646
16.33933
17.1032
16.34606
17.10994
16.35278
17.11667
16.3595
17.12341
16.36622
17.13014
16.37294
17.13688
16.38087
17.14362
16.38759
17.15036
16.39431
17.1571
16.40722
17.16384
16.41515
17.17058
16.42308
17.17732
16.4298
17.18406
16.43653
17.19079
16.44444
17.19753
16.45116
17.20427
16.45789
17.21775
16.46461
17.22449
16.47253
17.23123
16.47926
17.24471
16.48598
17.25145
16.4927
17.25819
16.49943
17.26493
16.50616
17.27167
16.51288
17.28514
16.51961
17.29188
16.52634
17.29862
16.53307
17.30536
16.53979
17.3121
16.54772
17.31883
16.55567
17.33232
16.5636
17.33905
16.574
17.34579
16.58072
17.35254
16.58741
17.35928
16.59414
17.36601
16.60079
17.37275
16.6075
17.38623
16.61422
17.39297
16.62094
17.39971
16.62767
17.40644
16.6344
17.41318
16.64113
17.41992
16.64786
17.42665
16.65459
17.43338
16.66131
17.44012
16.66804
17.44686
16.67477
17.4536
16.6815
17.46033
16.68822
17.46707
16.69495
17.47381
16.70787
17.48055
16.7146
17.48729
16.72253
17.49403
16.72926
17.50076
16.73598
17.5075
16.7427
17.51424
16.75312
17.52098
16.76354
17.52772
16.77027
17.53446
16.777
17.5412
16.78743
17.54794
16.79415
17.56815
16.80087
17.58839
16.8076
17.59513
16.81432
17.61535
16.82105
17.6221
16.82778
17.62884
16.8345
17.63558
16.84123
17.64906
16.84796
17.65581
16.85468
17.66254
16.86141
17.69625
16.86814
17.7569
16.87486
17.77711
16.88159
17.7906
16.88832
17.79734
16.89504
17.80409
16.90176
17.81083
16.90848
17.82431
16.9189
17.83105
16.92681
17.87149
16.93362
17.89845
16.9403
17.92542
16.94702
17.93889
16.95374
17.94563
16.96046
17.95238
16.96718
17.95912
16.9739
17.96586
16.98183
17.9726
16.98977
17.97934
16.99649
17.98608
17.00322
17.99282
17.00994
17.99955
17.01667
18.00629
17.0246
18.01303
17.03132
18.01977
17.03805
18.02651
17.04478
18.03325
17.05271
18.03999
17.06064
18.04673
17.06737
18.0602
17.07409
18.07368
17.08204
18.08042
17.09245
18.08715
17.10434
18.09389
17.11106
18.10063
17.11778
18.10737
17.12571
18.11411
17.13365
18.12759
17.14037
18.13433
17.1471
18.14781
17.15382
18.15455
17.16055
18.16129
17.16727
18.16803
17.17399
18.17476
17.18353
18.18824
17.19147
18.19498
17.19819
18.20173
17.20492
18.20847
17.21164
18.21521
17.21837
18.22195
17.2251
18.22869
17.23182
18.23543
17.23976
18.24217
17.24648
18.2489
17.2532
18.25564
17.26114
18.26238
17.27154
18.26912
17.27827
18.27587
17.28492
18.28261
17.29155
18.28935
17.29828
18.29608
17.30501
18.30282
17.31296
18.30956
17.32074
18.31629
17.32739
18.32423
17.3341
18.33097
17.34065
18.33771
17.34718
18.34444
17.35379
18.35118
17.36029
18.35792
17.37054
18.36466
17.37707
18.3714
17.38354
18.37814
17.38995
18.38487
17.39645
18.39161
17.40298
18.40508
17.40943
18.41182
17.41587
18.4253
17.42602
18.43204
17.43771
18.43878
17.44772
18.45226
17.4578
18.46692
17.46787
18.47367
17.48541
18.48714
17.49183
18.49388
17.49816
18.50062
17.50448
18.50736
17.51359
18.5141
17.52859
18.52084
17.53613
18.52758
17.5436
18.53432
17.54974
18.54106
17.55598
18.5478
17.56594
18.55454
17.57221
18.56128
17.57839
18.56802
17.58463
18.57476
17.59087
18.5815
17.5999
18.58824
17.60983
18.60457
17.61612
18.61131
17.62232
18.61805
17.63471
18.62479
17.6409
18.63153
17.64704
18.63827
17.65941
18.64501
17.6656
18.65849
17.6718
18.66643
17.68336
18.68666
17.68957
18.6934
17.69577
18.70015
17.70313
18.70689
17.7106
18.71363
17.71787
18.72037
17.72515
18.72711
17.73245
18.73385
17.73849
18.74058
17.74454
18.74732
17.75174
18.75406
17.75773
18.76079
17.76371
18.76752
17.77094
18.77426
17.7782
18.781
17.7878
18.78775
17.79499
18.79449
17.80469
18.80123
17.82378
18.80915
17.83102
18.81589
17.83817
18.82264
17.84946
18.82938
17.85533
18.83612
17.86489
18.84287
17.87077
18.8496
17.87672
18.85634
17.88253
18.86308
17.88955
18.86983
17.8954
18.87657
17.9024
18.88331
17.90824
18.89005
17.91399
18.89679
17.92105
18.90353
17.92681
18.91028
17.93245
18.91702
17.93942
18.92377
17.9452
18.93051
17.95215
18.93726
17.95787
18.944
17.96363
18.95075
17.978
18.95749
17.9837
18.96423
17.98938
18.97098
17.99876
18.97772
18.00817
18.98446
18.01667
18.99121
18.03101
18.99795
18.03668
19.0047
18.05108
19.01272
18.06045
19.01946
18.07481
19.02621
18.08167
19.03295
18.09095
19.03969
18.09938
19.04643
18.10501
19.05318
18.11929
19.05992
18.12613
19.06666
18.1455
19.0734
18.15483
19.08015
18.17163
19.08689
18.18008
19.09374
18.1894
19.10048
18.1962
19.10722
18.20547
19.11396
18.21227
19.1207
18.21907
19.12744
18.22586
19.13419
18.23143
19.14094
18.23704
19.14768
18.24884
19.15561
18.25442
19.16235
18.26288
19.16909
18.26967
19.17583
18.27646
19.18257
18.28324
19.18932
18.29253
19.19606
18.29928
19.20281
18.31349
19.20955
18.32272
19.21629
18.32947
19.22303
18.33868
19.22977
18.35457
19.23652
18.36379
19.24326
18.37806
19.25
18.38484
19.25674
18.40409
19.26348
18.41088
19.27022
18.42016
19.27696
18.43358
19.2837
18.44034
19.29044
18.45457
19.29719
18.46384
19.30393
18.4756
19.31742
18.48237
19.32415
18.49664
19.33089
18.5109
19.33764
18.52435
19.34438
18.53116
19.35112
18.5455
19.35906
18.55227
19.36702
18.55907
19.37376
18.5684
19.3805
18.57522
19.38724
18.58449
19.39399
18.59379
19.40072
18.60226
19.40747
18.6079
19.41421
18.6135
19.42095
18.62287
19.42769
18.6297
19.43443
18.63656
19.44118
18.64588
19.44792
18.65269
19.45466
18.66202
19.4614
18.6813
19.46815
18.69725
19.47489
18.70658
19.48163
18.72095
19.48837
18.72788
19.5086
18.7423
19.51534
18.74922
19.52209
18.75875
19.52883
18.76445
19.53558
18.77018
19.54232
18.77595
19.54907
18.7829
19.55581
18.78988
19.56256
18.80435
19.5705
18.81377
19.58399
18.82326
19.59074
18.83025
19.59748
18.83977
19.60422
18.84946
19.61097
18.85901
19.61771
18.86853
19.62445
18.87555
19.6312
18.8926
19.63795
18.89961
19.64469
18.90666
19.65143
18.91625
19.65817
18.92215
19.71333
18.9281
19.72006
18.934
19.72681
18.93992
19.73355
18.94708
19.74029
18.95416
19.74703
18.96127
19.75378
18.97344
19.76052
18.98067
19.76726
18.99045
19.774
18.99767
19.78074
19.00495
19.78748
19.01637
19.79422
19.02363
19.80096
19.03336
19.82118
19.04569
19.82792
19.06042
19.83466
19.06651
19.84141
19.0726
19.84815
19.07992
19.85489
19.08981
19.86163
19.10384
19.86838
19.11003
19.87512
19.1162
19.8886
19.1224
19.92232
19.12855
19.9358
19.13479
19.94928
19.14466
19.96277
19.15458
19.96951
19.16946
19.97626
19.17695
19.9842
19.18693
19.99094
19.19946
19.99768
19.2057
20.00442
19.22319
20.02465
19.2382
20.03813
19.24823
20.04487
19.2583
20.05161
19.26751
20.05835
19.27542
20.06508
19.28298
20.07182
19.29051
20.07856
19.29814
20.0853
19.30828
20.09203
19.31587
20.09877
19.32344
20.10551
19.33351
20.11225
19.3399
20.11899
19.3525
20.13248
19.35884
20.13921
19.36517
20.15269
19.37151
20.15943
19.37786
20.17292
19.39293
20.19314
19.4104
20.2336
19.41786
20.25383
19.42546
20.26731
19.43305
20.28079
19.44067
20.28754
19.44824
20.29428
19.45461
20.30776
19.46102
20.32124
19.46737
20.32798
19.47365
20.35614
19.48006
20.36287
19.48639
20.37636
19.50388
20.3831
19.51385
20.38984
19.52641
20.39658
19.53656
20.41006
19.55165
20.44379
19.56175
20.45847
19.57184
20.46639
19.58946
20.47313
19.5997
20.47988
19.60733
20.48662
19.61492
20.49336
19.62255
20.52151
19.63016
20.52824
19.63774
20.53498
19.64539
20.54172
19.65553
20.54846
19.6631
20.56194
19.67314
20.56867
19.6898
20.57542
19.69988
20.58216
19.70752
20.5889
19.7152
20.59565
19.7216
20.60239
19.72803
20.60913
19.74315
20.61587
19.75832
20.62261
19.76597
20.62935
19.77618
20.6361
19.78645
20.64284
19.79659
20.64959
19.80667
20.65633
19.81683
20.66982
19.82321
20.67656
19.82965
20.68331
19.8373
20.71029
19.84828
20.71703
19.85589
20.76423
19.86237
20.80156
19.8689
20.82854
19.88169
20.88526
19.88942
20.89201
19.8996
20.89875
19.90978
20.90549
19.91987
20.91223
19.9275
20.91898
19.9339
20.93921
19.94033
20.94714
19.96046
20.95388
19.96825
20.96062
19.98334
20.96737
19.99348
20.97411
20.00612
20.98086
20.01384
20.99434
20.02398
21.00109
20.03169
21.00783
20.03939
21.04157
20.04587
21.04832
20.05253
21.05507
20.0602
21.06181
20.0679
21.06856
20.07556
21.0753
20.08824
21.08204
20.09581
21.08877
20.10337
21.09551
20.11099
21.10225
20.11859
21.109
20.12616
21.12248
20.1325
21.13043
20.13882
21.14086
20.14888
21.1476
20.15888
21.15434
20.16639
21.16109
20.1764
21.18134
20.18388
21.18809
20.20131
21.20278
20.20766
21.20953
20.21399
21.21628
20.22191
21.22302
20.23681
21.22976
20.24675
21.23651
20.25667
21.24444
20.26573
21.25118
20.27311
21.25792
20.27929
21.26467
20.28549
21.27816
20.29781
21.2849
20.31255
21.29284
20.32228
21.29959
20.33697
21.30634
20.35421
21.31983
20.36382
21.33332
20.38093
21.36029
20.38804
21.37377
20.40505
21.39517
20.4121
21.40865
20.43153
21.4154
20.4475
21.43562
20.45682
21.44237
20.47364
21.44912
20.47919
21.45587
20.48471
21.46262
20.51141
21.48645
20.51694
21.50668
20.53856
21.5269
20.55738
21.53364
20.56645
21.54157
20.59053
21.54831
20.6237
21.61017
20.62904
21.61692
20.63446
21.6304
20.65098
21.65181
20.67239
21.6653
20.70148
21.67204
20.73292
21.70697
20.76234
21.71371
20.78723
21.72046
20.81626
21.72721
20.83521
21.74188
20.85915
21.7621
20.86808
21.76884
20.88206
21.78908
20.88854
21.79582
20.9175
21.80379
20.92646
21.81968
20.94715
21.87483
20.96868
21.93674
20.9752
21.94348
20.99426
21.95023
21.00321
21.96067
21.02233
21.96742
21.04089
21.98208
21.04742
22.01579
21.07138
22.04516
21.08748
22.10004
21.1039
22.1067
21.10922
22.12011
21.13325
22.13342
21.13978
22.1608
21.16737
22.1885
21.19138
22.20954
21.21377
22.23732
21.24031
22.2573
21.2618
22.27695
21.28599
22.29916
21.3075
22.30575
21.31651
22.32688
21.33555
22.35332
21.35961
22.36765
21.37731
22.39994
21.40005
22.40649
21.40905
22.41962
21.43802
22.45811
21.46164
22.48621
21.49039
22.50564
21.51373
22.51737
21.5219
22.53023
21.53959
22.54288
21.55726
22.55553
21.56382
22.56551
21.57288
22.58674
21.58697
22.60703
21.60855
22.61314
21.6289
22.65258
21.65699
22.65874
21.68607
22.70728
21.71291
22.72054
21.73422
22.72772
21.75663
22.73988
21.77749
22.75171
21.78412
22.76134
21.80016
22.7743
21.80681
22.78602
21.81962
22.79193
21.82628
22.79775
21.84044
22.80943
21.86052
22.8471
21.8672
22.8796
21.88888
22.88902
21.91052
22.90528
21.916
22.91485
21.92148
22.93164
21.93288
22.93726
21.93838
22.94287
21.94388
22.95215
21.96309
22.9797
21.98918
23.01414
22.0154
23.03621
22.03746
23.04179
22.04669
23.05115
22.06848
23.08487
22.09108
23.11676
22.11843
23.13265
22.14276
23.14612
22.16124
23.15541
22.18167
23.18444
22.19753
23.19105
22.20429
23.2003
22.21821
23.2194
22.22747
23.22605
22.24436
23.26287
22.27869
23.27821
22.2843
23.28361
22.28988
23.29771
22.30417
23.30429
22.311
23.32088
22.32524
23.32626
22.33203
23.33163
22.34384
23.34777
22.35527
23.35434
22.36214
23.36092
22.37149
23.37252
22.3808
23.38324
22.39768
23.39981
22.41594
23.43452
22.43858
23.44108
22.45734
23.46261
22.47428
23.48569
22.49991
23.52593
22.52669
23.54898
22.55774
23.57206
22.57463
23.58608
22.5966
23.60661
22.61678
23.62065
22.62376
23.62596
22.63722
23.63129
22.64677
23.64531
22.6538
23.65072
22.66078
23.6688
22.67678
23.67699
22.68538
23.68599
22.70203
23.70254
22.72122
23.71161
22.72823
23.71821
22.73779
23.73727
22.7524
23.74634
22.76184
23.76284
22.77964
23.80325
22.80413
23.81227
22.82611
23.84742
22.84768
23.86064
22.86792
23.87373
22.87741
23.8944
22.89945
23.91254
22.92318
23.93063
22.94473
23.94971
22.95668
23.96244
22.9636
23.96902
22.98303
23.97565
22.99673
23.99729
23.00366
24.00641
23.02057
24.02212
23.02627
24.02877
23.0403
24.04537
23.04972
24.05448
23.06537
24.06603
23.07224
24.07264
23.08596
24.07918
23.10699
24.12299
23.13035
24.14366
23.14949
24.16272
23.17134
24.18473
23.18707
24.19384
23.19626
24.20299
23.21561
24.21212
23.22993
24.23039
23.23935
24.24204
23.25373
24.25783
23.27436
24.28567
23.29543
24.31191
23.31231
24.31735
23.33671
24.32279
23.35349
24.35692
23.37151
24.36359
23.38082
24.38778
23.40265
24.42068
23.43451
24.43419
23.45296
24.45461
23.47866
24.49012
23.49531
24.49937
23.51876
24.50863
23.54052
24.51948
23.55907
24.52875
23.56588
24.55869
23.58265
24.56547
23.59197
24.57474
23.61044
24.59652
23.63144
24.61497
23.64077
24.63871
23.65761
24.65422
23.67196
24.66561
23.67877
24.69031
23.69652
24.69718
23.71141
24.70284
23.71699
24.71726
23.72258
24.72665
23.7344
24.74058
23.74121
24.75003
23.75051
24.7594
23.76976
24.77292
23.78924
24.78671
23.80855
24.7924
23.83832
24.8428
23.86188
24.87337
23.88857
24.88033
23.9153
24.88981
23.92206
24.93917
23.94545
24.94871
23.95473
24.95567
23.97396
24.96516
23.98318
24.98916
24.00743
25.03715
24.0397
25.04303
24.05772
25.05012
24.06446
25.06925
24.08371
25.08935
24.09307
25.09525
24.11732
25.10736
24.14942
25.13119
24.15863
25.13716
24.18497
25.20403
24.21582
25.22123
24.23441
25.23092
24.25107
25.24059
24.26754
25.2635
24.28677
25.27319
24.29345
25.27919
24.30008
25.30339
24.30922
25.31065
24.31585
25.31798
24.32247
25.33522
24.33915
25.34884
24.35572
25.36026
24.3723
25.39217
24.4086
25.40682
24.4338
25.4142
24.45146
25.42156
24.46043
25.4289
24.48942
25.4351
24.49839
25.44261
24.51733
25.44877
24.52384
25.46113
24.5428
25.49086
24.55168
25.50075
24.56692
25.50816
24.59472
25.51726
24.62019
25.61993
24.6504
25.64251
24.68318
25.65248
24.71207
25.66001
24.72102
25.67777
24.75179
25.69957
24.7766
25.72239
24.79721
25.74784
24.81719
25.76796
24.84368
25.78303
24.87027
25.81746
24.87678
25.90747
24.90827
25.91507
24.92966
25.92518
24.93779
25.94209
24.96827
25.94975
24.99174
25.99272
25.0189
26.0078
25.027
26.02721
25.05808
26.04494
25.06704
26.05147
25.09183
26.05794
25.12843
26.07065
25.16378
26.0771
25.19762
26.08965
25.22245
26.09889
25.23139
26.10906
25.23781
26.11668
25.25674
26.14198
25.26195
26.14833
25.26716
26.15469
25.32208
26.16105
25.34093
26.19903
25.34887
26.23275
25.36955
26.29224
25.37723
26.38418
25.40325
26.40441
25.42846
26.45366
25.46386
26.48627
25.48977
26.50137
25.5209
26.52794
25.54924
26.53423
25.58076
26.54811
25.61949
26.55442
25.65724
26.56194
25.68742
26.5819
25.70546
26.61098
25.72848
26.72726
25.7623
26.77777
25.79406
26.81226
25.82854
26.82688
25.85061
26.84992
25.88105
26.85707
25.91257
26.87664
25.93368
26.88383
25.94884
26.89354
25.95405
26.90558
25.95926
26.91265
25.97497
26.92981
25.99821
26.93945
26.00712
26.94532
26.03412
26.95119
26.06027
26.96324
26.07793
26.96904
26.09598
26.9836
26.11532
26.998
26.14567
27.02747
26.17088
27.05929
26.19859
27.09847
26.22519
27.12746
26.24755
27.19994
26.25643
27.21064
26.2772
27.23715
26.30415
27.2612
26.33057
27.28334
26.33949
27.3072
26.36485
27.32525
26.38747
27.34676
26.41011
27.37375
26.43876
27.39246
26.46294
27.41403
26.48906
27.43795
26.50665
27.45954
26.5297
27.48855
26.55238
27.49759
26.58671
27.51321
26.6059
27.53639
26.63091
27.56538
26.65222
27.59458
26.66992
27.62281
26.69422
27.64439
26.71124
27.65348
26.73228
27.67501
26.76124
27.70822
26.79092
27.73677
26.82084
27.7672
26.84052
27.79487
26.84694
27.82394
26.86809
27.83055
26.87452
27.85959
26.89606
27.88449
26.90501
27.91674
26.94263
27.95086
26.97673
27.99167
27.00076
28.02457
27.0281
28.04398
27.04468
28.07317
27.09391
28.09741
27.11159
28.12666
27.13236
28.15236
27.16937
28.18394
27.19253
28.21508
27.21721
28.24849
27.26612
28.28552
27.30186
28.31337
27.32635
28.33496
27.34337
28.34273
27.35963
28.36504
27.36614
28.37414
27.38818
28.40214
27.41462
28.41039
27.44853
28.43196
27.46372
28.4566
27.48437
28.48938
27.50085
28.52233
27.55208
28.54811
27.5716
28.57962
27.58059
28.60069
27.60332
28.61872
27.63046
28.62779
27.65661
28.65192
27.69501
28.6751
27.71634
28.69893
27.72534
28.71692
27.74729
28.73954
27.76743
28.76815
27.8006
28.77725
27.8299
28.83848
27.86667
28.86783
27.87565
28.90096
27.90238
28.9198
27.92702
28.94384
27.96178
28.97831
27.98315
28.98984
28.00589
28.99635
28.04229
29.01537
28.07592
29.02201
28.10346
29.03353
28.13414
29.03881
28.15733
29.05463
28.18148
29.08206
28.2028
29.10268
28.21174
29.12834
28.23578
29.15072
28.25624
29.17956
28.2834
29.19754
28.29958
29.21908
28.30856
29.24688
28.33101
29.27082
28.3564
29.2922
28.36448
29.32504
28.38255
29.34598
28.39151
29.36621
28.40939
29.37492
28.42845
29.3839
28.45395
29.40415
28.46291
29.43168
28.48189
29.45742
28.50933
29.48145
28.53653
29.50049
28.56329
29.52077
28.58219
29.55478
28.60621
29.58383
28.62714
29.60963
28.64367
29.61868
28.6521
29.64026
28.67607
29.65397
28.70691
29.66051
28.71589
29.67707
28.73681
29.69779
28.75787
29.7256
28.76555
29.75033
28.79176
29.77937
28.81816
29.80252
28.84132
29.82911
28.87549
29.85599
28.90998
29.92385
28.94642
29.97827
28.9795
30.00736
29.01362
30.02134
29.03598
30.03047
29.06003
30.05462
29.06883
30.07498
29.0899
30.09678
29.11811
30.12489
29.13494
30.14082
29.1614
30.16753
29.18795
30.21587
29.21892
30.24643
29.25046
30.27111
29.28308
30.30517
29.31672
30.33584
29.35038
30.36792
29.38323
30.38651
29.41195
30.39199
29.4346
30.39749
29.45944
30.42796
29.4659
30.44782
29.4888
30.47211
29.50787
30.50143
29.52944
30.51818
29.55471
30.53805
29.57653
30.55739
29.59494
30.57538
29.62357
30.59344
29.66006
30.61777
29.68424
30.64117
29.71672
30.65051
29.73866
30.66711
29.75513
30.67644
29.76318
30.70146
29.79668
30.74088
29.81965
30.74983
29.84065
30.76672
29.84713
30.77363
29.8661
30.78699
29.95209
30.79634
30.18606
30.81574
30.23883
30.83211
30.47486
30.84152
30.66407
30.85638
30.96653
30.86578
30.97289
30.88982
30.99494
30.9094
31.02191
30.93192
31.04265
30.95633
31.07776
30.97393
31.09948
30.99586
31.10744
31.02975
31.14032
31.04713
31.16689
31.05657
31.20025
31.07603
31.22072
31.1006
31.24668
31.11882
31.26763
31.13442
31.29012
31.14881
31.31207
31.15816
31.3184
31.2198
31.33691
31.38698
31.34447
31.54644
31.36827
31.78198
31.38854
31.80552
31.41539
31.82558
31.43992
31.85309
31.46098
31.86993
31.48654
31.89359
31.51563
31.91421
31.52948
31.94
31.53832
31.97213
31.55464
31.99165
31.56344
32.01726
31.58479
32.04621
31.59872
32.0755
31.60918
32.10218
31.61803
32.13148
31.65036
32.15578
31.66945
32.18103
31.67739
32.20695
31.70134
32.22865
31.76063
32.25159
31.91495
32.27726
32.04987
32.30904
32.21334
32.33456
32.39222
32.36425
32.62432
32.3938
32.78337
32.42062
32.9881
32.43988
33.20237
32.46089
33.23026
32.48408
33.26445
32.50303
33.30327
32.55953
33.34023
32.62934
33.37342
32.65357
33.41111
32.67781
33.4394
32.6977
33.46336
32.72633
33.46972
32.75308
33.50149
32.78963
33.53886
32.82402
33.54773
32.85301
33.58583
32.88176
33.6158
32.92105
33.65212
32.95459
33.68531
32.98123
33.72048
33.01222
33.74709
33.04879
33.75342
33.08607
33.78773
33.11035
33.81408
33.14027
33.85297
33.16505
33.88136
33.17178
33.88767
33.20309
33.90767
33.23679
33.93435
33.25612
33.95793
33.2654
33.98554
33.29712
34.0092
33.32264
34.03265
33.35611
34.0602
33.39216
34.06895
33.41603
34.09319
33.4422
34.11851
33.47066
34.1423
33.50895
34.14863
33.53752
34.17622
33.57037
34.2151
33.60513
34.25148
33.64403
34.28279
33.68149
34.31824
33.71958
34.34881
33.75877
34.36752
33.79508
34.39647
33.83173
34.4177
34.07206
34.45052
34.34167
34.48702
34.54507
34.5221
34.77047
34.55358
34.79688
34.58464
34.82919
34.61687
34.86189
34.65449
34.87084
34.66342
34.89362
34.68105
34.92882
34.70398
34.95554
34.72044
34.98696
34.72939
35.00497
34.75462
35.03438
34.78435
35.05747
34.81814
35.09491
34.82709
35.12875
34.86424
35.14729
34.89611
35.17255
34.93145
35.19634
34.97013
35.21714
35.00396
35.27921
35.03214
35.4859
35.05935
35.51456
35.09487
35.53552
35.13045
35.54434
35.1585
35.66171
35.19274
35.68316
35.22509
35.71565
35.25686
35.74004
35.29013
35.74892
35.32673
35.77027
35.35732
35.778
35.3909
35.80047
35.42697
35.8368
35.4629
35.85959
35.49564
35.89664
35.52862
35.90552
35.55768
35.92739
35.59146
35.93624
35.62328
35.95136
35.65585
35.96889
35.68991
35.98915
35.71872
36.01533
35.74907
36.04702
35.77238
36.07981
35.79251
36.11136
35.81826
36.1302
35.82603
36.15683
35.84272
36.17387
35.8764
36.18022
35.90476
36.21443
35.94251
36.23246
35.97355
36.2376
35.99886
36.26214
36.00403
36.2785
36.00921
36.29845
36.04352
36.32578
36.07699
36.34565
36.11601
36.37313
36.14235
36.39578
36.17787
36.42602
36.21172
36.60642
36.2354
36.81315
36.26104
37.00847
36.2826
37.24163
36.28773
37.26791
36.30539
37.30317
36.33912
37.33453
36.36832
37.36489
36.40047
37.38625
36.43804
37.41137
36.46954
37.43946
36.49936
37.46331
36.52973
37.50046
36.55463
37.53084
36.56348
37.55468
36.59377
37.56352
36.61969
37.59419
36.64744
37.6204
36.67871
37.64432
36.7021
37.67498
36.74103
37.69633
36.76925
37.73366
36.79881
37.76873
36.83342
37.79398
36.85977
37.82309
36.87502
37.84698
36.90074
37.88491
36.91819
37.92025
36.95706
37.94163
36.98426
37.97497
37.01842
38.00153
37.05323
38.02735
37.08467
38.05135
37.11427
38.07484
37.1432
38.10548
37.16206
38.14093
37.17094
38.1722
37.20127
38.19468
37.21008
38.22214
37.24308
38.24644
37.27481
38.27418
37.47716
38.29879
37.6772
38.32052
37.83255
38.34881
38.10052
38.37025
38.37023
38.40359
38.62862
38.42923
38.92898
38.46465
39.1935
38.49238
39.22326
38.52625
39.25206
38.55696
39.28714
38.59231
39.32306
38.61525
39.35598
38.63766
39.38496
38.66645
39.40647
38.69333
39.44102
38.70003
39.46495
38.73041
39.47279
38.76951
39.50891
38.80484
39.54393
38.82426
39.5754
38.84829
39.61443
38.8775
39.6527
38.91107
39.68897
38.93499
39.72355
38.95992
39.76088
38.99016
39.79268
39.02019
39.82656
39.05424
39.86315
39.0632
39.89555
39.27611
39.929
39.50999
39.96573
39.70651
40.00204
39.90644
40.03836
40.16668
40.07443
40.21952
40.10815
40.24512
40.1437
40.26993
40.17921
40.30714
40.21635
40.34196
40.25116
40.37711
40.28764
40.40968
40.32666
40.43928
40.36301
40.47328
40.40088
40.63218
40.43935
40.69228
40.47543
40.7235
40.51198
40.75697
40.54897
40.78332
40.58082
40.81525
40.61528
40.84092
40.65012
40.87017
40.67945
40.89933
40.71477
40.92246
40.75077
40.95118
40.78562
40.98043
40.80942
41.01412
40.81576
41.04347
40.85095
41.06479
40.88675
41.07972
40.91134
41.08857
40.94194
41.1099
40.97744
41.13507
41.0128
41.16935
41.04862
41.40319
41.0837
41.57377
41.12066
41.6056
41.15567
41.63328
41.19309
41.66634
41.22975
41.70036
41.25607
41.73426
41.28933
41.77018
41.31472
41.80503
41.33981
41.83514
41.36397
41.86937
41.38462
41.89337
41.39345
41.92127
41.4287
41.94239
41.44813
41.96288
41.48433
41.98174
41.52039
42.00933
41.54822
42.08754
41.58473
42.38479
41.62172
42.64187
41.65619
42.66531
41.6845
42.70253
41.72032
42.73909
41.75456
42.77013
41.78649
42.80703
41.82159
42.83451
41.85591
42.87774
41.89161
42.90695
41.925
42.93919
41.95958
42.96072
41.996
42.99111
42.03276
43.01157
42.05915
43.03888
42.06799
43.06742
42.09441
43.09845
42.10327
43.13166
42.13679
43.15534
42.17155
43.187
42.21008
43.2204
42.24583
43.25382
42.27945
43.28513
42.31631
43.3399
42.35223
43.37489
42.38873
43.41248
42.4206
43.4392
42.45602
43.47009
42.49509
43.49815
42.53062
43.52056
42.56966
43.55145
42.60605
43.58191
42.63322
43.60586
42.67157
43.63779
42.70996
43.67257
42.74841
43.70601
42.78588
43.73967
42.81417
43.77728
42.82059
43.80858
42.85715
43.83231
42.88512
43.86818
42.91323
43.89596
42.9221
43.93184
42.95858
43.9645
42.98806
43.99827
43.02393
44.02368
43.0604
44.05945
43.09531
44.09482
43.12931
44.1312
43.16476
44.16952
43.19982
44.20729
43.2374
44.24382
43.27406
44.27385
43.3126
44.31047
43.34396
44.34447
43.53701
44.38177
43.57193
44.45176
43.60607
44.49023
43.64283
44.52464
43.67596
44.70972
43.71246
44.73867
43.7487
44.76715
43.78535
44.81838
43.82218
44.83981
43.8583
44.87215
43.89096
44.90234
43.92838
44.92744
43.96436
44.96461
43.99971
44.9987
44.03565
45.03689
44.11162
45.14156
44.14882
45.17718
44.18431
45.18606
44.22308
45.21114
44.25697
45.24131
44.29174
45.26556
44.32262
45.30088
44.35827
45.32744
44.39544
45.35307
44.43203
45.38958
44.4615
45.41511
44.47039
45.44867
44.66863
45.45623
44.9272
45.49043
45.24769
45.52799
45.56776
45.56601
45.86441
45.59853
46.17555
45.63467
46.50252
45.65947
46.5369
45.69471
46.57402
45.72729
46.61178
45.76588
46.64897
45.80376
46.68667
45.83749
46.72192
45.86678
46.75614
45.90402
46.79428
45.94172
46.82946
45.97453
46.86235
46.0116
46.89653
46.04821
46.93384
46.08159
46.97228
46.11929
47.00914
46.15671
47.04358
46.19252
47.08215
46.21878
47.11784
46.25425
47.14873
46.28159
47.18596
46.30054
47.22314
46.32904
47.25937
46.36602
47.29862
46.38818
47.33609
46.39459
47.37418
46.42062
47.4101
46.45464
47.44743
46.55376
47.48346
46.58726
47.51688
46.61658
47.55716
46.63893
47.5951
46.67118
47.62891
46.70828
47.6647
46.85176
47.70309
47.01465
47.74302
47.2868
47.778
47.45048
47.81142
47.48444
47.84412
47.51978
47.872
47.55887
47.87715
47.59684
47.89758
47.63458
47.90393
47.67111
47.93465
47.67896
47.9435
47.7063
47.97746
47.738
48.01029
47.77209
48.04628
47.80872
48.08529
47.84382
48.12048
47.88044
48.15532
48.09241
48.19069
48.13065
48.22517
48.16703
48.26328
48.20296
48.2995
48.24183
48.33238
48.27718
48.37082
48.3139
48.40699
48.34621
48.44027
48.38275
48.47437
48.42009
48.50988
48.45197
48.54697
48.48838
48.5854
48.52695
48.62309
48.56341
48.65335
48.6008
48.68982
48.63504
48.72748
48.66906
48.76232
48.77708
48.79525
49.02825
48.832
49.0552
48.86988
49.09288
48.90643
49.13051
48.9437
49.16544
48.98085
49.20161
49.01858
49.23964
49.05549
49.2762
49.09345
49.31329
49.1307
49.63465
49.16474
49.65851
49.20348
49.91167
49.24017
49.95068
49.27712
49.9865
49.313
50.01913
49.35133
50.05289
49.38785
50.08741
49.42552
50.12191
49.46173
50.16063
49.48999
50.19651
49.52893
50.23172
49.55795
50.26817
49.59562
50.30728
49.63452
50.34309
49.66997
50.37466
49.70321
50.40399
49.73944
50.43903
49.77707
50.47041
49.88594
50.50721
49.92374
50.54381
49.96067
50.58101
49.9975
50.61689
50.03474
50.65377
50.06995
50.68999
50.10728
50.72235
50.14365
50.7573
50.16759
50.78894
50.1976
50.8242
50.20644
50.86163
50.23661
50.89896
50.2737
50.93442
50.30033
50.97182
50.33456
51.21546
50.36987
51.25222
50.40656
51.28932
50.43872
51.32673
50.46626
51.36518
50.47511
51.39796
50.51318
51.43415
50.55122
51.46908
50.76168
51.5056
51.08843
51.54012
51.30227
51.57586
51.3413
51.6143
51.37524
51.65125
51.40863
51.68914
51.44552
51.72649
51.48105
51.76151
51.62275
51.79775
51.66172
51.83327
51.6871
51.87058
51.69353
51.90571
51.73092
51.94243
51.76071
51.98179
51.79797
52.02104
51.83507
52.05613
51.86755
52.088
51.90566
52.12379
52.07487
52.15745
52.34525
52.1925
52.59052
52.22364
52.88456
52.25335
53.20855
52.2875
53.24643
52.32008
53.28221
52.32912
53.32065
52.3683
53.35967
52.40816
53.39489
52.43891
53.42953
52.72024
53.46776
53.03555
53.50513
53.22033
53.54046
53.53357
53.57554
53.87221
53.61211
54.20713
53.64836
54.53352
53.68574
54.57039
53.72295
54.60805
53.76205
54.64625
53.79702
54.67426
53.8345
54.70885
53.86993
54.74773
53.90762
54.782
53.94568
54.81889
53.98376
54.85596
54.02255
54.88252
54.21068
54.91791
54.24712
54.94568
54.28359
54.97586
54.32099
55.01456
54.35809
55.03601
54.39492
55.07507
54.43303
55.10926
54.53525
55.14467
54.56989
55.18217
54.60586
55.22013
54.64076
55.25857
54.86018
55.29535
55.19074
55.33117
55.48736
55.37002
55.76842
55.3939
55.80418
55.43042
55.84293
55.46713
55.88138
55.50278
55.91916
55.53935
55.95729
55.57233
55.99419
55.60978
56.03276
55.64612
56.07135
55.68073
56.30098
55.71778
56.64138
55.75248
56.67685
55.78981
56.7154
55.82684
56.74945
55.86245
56.785
55.90143
56.8161
55.93924
56.84003
55.97705
56.86515
56.01455
56.87151
56.04905
56.91045
56.08738
56.94431
56.16245
56.97828
56.19808
56.98715
56.23597
57.02485
56.27341
57.06484
56.30868
57.10294
56.34525
57.14
56.38125
57.17827
56.41578
57.21735
56.45369
57.25532
56.48856
57.29401
56.56578
57.33321
56.87758
57.37236
57.20018
57.40784
57.30244
57.44658
57.57079
57.48538
57.8781
57.52273
58.21198
57.56097
58.24638
57.59867
58.28105
57.63725
58.31717
57.67507
58.35494
57.71563
58.39102
57.75474
58.4275
57.79288
58.46414
57.82964
58.50059
57.86623
58.5314
57.90308
58.56735
57.92574
58.60376
57.96236
58.63905
58.00085
58.67735
58.0375
58.71411
58.07824
58.75131
58.11606
58.78739
58.15429
58.92976
58.19231
59.00612
58.23058
59.04448
58.26847
59.08206
58.30567
59.11287
58.34482
59.14782
58.37939
59.18691
58.41868
59.22316
58.4573
59.25654
58.49711
59.29297
58.53564
59.33189
58.57371
59.36904
58.84455
59.40712
58.88344
59.44236
59.18311
59.47882
59.5187
59.51369
59.55652
59.55214
59.59371
59.58165
59.6314
59.61471
59.67025
59.65274
59.7071
59.68687
59.74625
59.72472
59.78415
59.76093
59.82198
59.79715
59.85714
59.83629
59.89491
59.87415
59.92553
59.91096
59.96004
59.94811
59.99456
59.98314
60.01979
60.02179
60.0546
60.05582
60.07594
60.09381
60.08232
60.13057
60.25698
60.16757
60.57673
60.20432
60.90452
60.24268
61.2371
60.2802
61.27549
60.32099
61.31466
60.35516
61.35395
60.65589
61.39017
60.96819
61.42722
61.00071
61.46326
61.03914
61.50243
61.07554
61.54084
61.11274
61.57792
61.15085
61.61693
61.18672
61.65483
61.22595
61.69391
61.26328
61.7344
61.2991
61.76922
61.3381
61.80686
61.37617
61.84493
61.4143
61.88282
61.4531
61.92148
61.76709
61.9602
61.798
61.99815
62.105
62.03679
62.14423
62.07634
62.18239
62.11551
62.22216
62.15137
62.25971
62.19045
62.29296
62.22473
62.32912
62.26388
62.36543
62.30264
62.40334
62.34109
62.43783
62.37417
62.47698
62.41312
62.51411
62.45227
62.55312
62.48788
62.59
62.52289
62.62873
62.56158
62.6679
62.59929
62.70718
62.6309
62.74558
62.70795
62.78166
62.74594
62.97115
62.78301
63.00953
62.82211
63.04736
62.85937
63.08634
62.89769
63.12193
62.93672
63.15818
63.2
63.19726
63.49461
63.23785
63.83156
63.27584
64.1763
63.31074
64.21584
63.34853
64.25416
63.38724
64.29539
63.42647
64.33488
63.4656
64.37353
63.50357
64.41433
63.54155
64.45403
63.57926
64.49512
63.6185
64.53374
63.65604
64.57375
63.69241
64.61337
63.72807
64.6547
63.76723
64.73254
63.80815
64.77155
63.84738
64.8103
63.88622
64.84962
63.92555
64.88883
63.96285
64.92773
63.99878
64.96618
64.03796
65.00546
64.07481
65.042
64.11413
65.08053
64.15408
65.11979
64.19234
65.15827
64.23335
65.19774
64.27128
65.2369
64.30936
65.27648
64.34673
65.31596
64.38362
65.35429
64.4208
65.39251
64.76101
65.43137
65.03111
65.4725
65.26173
65.51215
65.52055
65.55337
65.54864
65.59161
65.58585
65.63221
65.62235
65.67146
65.66048
65.71215
65.6964
65.75137
65.72993
65.79039
65.7384
65.83156
65.76731
65.87108
65.80685
65.911
65.84052
65.94971
65.87968
65.98828
65.91611
66.02773
65.9552
66.06705
65.99432
66.14372
66.03199
66.18302
66.06605
66.22237
66.09653
66.25932
66.12955
66.29918
66.15991
66.48291
66.19508
66.51985
66.23338
66.56072
66.27115
66.59251
66.3052
66.63002
66.3428
66.66781
66.38192
66.70452
66.41844
66.74341
66.45518
66.78037
66.48597
66.8186
66.52514
66.85608
66.56124
66.89565
66.59886
66.93436
66.63762
66.97355
66.67487
67.01128
66.71308
67.05033
66.7523
67.08692
66.79067
67.12434
66.82877
67.16346
67.17314
67.20211
67.24868
67.24047
67.2875
67.27956
67.32337
67.31931
67.35881
67.35739
67.3997
67.39536
67.43903
67.43343
67.47697
67.47223
67.51443
67.51147
67.55334
67.54984
67.59144
67.58911
67.62301
67.62861
67.66225
67.66798
67.69938
67.70747
67.73849
67.74842
67.77711
67.78779
67.81601
67.82589
68.11885
67.86507
68.34663
67.90161
68.38388
67.939
68.57542
67.97932
68.61258
68.01344
68.65021
68.04504
68.68755
68.07818
68.76467
68.11601
68.84161
68.15188
69.17023
68.18752
69.20949
68.22694
69.2487
68.2657
69.28651
68.30293
69.32536
68.34221
69.36343
68.38236
69.40246
68.42093
69.44113
68.45934
69.47793
68.49768
69.51634
68.53587
69.55436
68.57243
69.59345
68.61047
69.6321
68.64928
69.67141
68.68761
69.70915
68.72861
69.74857
68.76536
69.78801
69.07162
69.82838
69.38921
69.86694
69.69144
69.90558
70.00526
69.94438
70.35873
69.9843
70.39864
70.02394
70.43837
70.05315
70.47976
70.09287
70.51952
70.13239
70.56031
70.17213
70.59961
70.20998
70.63927
70.24884
70.67775
70.28869
70.71764
70.32949
70.75596
70.36817
70.79664
70.40569
70.83633
70.44031
70.87566
70.75319
70.91529
71.10799
70.95497
71.13683
70.99392
71.16904
71.03307
71.20367
71.07247
71.24501
71.11018
71.28395
71.30551
71.31274
71.34452
71.35116
71.38332
71.39124
71.42262
71.42783
71.46226
71.46663
71.50208
71.5005
71.54073
71.54005
71.57287
71.57528
71.60477
71.61218
71.94958
71.64413
71.98969
71.68299
72.02916
71.72412
72.06489
71.75746
72.10119
71.79668
72.14072
71.836
72.17966
71.87272
72.22067
71.90997
72.5285
71.9482
72.56824
71.97759
72.60726
72.01132
72.64666
72.05058
72.68372
72.08889
72.79627
72.12572
72.83324
72.16491
72.87195
72.19559
72.90865
72.23441
72.94817
72.27328
72.98761
72.3106
73.02718
72.34992
73.06701
72.38773
73.1059
72.42714
73.41573
72.46825
73.45532
72.50771
73.49395
72.54608
73.53241
72.58363
73.57214
72.62256
73.61
72.66204
73.6495
72.70062
73.68903
72.74017
73.72862
72.7784
73.7681
72.81793
73.80763
72.85717
73.84667
72.8967
73.88412
72.9358
73.92336
73.01235
73.96109
73.35318
73.99815
73.70091
74.03657
74.04295
74.07272
74.11787
74.10713
74.15714
74.14432
74.1963
74.18353
74.23471
74.22277
74.2716
74.26151
74.31078
74.30156
74.34755
74.33756
74.38691
74.37533
74.42254
74.41418
74.46317
74.45357
74.50084
74.49202
74.53925
74.53133
74.5774
74.57006
74.61684
74.60685
74.65543
74.64649
74.69494
74.68447
74.72925
74.71932
74.76624
74.75859
74.80431
74.79677
74.84121
74.91394
74.87857
74.95208
74.91556
74.98775
74.9466
75.02708
74.98324
75.06625
75.00903
75.10285
75.03226
75.25848
75.04876
75.58052
75.0577
75.6185
75.08881
75.65788
75.12037
75.69568
75.1578
75.73408
75.18478
75.77271
75.21583
75.80666
75.25465
75.84267
75.29215
75.88078
75.33153
75.91853
75.37096
75.95703
75.41037
75.99551
75.44942
76.03374
75.48659
76.07166
75.52518
76.10975
75.5629
76.15005
75.59981
76.18773
75.6339
76.22635
75.64317
76.26566
75.66503
76.30447
75.8186
76.3439
75.84676
76.37324
75.88075
76.4126
75.9178
76.44778
75.95758
76.4866
75.99738
76.52577
76.02697
76.56362
76.06282
76.60127
76.188
76.63877
76.22694
76.67388
76.26214
76.71315
76.30085
76.74864
76.32553
76.78787
76.35532
76.82355
76.39349
76.86147
76.42594
76.90079
76.43468
76.93993
76.46951
77.01334
76.50673
77.08942
76.5421
77.40357
76.57073
77.44244
76.60271
77.47855
76.62029
77.51804
76.64998
77.55886
76.66965
77.59815
76.7029
77.63742
76.74007
77.67718
76.77926
77.70819
76.80058
77.74151
76.83546
77.77269
76.87038
77.79549
76.911
77.82224
76.94839
77.84447
76.98569
77.87353
77.01544
77.90588
77.03281
77.93835
77.06508
77.96183
77.09241
77.99144
77.12981
78.01632
77.13589
78.02638
77.14199
78.06129
77.15927
78.10144
77.18921
78.14011
77.22572
78.17954
77.50424
78.22122
77.65864
78.25087
77.72276
78.29062
77.7612
78.32555
77.79049
78.36374
77.82933
78.39941
77.90641
78.43527
78.05932
78.46895
78.09454
78.50699
78.19868
78.54495
78.23326
78.57927
78.27074
78.61689
78.47845
78.65607
78.55188
78.69329
78.58195
78.72868
78.63814
78.76611
78.66299
78.80139
78.69719
78.83701
78.73621
78.87536
78.77377
78.90248
78.80849
78.93417
78.84531
78.97418
78.88096
79.0135
78.9176
79.04917
79.09595
79.0876
79.35188
79.12746
79.40627
79.16528
79.4402
79.2021
79.47502
79.22994
79.50969
79.26862
79.53921
79.30798
79.56902
79.3475
79.60897
79.38502
79.63939
79.41805
79.67446
79.45587
79.78941
79.48689
79.79906
79.52106
79.82632
79.55418
79.83598
79.58701
79.88995
79.6181
79.91709
79.62776
79.94182
79.65269
79.96445
79.68006
79.99083
79.71155
80.02309
79.73332
80.05512
79.758
80.08729
79.76544
80.12687
79.78288
80.16576
79.80524
80.20044
79.82964
80.23915
79.85127
80.26133
79.87783
80.2833
79.90276
80.29028
79.92677
80.31723
79.93578
80.35346
79.96062
80.68793
79.96672
80.8052
79.97277
80.83217
79.99499
80.8672
80.02982
80.90421
80.03873
80.94391
80.06593
80.97485
80.10375
81.01431
80.1422
81.05376
80.17181
81.09322
80.3659
81.13214
80.37536
81.16975
80.39487
81.20102
80.42196
81.2291
80.44521
81.26347
80.47359
81.2958
80.50312
81.31977
80.54173
81.32672
80.57877
81.34883
80.61861
81.35464
80.65784
81.37687
80.68233
81.39897
80.70015
81.42372
80.70966
81.45018
80.71916
81.47765
80.73583
81.49498
80.77228
81.5172
80.80054
81.55357
80.82498
81.59119
80.85139
81.62605
80.87231
81.66578
80.88178
81.70462
80.9038
81.74581
80.93172
81.78425
80.96526
81.82517
80.9949
81.86361
81.00954
81.90078
81.01669
81.93942
81.04134
81.97609
81.0635
82.01529
81.08321
82.05477
81.09281
82.09315
81.1124
82.13116
81.13442
82.17052
81.19666
82.20934
81.21866
82.24731
81.26072
82.28659
81.29683
82.32402
81.33318
82.35949
81.36513
82.39958
81.44737
82.43896
81.59848
82.47848
81.85942
82.51779
82.00066
82.55464
82.15142
82.58543
82.37846
82.62392
82.54595
82.66391
82.56959
82.70101
82.60406
82.74155
82.6359
82.78002
82.64522
82.81809
82.6633
82.85662
82.68933
83.15988
82.71378
83.22747
82.73235
83.26692
82.75175
83.3051
82.76109
83.3444
82.78807
83.38371
82.7975
83.42052
82.82468
83.45989
82.84638
83.49296
82.87344
83.52479
82.89793
83.55466
82.91966
83.58909
82.94923
83.62105
82.98385
83.65911
83.02354
83.6786
83.05954
83.68822
83.08128
83.71269
83.10529
83.73705
83.1144
83.77284
83.14398
83.81302
83.16291
83.84419
83.16984
83.87126
83.19182
83.9078
83.21885
83.93433
83.25335
83.96059
83.27495
83.98049
83.30377
84.00513
83.33187
84.02216
83.34005
84.02811
83.36707
84.04526
83.38824
84.05244
83.40955
84.05943
83.43832
84.0817
83.46839
84.09868
83.50196
84.11333
83.53131
84.12042
83.55637
84.14231
83.58073
84.15951
83.59504
84.18143
83.61195
84.20361
83.6279
84.23315
83.65121
84.25945
83.68318
84.28554
83.74352
84.31792
83.92489
84.34541
84.1488
84.37948
84.27667
84.3993
84.30335
84.42407
84.36801
84.44803
84.3777
84.47057
84.39714
84.48785
84.41767
84.49788
84.44261
84.51781
84.45681
84.5391
84.46436
84.54662
84.47937
84.56665
84.49696
84.57647
84.50694
84.60938
84.51322
84.64027
84.5195
84.66795
84.52575
84.68555
84.5383
84.6972
84.55329
84.71247
84.56584
84.71984
84.5734
84.72973
84.57975
84.75237
84.5861
84.77162
84.59366
84.79837
84.60533
84.82069
84.61295
84.84231
84.62298
84.85116
84.63725
84.87598
84.64484
84.9046
84.65732
84.92902
84.67487
84.94921
84.68392
84.97652
84.69891
85.00361
84.72144
85.03517
84.73136
85.06436
84.73875
85.0864
84.75751
85.11343
84.77766
85.13905
84.80521
85.14847
84.82655
85.17034
84.83626
85.1935
84.85602
85.2141
84.86484
85.24841
84.8821
85.28598
84.89069
85.32169
84.91164
85.34598
84.91884
85.37195
84.92858
85.41114
84.93815
85.44742
84.94527
85.47593
84.95899
85.51188
84.97117
85.5384
84.9783
85.56044
84.99546
85.56933
85.00505
85.57885
85.02137
85.58828
85.03858
85.60765
85.04824
85.64457
85.07789
85.68403
85.11198
85.72296
85.13977
85.76193
85.16204
85.79765
85.19815
85.82955
85.21278
85.86718
85.2249
85.90416
85.28136
85.94225
85.47535
85.981
85.5407
86.01926
85.59895
86.05583
85.61625
86.09451
85.62611
86.1258
85.63837
86.16235
85.64448
86.19202
85.65061
86.23096
85.66045
86.26154
85.67033
86.28989
85.67773
86.31971
85.68761
86.33451
85.69379
86.35199
85.70122
86.36207
85.71365
86.37923
85.72104
86.4017
85.73609
86.42173
85.75368
86.43839
85.76532
86.46095
85.78784
86.48588
85.79533
86.51076
85.80527
86.52741
85.82032
86.53474
85.83286
86.54926
85.84291
86.55926
85.85702
86.56545
85.87341
86.57178
85.88342
86.58887
85.89087
86.61272
85.90092
86.64268
85.95109
86.66257
85.97018
86.67247
85.9877
86.70274
85.99519
86.73272
86.01273
86.7578
86.05402
86.78539
86.07381
86.80797
86.10063
86.83047
86.11697
86.84512
86.13829
86.86665
86.20161
86.8838
86.22505
86.90861
86.23719
86.93086
86.2468
86.95116
86.25645
86.97337
86.27269
86.9976
86.29231
87.00471
86.30191
87.02697
86.31411
87.03602
86.32127
87.05309
86.33086
87.07019
86.34047
87.1025
86.36007
87.12745
86.38222
87.14954
86.4043
87.15917
86.42393
87.1814
86.44557
87.20091
86.47534
87.22818
86.50375
87.24958
86.51973
87.25674
86.52937
87.28642
86.55404
87.31807
86.58122
87.34618
86.60587
87.37076
86.61544
87.39667
86.63506
87.42474
86.65214
87.45176
86.66916
87.47878
86.67871
87.49557
86.6932
87.51492
86.7002
87.52422
86.7198
87.54102
86.74439
87.54785
86.76086
87.56731
86.78301
87.57407
86.80759
87.59087
86.83223
87.62032
86.95261
87.64552
86.96103
87.67059
87.00955
87.69627
87.01682
87.72345
87.0291
87.74466
87.03884
87.76572
87.04866
87.78836
87.05854
87.81313
87.07092
87.83527
87.07828
87.8625
87.08437
87.88473
87.09431
87.89191
87.10931
87.90651
87.1193
87.91612
87.12558
87.93573
87.13306
87.94438
87.15054
87.95397
87.16062
87.9687
87.17823
87.98308
87.19358
88.00777
87.20361
88.03077
87.21249
88.06414
87.2276
88.0863
87.23518
88.10462
87.2578
88.12097
87.28455
88.13046
87.30206
88.14516
87.31133
88.15874
87.32143
88.16597
87.32899
88.17575
87.33903
88.18541
87.34829
88.19988
87.36095
88.22475
87.36733
88.24461
87.3738
88.25438
87.38022
88.27669
87.38664
88.30146
87.39308
88.32377
87.40074
88.34096
87.41093
88.34791
87.41735
88.35379
87.42375
88.36787
87.43298
88.38731
87.44569
88.41058
87.45594
88.43018
87.46243
88.45155
87.46899
88.47339
87.47672
88.49036
87.49194
88.49997
87.50218
88.51192
87.51755
88.52132
87.53194
88.53083
87.55197
88.54282
87.57133
88.55227
87.5817
88.56924
87.59946
88.58112
87.60603
88.58808
87.62895
88.60268
87.65428
88.61215
87.71217
88.63164
87.77744
88.65617
87.8245
88.68324
87.8334
88.70274
87.84075
88.72234
87.85477
88.7457
87.86713
88.78428
87.87445
88.81137
87.89426
88.83176
87.91167
88.84129
87.93149
88.84818
87.95029
88.86521
87.96932
88.87224
87.99164
88.89183
88.01389
88.91141
88.02903
88.9171
88.0363
88.92414
88.051
88.93606
88.08234
88.94313
88.09701
88.9527
88.10299
88.95966
88.11855
88.97432
88.1282
88.98882
88.14046
88.99576
88.14752
89.00288
88.1596
89.01491
88.16672
89.02197
88.19263
89.03407
88.20232
89.05363
88.21196
89.07569
88.24418
89.09443
88.2738
89.11204
88.30481
89.13158
88.32825
89.15114
88.34799
89.17073
88.37016
89.19273
88.38857
89.21112
88.40582
89.21827
88.41552
89.23278
88.42522
89.2423
88.44752
89.25948
88.45724
89.26673
88.46707
89.27373
88.47437
89.28084
88.48167
89.29288
88.48895
89.29877
88.49628
89.31086
88.50363
89.3205
88.51092
89.33777
88.52785
89.35391
88.5378
89.38598
88.55017
89.40794
88.56013
89.42665
88.5751
89.44373
88.58264
89.46156
88.59013
89.47114
88.60266
89.48824
88.61271
89.50271
88.62274
89.50863
88.64034
89.51443
88.65793
89.53408
88.67712
89.55358
88.69473
89.58816
88.71236
89.60262
88.72001
89.60971
88.74023
89.62943
88.74789
89.63668
88.7556
89.65653
88.77492
89.66242
88.78512
89.66968
88.80029
89.68434
88.80668
89.69394
88.81316
89.71355
88.82577
89.7409
88.83221
89.76743
88.83861
89.78864
88.86047
89.80846
88.87264
89.82303
88.87909
89.83263
88.88557
89.86354
88.90582
89.89626
88.92097
89.91252
88.93519
89.93465
88.9452
89.96303
88.9677
89.98602
88.98727
90.00305
89.01212
90.01019
89.03632
90.02746
89.05384
90.03965
89.07321
90.04929
89.09561
90.0589
89.10546
90.07859
89.12788
90.09306
89.15278
90.12177
89.1826
90.15342
89.19914
90.17975
89.21855
90.19869
89.22593
90.20443
89.25827
90.2215
89.26565
90.23625
89.33221
90.24323
89.45479
90.28236
89.52665
90.31294
89.61046
90.33849
89.67117
90.35848
89.69147
90.3731
89.69927
90.38269
89.70704
90.40221
89.71724
90.40939
89.73743
90.42918
89.76025
90.44532
89.77936
90.46246
89.78961
90.4696
89.80473
90.48796
89.81126
90.49491
89.81785
90.52152
89.84073
90.55
89.85749
90.56892
89.86768
90.58343
89.88026
90.59235
89.88798
90.61183
89.89813
90.63638
89.9083
90.67
89.91851
90.70609
89.92619
90.72987
89.94468
90.74782
89.95486
90.75367
89.96252
90.75937
89.97028
90.76886
89.98312
90.77586
89.99088
90.79301
89.99743
90.79874
90.00407
90.80459
90.01595
90.82164
90.02639
90.83492
90.03433
90.8419
90.04103
90.8513
90.04895
90.85831
90.05925
90.87543
90.06718
90.89497
90.08011
90.90944
90.09059
90.92903
90.10771
90.95631
90.12568
90.97607
90.14115
90.98568
90.15657
91.0002
90.16454
91.03237
90.175
91.06462
90.19215
91.08418
90.2001
91.10255
90.21555
91.11205
90.22349
91.13409
90.23145
91.14116
90.24689
91.16593
90.25485
91.18179
90.2616
91.1908
90.26834
91.20043
90.27631
91.21011
90.28678
91.21741
90.29974
91.22963
90.30769
91.23696
90.31813
91.2541
90.32487
91.27692
90.34026
91.29935
90.34701
91.30925
90.35375
91.31911
90.36417
91.33147
90.37462
91.33862
90.39304
91.34734
90.40599
91.35699
90.41396
91.39677
90.42188
91.42142
90.43645
91.44254
90.44442
91.45237
90.45486
91.46715
90.47326
91.47445
90.48872
91.48912
90.49916
91.49644
90.50964
91.50864
90.51923
91.51733
90.53723
91.53671
90.5527
91.544
90.56066
91.55384
90.5686
91.56098
90.57655
91.58327
90.5845
91.59813
90.59917
91.608
90.61391
91.62271
90.62979
91.63234
90.63776
91.65461
90.65867
91.67187
90.6801
91.68924
90.69469
91.69666
90.70265
91.70261
90.71308
91.71
90.72351
91.71744
90.73139
91.72457
90.74172
91.74703
90.75717
91.76124
90.76665
91.76866
90.77459
91.78773
90.79041
91.80753
90.81069
91.81658
90.82105
91.82632
90.8288
91.84381
90.85102
91.85141
90.86669
91.8601
90.877
91.8698
90.88477
91.87698
90.89758
91.88436
90.90416
91.9043
90.91072
91.91672
90.926
91.92293
90.94326
91.94695
90.95901
91.97076
90.97466
91.99753
91.00696
92.01489
91.023
92.03117
91.04485
92.0404
91.05508
92.05244
91.06535
92.05961
91.07565
92.07409
91.0834
92.08357
91.14602
92.09561
91.15251
92.10506
91.18989
92.11922
91.19765
92.13137
91.20532
92.14583
91.21303
92.17313
91.22819
92.18858
91.23837
92.19556
91.25609
92.21469
91.2663
92.22182
91.2728
92.22897
91.27921
92.23845
91.30186
92.25562
91.31206
92.27281
91.32226
92.28714
91.32997
92.29428
91.34023
92.31127
91.35712
92.32066
91.36371
92.33662
91.37031
92.3507
91.38795
92.35786
91.40826
92.36987
91.4186
92.37946
91.42636
92.40172
91.43573
92.41132
91.44345
92.43584
91.45868
92.44527
91.4682
92.47002
91.48337
92.48635
91.48989
92.49339
91.49642
92.5231
91.53622
92.54757
91.56937
92.5683
91.57954
92.58293
91.59473
92.59248
91.64168
92.60941
91.6494
92.6266
91.69252
92.64371
91.70019
92.6558
91.71805
92.66273
91.7435
92.67838
91.75873
92.69549
91.76528
92.71521
91.77184
92.72991
91.7797
92.74556
91.79002
92.76785
91.80034
92.78928
91.80816
92.79901
91.81599
92.80886
91.8239
92.81591
91.83044
92.83571
91.83697
92.84539
91.85017
92.86268
91.86306
92.87246
91.8735
92.89484
91.91698
92.92437
91.93713
92.94321
91.95683
92.95282
91.96478
92.97258
91.98875
92.99485
92.00675
93.01463
92.02023
93.03243
92.03327
93.05501
92.06136
93.06745
92.06809
93.08139
92.08649
93.08876
92.10688
93.09867
92.11362
93.11086
92.12036
93.11832
92.13083
93.13307
92.13876
93.14046
92.15413
93.15562
92.16451
93.16553
92.17245
93.17532
92.18701
93.19137
92.19365
93.19893
92.20032
93.21391
92.21571
93.2239
92.2261
93.2415
92.24318
93.25823
92.25853
93.26972
92.2849
93.28725
92.34857
93.29975
92.41667
93.3098
92.48265
93.32752
92.56019
93.34761
92.58025
93.36256
92.59916
93.38492
92.60924
93.39493
92.61548
93.41486
92.6218
93.44246
92.6469
93.45654
92.6545
93.46403
92.66205
93.47022
92.68213
93.47654
92.68856
93.48649
92.69492
93.49651
92.70129
93.51878
92.71398
93.53382
92.72157
93.54125
92.72931
93.55363
92.7522
93.56104
92.7586
93.57093
92.76792
93.57803
92.77431
93.60003
92.78082
93.62428
92.82764
93.63756
92.84781
93.64732
92.8542
93.65319
92.86061
93.65925
92.87591
93.67158
92.88369
93.68637
92.8965
93.69593
92.90427
93.71983
92.91461
93.73694
92.92747
93.75417
92.93696
93.77393
92.94984
93.79877
92.95645
93.81597
92.96312
93.82191
92.97108
93.82792
92.97782
93.84502
92.98456
93.86486
92.9925
93.88818
93.00046
93.89771
93.00842
93.9165
93.01516
93.92615
93.0219
93.93626
93.02985
93.94221
93.03782
93.95692
93.04578
93.97429
93.05371
93.99342
93.06046
94.00057
93.1076
94.01014
93.12914
94.0274
93.13714
94.04207
93.14761
94.05927
93.15806
94.06869
93.16479
94.08578
93.17775
94.09536
93.20407
94.11414
93.21082
94.12868
93.2213
94.1458
93.23178
94.15273
93.24226
94.18
93.2552
94.19379
93.26868
94.20839
93.27911
94.22437
93.28704
94.23403
93.295
94.2486
93.30296
94.25828
93.31093
94.27806
93.31767
94.29523
93.32441
94.31242
93.33115
94.33211
93.35152
94.34662
93.37122
94.35378
93.37796
94.36845
93.39088
94.37576
93.40435
94.39036
93.41983
94.41531
93.42781
94.42509
93.4424
94.4323
93.44914
94.44714
93.45589
94.45947
93.46383
94.4718
93.47679
94.48414
93.48473
94.49887
93.50561
94.50852
93.51517
94.53362
93.53607
94.55094
93.56245
94.56964
93.57589
94.58208
93.58873
94.59134
93.60329
94.60387
93.60996
94.61147
93.61666
94.6176
93.62684
94.62381
93.70519
94.63124
93.77777
94.6413
93.85744
94.64851
93.86752
94.65594
93.87503
94.67072
93.88268
94.67975
93.88905
94.69202
93.8994
94.69941
93.90948
94.70931
93.91593
94.72162
93.92233
94.73672
93.93263
94.75424
93.94276
94.7634
93.94917
94.77339
93.95564
94.78098
93.96208
94.78708
93.96864
94.79463
93.98142
94.80705
93.99171
94.81706
94.00198
94.83471
94.00883
94.84489
94.01556
94.86001
94.02213
94.86774
94.02992
94.87514
94.03657
94.88502
94.04314
94.89487
94.04971
94.91616
94.05634
94.93639
94.06419
94.95492
94.07458
94.96265
94.08123
94.97778
94.08781
94.99257
94.09447
95.00208
94.1011
95.00974
94.10896
95.02157
94.11683
95.02923
94.12466
95.04426
94.13122
95.05069
94.13778
95.06345
94.15064
95.07117
94.1586
95.07852
94.16897
95.08778
94.21876
95.10462
94.24429
95.11195
94.25224
95.11954
94.26022
95.13445
94.27571
95.14194
94.28919
95.15199
94.29966
95.16952
94.30637
95.17924
94.31312
95.20017
94.32356
95.20995
94.33152
95.21989
94.34745
95.23496
94.36042
95.24226
94.36716
95.25981
94.37391
95.27727
94.38438
95.29481
94.39112
95.32174
94.39787
95.3362
94.40585
95.35629
94.41381
95.37443
94.42177
95.38853
94.43136
95.39847
94.4381
95.40842
94.44484
95.42326
94.45532
95.43427
94.4658
95.45419
94.47254
95.46413
94.47929
95.47014
94.48485
95.47626
94.49282
95.49371
94.50581
95.50361
94.51535
95.51073
94.5333
95.52048
94.54784
95.5355
94.55437
95.54546
94.62432
95.55265
94.69196
95.56477
94.76543
95.57207
94.7758
95.5843
94.78371
95.59165
94.79158
95.60789
94.80191
95.6227
94.80977
95.63261
94.82023
95.64249
94.82806
95.65723
94.83849
95.67712
94.84523
95.68831
94.85197
95.70571
94.85992
95.72801
94.8692
95.74297
94.87716
95.75272
94.89015
95.76743
94.8969
95.78134
94.90364
95.801
94.91039
95.81333
94.92085
95.82293
94.92888
95.84018
94.93682
95.85389
94.94356
95.86865
94.95029
95.87569
94.95705
95.88525
94.96378
95.90509
94.97053
95.91974
94.97727
95.92697
94.98402
95.94426
94.99076
95.95657
94.9975
95.96886
95.01047
95.98119
95.01721
95.991
95.02395
96.00332
95.03743
96.01233
95.04417
96.02225
95.05463
96.0338
95.06136
96.05134
95.06811
96.06795
95.08785
96.08243
95.0946
96.09431
95.10134
96.10435
95.12223
96.11935
95.13771
96.13172
95.14568
96.15181
95.17664
96.16669
95.25349
96.17654
95.32273
96.18649
95.3759
96.19409
95.45133
96.20901
95.53682
96.22163
95.60095
96.22908
95.66605
96.23671
95.73684
96.24691
95.80565
96.26186
95.91154
96.2719
95.97854
96.2921
96.04502
96.29978
96.11053
96.31252
96.18049
96.32517
96.24972
96.33167
96.32194
96.34435
96.38748
96.3547
96.39545
96.36265
96.40892
96.37206
96.41688
96.38987
96.42486
96.40486
96.43444
96.42262
96.44118
96.43623
96.44792
96.44842
96.45586
96.45844
96.46384
96.46854
96.47176
96.48386
96.47972
96.49678
96.48767
96.5031
96.49812
96.50958
96.50486
96.51618
96.5116
96.52374
96.51835
96.53381
96.52509
96.5405
96.53183
96.55563
96.54478
96.57105
96.55152
96.58135
96.55827
96.59144
96.565
96.60545
96.57296
96.61297
96.5797
96.62068
96.58645
96.62847
96.59319
96.64353
96.59994
96.65128
96.60789
96.66405
96.61836
96.67419
96.62511
96.691
96.63184
96.70849
96.63981
96.71844
96.65025
96.74868
96.657
96.77615
96.66374
96.79978
96.67168
96.83477
96.67842
96.85955
96.68515
96.89427
96.69189
96.9307
96.70734
96.96497
96.71778
96.99457
96.72829
97.07377
96.74628
97.11325
96.75425
97.15174
96.77895
97.18469
96.7857
97.22112
96.79244
97.25999
96.79918
97.297
96.81223
97.33602
96.81896
97.36955
96.8256
97.40607
96.84574
97.50489
96.855
97.54299
96.88533
97.57915
96.89288
97.61332
96.92992
97.64941
96.94738
97.65845
96.95367
97.6944
96.96
97.72996
96.98006
97.76422
96.99011
97.78685
97.00774
97.79346
97.01392
97.82264
97.0202
97.84509
97.05022
97.87559
97.06021
97.90952
97.14364
97.91836
97.14968
97.94912
97.18523
97.97306
97.3418
98.00413
97.35123
98.01243
97.37372
98.03323
97.41372
98.04004
97.42061
98.07621
97.45905
98.08539
97.46587
98.1236
97.48266
98.13186
97.48824
98.15613
97.49377
98.16151
97.51302
98.19355
97.51851
98.19894
97.52401
98.20438
97.5607
98.23792
97.56731
98.24445
97.58895
98.27535
97.59435
98.30089
97.59973
98.30744
97.61636
98.33352
97.69367
98.35011
97.69909
98.35549
97.72576
98.36085
97.73117
98.38165
97.73657
98.38704
97.76028
98.40565
97.76563
98.41104
97.77098
98.41643
97.82934
98.42549
97.83472
98.44119
97.84009
98.44651
97.859
98.45183
97.86436
98.47086
97.86975
98.47614
97.88049
98.48141
97.8896
98.50475
97.89498
98.50999
97.90908
98.51522
97.96554
98.52918
97.97092
98.53443
97.98576
98.53966
97.9911
98.55162
97.99642
98.55685
98.0193
98.56208
98.02464
98.57912
98.02998
98.58433
98.04612
98.58953
98.05148
98.60574
98.0568
98.61095
98.06213
98.61617
98.07372
98.62138
98.07909
98.6328
98.08443
98.63804
98.10101
98.64323
98.10635
98.64845
98.1117
98.65487
98.12329
98.66128
98.12983
98.6665
98.14632
98.67168
98.15162
98.6769
98.1569
98.6821
98.17677
98.68853
98.18204
98.69374
98.1873
98.69895
98.20712
98.70415
98.21242
98.70937
98.2177
98.71456
98.23267
98.72476
98.23798
98.73
98.24332
98.73522
98.25233
98.74419
98.26048
98.74942
98.26579
98.75465
98.2711
98.75989
98.33451
98.76511
98.34504
98.77156
98.35647
98.7768
98.38387
98.78204
98.3891
98.7885
98.39433
98.79748
98.39957
98.81145
98.4048
98.81668
98.41003
98.82191
98.41528
98.82713
98.42052
98.83234
98.42577
98.84462
98.43102
98.84987
98.43747
98.8551
98.4427
98.86404
98.44794
98.87047
98.45318
98.87859
98.4584
98.89507
98.46484
98.9003
98.47129
98.90552
98.47771
98.92198
98.48292
98.9272
98.48812
98.93243
98.49919
98.95779
98.50443
98.96302
98.51291
98.96824
98.53188
98.98838
98.5371
98.99356
98.54231
98.99874
98.55946
99.01514
98.56467
99.02032
98.58691
99.0255
98.59209
99.03439
98.59728
99.04327
98.61491
99.04858
98.62009
99.05381
98.63148
99.07166
98.63665
99.07689
98.64182
99.08211
98.647
99.09039
98.65337
99.10192
98.65972
99.10714
98.66487
99.11234
98.67002
99.11753
98.67702
99.12393
98.68338
99.13036
98.68974
99.13559
98.69855
99.1408
98.70737
99.14722
98.71249
99.15485
98.71763
99.16006
98.72395
99.16528
98.7328
99.17171
98.73912
99.17693
98.74797
99.18457
98.75311
99.1898
98.75825
99.19501
98.76338
99.20898
98.76853
99.22057
98.77367
99.23255
98.78006
99.23904
98.78522
99.24432
98.79039
99.2496
98.79555
99.2586
98.80071
99.26955
98.80586
99.27486
98.81226
99.28017
98.81863
99.32776
98.82381
99.33683
98.82899
99.34586
98.83542
99.35239
98.84316
99.36646
98.84984
99.3718
98.85747
99.37715
98.87229
99.38614
98.8812
99.3914
98.88641
99.39671
98.89282
99.40202
98.89922
99.4073
98.90561
99.4126
98.912
99.4179
98.91998
99.42318
98.92515
99.43131
98.93032
99.44537
98.93922
99.45068
98.9444
99.45599
98.9496
99.46504
98.96104
99.47161
98.96623
99.47694
98.97144
99.48229
98.98467
99.48763
98.98988
99.49419
98.99511
99.50326
99.00349
99.50983
99.00874
99.51521
99.01398
99.52056
99.02044
99.52966
99.0257
99.54256
99.03096
99.55898
99.03621
99.56808
99.0427
99.58874
99.05168
99.604
99.05983
99.61058
99.06629
99.62384
99.07277
99.63274
99.07802
99.63931
99.08327
99.64468
99.08971
99.65002
99.09619
99.66286
99.10146
99.66948
99.1067
99.67605
99.11315
99.68262
99.12212
99.68921
99.12736
99.6958
99.13262
99.70489
99.13907
99.71645
99.14737
99.72177
99.15382
99.72713
99.16514
99.73619
99.17158
99.74273
99.17899
99.74925
99.19044
99.7558
99.19566
99.76111
99.20086
99.7664
99.21644
99.77176
99.23131
99.79518
99.23778
99.80048
99.24423
99.80577
99.26315
99.81879
99.26838
99.82405
99.27359
99.82934
99.29037
99.84323
99.29556
99.8497
99.30076
99.86879
99.31519
99.87405
99.32157
99.8793
99.33091
99.89506
99.33609
99.90147
99.34124
99.90961
99.3586
99.93132
99.36375
99.93652
99.36887
99.95228
99.38271
99.95871
99.38786
99.97122
99.39299
99.97768
99.40555
99.98661
99.41068
99.99557
99.41581
100.0059
99.42471
100.0111
99.42986
100.0164
99.435
100.0228
99.44386
100.0343
99.4502
100.0432
99.45655
100.0497
99.46169
100.0642
99.46684
100.0694
99.47198
100.0746
99.48204
100.0842
99.48839
100.0894
99.49354
100.1001
99.49869
100.1054
99.50711
100.1106
99.51228
100.1159
99.51744
100.1273
99.52557
100.1337
99.53073
100.1389
99.5359
100.1442
99.5423
100.1495
99.54868
100.1559
99.55505
100.1649
99.56021
100.1701
99.56538
100.1774
99.57174
100.1889
99.5769
100.1942
99.58579
100.1995
99.59244
100.2101
99.60137
100.2167
99.60655
100.2273
99.61175
100.2387
99.61693
100.2452
99.62211
100.2518
99.63315
100.2583
99.63956
100.2873
99.64597
100.2927
99.65237
100.298
99.65877
100.3033
99.66397
100.3098
99.66917
100.3164
99.67436
100.3254
99.67953
100.3344
99.68471
100.3396
99.69351
100.3448
99.69987
100.35
99.70626
100.3553
99.71263
100.3631
99.72654
100.3683
99.7317
100.3747
99.73688
100.38
99.74206
100.3852
99.74724
100.3967
99.75242
100.4019
99.7576
100.4072
99.76279
100.4125
99.77168
100.4177
99.77808
100.4267
99.78328
100.4393
99.78848
100.4459
99.7937
100.4512
99.80013
100.4565
99.80535
100.4656
99.81059
100.4709
99.81902
100.4763
99.82795
100.4854
99.83634
100.4919
99.84159
100.4985
99.84686
100.5075
99.85587
100.5157
99.86115
100.5223
99.86644
100.529
99.87295
100.5527
99.8783
100.5635
99.88361
100.5928
99.89258
100.6437
99.90155
100.6491
99.90807
100.6546
99.91454
100.66
99.91975
100.6654
99.92496
100.6707
99.93133
100.6788
99.93771
100.6853
99.94403
100.6917
99.95284
100.7005
99.95794
100.7069
99.96304
100.7157
99.96813
100.7208
99.97694
100.7259
99.98202
100.731
99.9871
100.7415
100.0008
100.7467
100.0059
100.7517
100.011
100.7568
100.0161
100.7682
100.0212
100.7733
100.0263
100.7784
100.0313
100.7968
100.0364
100.8018
100.0427
100.8069
100.0478
100.8158
100.0529
100.8208
100.058
100.826
100.063
100.831
100.0681
100.8448
100.0732
100.8499
100.0783
100.855
100.0834
100.8638
100.0885
100.8689
100.0936
100.874
100.0999
100.8829
100.105
100.8917
100.1101
100.898
100.1152
100.9043
100.1203
100.9106
100.1266
100.917
100.133
100.9233
100.1381
100.9309
100.1432
100.936
100.1484
100.9412
100.1547
100.9463
100.1611
100.9527
100.17
100.959
100.178
100.9654
100.1944
100.9717
100.1995
100.9769
100.2047
100.982
100.2099
100.9872
100.2263
100.9924
100.2327
101.0013
100.2442
101.0064
100.2494
101.0144
100.2546
101.0208
100.2628
101.0322
100.2717
101.0386
100.2769
101.0451
100.2822
101.0515
100.2887
101.0579
100.2951
101.0632
100.3003
101.0684
100.3056
101.0736
100.3109
101.0875
100.3161
101.0928
100.3225
101.098
100.3277
101.1045
100.333
101.111
100.3394
101.1174
100.3446
101.1239
100.3499
101.1291
100.3551
101.1344
100.3603
101.1396
100.3655
101.1511
100.372
101.1563
100.3772
101.1616
100.3825
101.168
100.3877
101.1733
100.393
101.1785
100.3994
101.1873
100.4059
101.1925
100.4111
101.1978
100.4164
101.2067
100.4216
101.212
100.4268
101.2172
100.4332
101.2224
100.4396
101.2277
100.4448
101.2341
100.45
101.2406
100.4614
101.2495
100.4666
101.2585
100.4717
101.2674
100.4769
101.2727
100.4883
101.2779
100.4935
101.2831
100.4987
101.2896
100.5101
101.2961
100.5153
101.3026
100.5205
101.3115
100.5344
101.318
100.5396
101.3233
100.5448
101.3285
100.5579
101.335
100.5669
101.344
100.5733
101.3512
100.5923
101.3576
100.5975
101.3641
100.6028
101.3731
100.6155
101.3815
100.6207
101.3895
100.6272
101.396
100.6325
101.4013
100.6377
101.4065
100.648
101.4118
100.6533
101.4171
100.6585
101.426
100.665
101.4325
100.674
101.4556
100.6792
101.4636
100.6845
101.476
100.6972
101.4813
100.7024
101.4866
100.7076
101.4931
100.7217
101.4995
100.7269
101.5085
100.7321
101.5137
100.741
101.519
100.755
101.5305
100.7602
101.5369
100.7654
101.5459
100.7743
101.5648
100.7857
101.5713
100.7909
101.5796
100.8049
101.586
100.8138
101.6
100.8202
101.6083
100.8267
101.6135
100.8331
101.6188
100.8395
101.6277
100.8459
101.6342
100.8511
101.6407
100.8563
101.6471
100.866
101.6586
100.8749
101.6639
100.8801
101.6691
100.8853
101.6743
100.8905
101.6833
100.9035
101.6898
100.9099
101.6951
100.9189
101.7003
100.9293
101.7092
100.9382
101.7157
100.9471
101.7222
100.9535
101.747
100.96
101.7535
100.9664
101.7625
100.9728
101.7714
100.978
101.7805
100.9832
101.7895
100.9896
101.7984
100.9949
101.8074
101.0001
101.8127
101.0053
101.8179
101.0117
101.8232
101.0169
101.8285
101.0221
101.8414
101.0285
101.8564
101.035
101.8629
101.0402
101.8744
101.0454
101.8797
101.0507
101.8849
101.0559
101.8902
101.0698
101.8967
101.075
101.9077
101.0802
101.9142
101.0854
101.9195
101.0919
101.9259
101.0971
101.9388
101.1023
101.9478
101.1075
101.9531
101.1164
101.9584
101.1245
101.9649
101.1298
101.9714
101.135
101.9767
101.1402
101.982
101.1491
101.9923
101.158
101.9988
101.1632
102.0041
101.1684
102.0094
101.1824
102.0159
101.1876
102.0212
101.1928
102.0265
101.2017
102.033
101.2069
102.0395
101.2183
102.0449
101.2247
102.0502
101.2299
102.0567
101.2388
102.0632
101.2477
102.073
101.2564
102.0795
101.2653
102.0861
101.2705
102.0914
101.2757
102.0968
101.2809
102.1033
101.2861
102.1087
101.2949
102.1141
101.3013
102.1232
101.3077
102.1286
101.3141
102.134
101.3194
102.1406
101.3246
102.1472
101.3298
102.1526
101.335
102.158
101.343
102.1635
101.3482
102.1689
101.3535
102.1743
101.3599
102.1835
101.3664
102.1901
101.3716
102.1968
101.3768
102.2035
101.3821
102.2102
101.3873
102.2169
101.3925
102.2223
101.3978
102.2278
101.4068
102.2346
101.4157
102.2434
101.421
102.2489
101.4262
102.2557
101.4326
102.2641
101.4378
102.2696
101.4431
102.2752
101.4483
102.282
101.4573
102.2876
101.4625
102.2932
101.4689
102.3048
101.4742
102.3116
101.4794
102.3186
101.4884
102.3243
101.4973
102.33
101.5038
102.3357
101.5103
102.341
101.5155
102.347
101.5208
102.3528
101.5297
102.3599
101.5362
102.3695
101.5427
102.3754
101.5492
102.385
101.5545
102.3922
101.5597
102.4019
101.5662
102.4116
101.5715
102.4188
101.5768
102.4261
101.5832
102.4322
101.5922
102.4383
101.5975
102.4443
101.6027
102.4542
101.6142
102.4602
101.6195
102.4664
101.6248
102.4723
101.6301
102.4784
101.6353
102.4847
101.6419
102.491
101.6471
102.4971
101.6812
102.5033
101.7258
102.5095
101.7812
102.5157
101.8344
102.5231
101.8648
102.5293
101.9103
102.5356
101.9484
102.5417
102.0046
102.5518
102.0528
102.5593
102.1135
102.5656
102.1862
102.5719
102.2058
102.5784
102.2124
102.5848
102.2495
102.5913
102.2549
102.6007
102.2603
102.6072
102.2694
102.6136
102.2749
102.6202
102.2803
102.6329
102.2911
102.6396
102.2977
102.6463
102.3098
102.653
102.3207
102.6597
102.3317
102.6665
102.3372
102.6732
102.3427
102.68
102.3661
102.6867
102.3717
102.6935
102.3785
102.7002
102.3841
102.7063
102.3897
102.7124
102.3953
102.7223
102.4046
102.7285
102.4102
102.7347
102.4158
102.7411
102.4252
102.7472
102.4308
102.76
102.4365
102.769
102.4421
102.7753
102.4478
102.7817
102.4547
102.7894
102.4604
102.797
102.4661
102.8033
102.478
102.8096
102.4838
102.8161
102.4896
102.8237
102.4954
102.8302
102.5012
102.8366
102.5071
102.8483
102.513
102.8548
102.5189
102.8614
102.5286
102.8679
102.5345
102.8744
102.5405
102.881
102.5466
102.8875
102.5525
102.8952
102.5585
102.902
102.5646
102.9084
102.5719
102.915
102.5781
102.9218
102.5843
102.9311
102.5905
102.9378
102.5967
102.9444
102.6029
102.9522
102.6091
102.9587
102.6153
102.9654
102.6216
102.9721
102.6279
102.9788
102.6342
102.9855
102.6406
102.9922
102.6482
102.9989
102.6547
103.0069
102.6612
103.0137
102.6676
103.0203
102.6742
103.0271
102.6809
103.0338
102.6875
103.0404
102.6935
103.0472
102.7003
103.0539
102.7068
103.0606
102.7135
103.0673
102.7203
103.0741
102.7269
103.0808
102.7336
103.0887
102.7403
103.0955
102.7482
103.1023
102.755
103.1091
102.7617
103.1158
102.7684
103.1226
102.7764
103.1294
102.7831
103.1361
102.7898
103.1441
102.7965
103.1521
102.8033
103.1589
102.8112
103.1656
102.8192
103.1724
102.826
103.1792
102.8327
103.1859
102.8394
103.1939
102.8463
103.2007
102.8531
103.2075
102.8598
103.2142
102.8666
103.221
102.8733
103.2278
102.8801
103.2345
102.8868
103.2413
102.8973
103.248
102.9041
103.2548
102.9108
103.2616
102.9188
103.2683
102.9255
103.2751
102.9323
103.2819
102.939
103.2886
102.9458
103.2954
102.9525
103.3022
102.9593
103.3089
102.966
103.3157
102.9728
103.3236
102.9795
103.3304
102.9863
103.3372
102.9942
103.3439
103.0009
103.3507
103.0077
103.3575
103.0144
103.3654
103.0211
103.3722
103.0279
103.3789
103.0346
103.3857
103.0414
103.3924
103.0481
103.3992
103.0549
103.406
103.0616
103.4127
103.0684
103.4194
103.0751
103.4262
103.0818
103.433
103.0898
103.4397
103.0965
103.4477
103.1033
103.4544
103.1137
103.4612
103.1205
103.4679
103.1272
103.4746
103.1352
103.4814
103.1432
103.4882
103.1499
103.4949
103.1566
103.5016
103.1646
103.5084
103.1713
103.5152
103.178
103.5219
103.186
103.5287
103.1927
103.5366
103.1994
103.5434
103.2062
103.5501
103.2129
103.5569
103.2197
103.5636
103.2264
103.5704
103.2331
103.5771
103.2399
103.5838
103.2466
103.5906
103.2533
103.6001
103.2601
103.6069
103.2668
103.6136
103.2736
103.6204
103.2803
103.6271
103.287
103.6339
103.2938
103.6406
103.3005
103.6473
103.3073
103.6541
103.314
103.6608
103.3207
103.6676
103.3275
103.6743
103.3351
103.6811
103.3419
103.6878
103.3486
103.6946
103.3565
103.7013
103.3633
103.7081
103.37
103.7148
103.3767
103.7215
103.3835
103.7283
103.3902
103.735
103.3969
103.7418
103.4037
103.7485
103.4104
103.7553
103.4171
103.762
103.4239
103.7688
103.4306
103.7755
103.4373
103.7822
103.4441
103.789
103.452
103.7969
103.4587
103.8037
103.4655
103.8104
103.4722
103.8172
103.479
103.8239
103.4869
103.8307
103.4936
103.8374
103.5004
103.8441
103.5071
103.8509
103.5138
103.8576
103.5206
103.8644
103.5273
103.8711
103.534
103.8779
103.5408
103.8846
103.5475
103.8913
103.5542
103.8981
103.561
103.9048
103.5677
103.9116
103.5744
103.9183
103.5811
103.925
103.5879
103.9318
103.5946
103.9385
103.6013
103.9453
103.608
103.952
103.6148
103.9587
103.6215
103.9655
103.6283
103.9722
103.635
103.979
103.6417
103.9857
103.6485
103.9925
103.6552
103.9992
103.6619
104.006
103.6686
104.0127
103.6754
104.0194
103.6849
104.0262
103.6917
104.0329
103.6984
104.0397
103.7051
104.0464
103.7119
104.0531
103.7186
104.0599
103.7253
104.0666
103.7321
104.0734
103.7388
104.0801
103.7456
104.0869
103.7523
104.0936
103.759
104.1003
103.7658
104.1071
103.7725
104.1138
103.7792
104.1206
103.786
104.1273
103.7927
104.134
103.7994
104.1408
103.8062
104.1475
103.8129
104.1542
103.8196
104.1622
103.8264
104.1689
103.8331
104.1756
103.8398
104.1824
103.8466
104.1891
103.8533
104.1959
103.86
104.2026
103.8668
104.2093
103.8735
104.2161
103.8802
104.2228
103.887
104.2296
103.8937
104.2363
103.9005
104.243
103.9072
104.2497
103.9139
104.2565
103.9206
104.2632
103.9274
104.27
103.9341
104.2767
103.9408
104.2834
103.9476
104.2902
103.9543
104.2969
103.961
104.3036
103.9678
104.3104
103.9745
104.3171
103.9812
104.3239
103.9879
104.3306
103.9947
104.3373
104.0014
104.3441
104.0081
104.3508
104.0149
104.3575
104.0216
104.3643
104.0283
104.371
104.035
104.3778
104.0418
104.3845
104.0485
104.3912
104.0552
104.398
104.062
104.4047
104.0687
104.4115
104.0754
104.4182
104.0822
104.4249
104.0889
104.4317
104.0956
104.4384
104.1023
104.4451
104.1091
104.4519
104.1158
104.4586
104.1225
104.4653
104.1293
104.4721
104.136
104.4788
104.1427
104.4856
104.1495
104.4923
104.1562
104.499
104.1629
104.5058
104.1696
104.5125
104.1764
104.5192
104.1831
104.526
104.1898
104.5327
104.1965
104.5395
104.2033
104.5462
104.21
104.5529
104.2235
104.5597
104.2302
104.5664
104.2369
104.5731
104.2437
104.5799
104.2504
104.5866
104.2571
104.5934
104.2639
104.6001
104.2706
104.6068
104.2773
104.6136
104.284
104.6203
104.2908
104.627
104.2975
104.6338
104.3042
104.6405
104.311
104.6472
104.3177
104.6552
104.3244
104.6619
104.3312
104.6686
104.3379
104.6754
104.3446
104.6821
104.3514
104.6888
104.3581
104.6956
104.3648
104.7023
104.3715
104.709
104.3783
104.7158
104.385
104.7225
104.3917
104.7292
104.3985
104.736
104.4052
104.7427
104.4119
104.7494
104.4186
104.7562
104.4254
104.7629
104.4321
104.7697
104.4388
104.7764
104.4455
104.7831
104.4523
104.7898
104.459
104.7966
104.4657
104.8033
104.4725
104.8101
104.4792
104.8168
104.4859
104.8235
104.4927
104.8303
104.4994
104.837
104.5061
104.8437
104.5128
104.8505
104.5196
104.8572
104.5263
104.864
104.533
104.8707
104.5398
104.8774
104.5465
104.8841
104.5532
104.8909
104.56
104.8976
104.5667
104.9044
104.5734
104.9111
104.5801
104.9178
104.5869
104.9246
104.5936
104.9313
104.6003
104.938
104.6071
104.9448
104.6138
104.9515
104.6205
104.9583
104.6273
104.965
104.634
104.9717
104.6407
104.9785
104.6475
104.9852
104.6542
104.9919
104.6609
104.9987
104.6676
105.0054
104.6744
105.0121
104.6811
105.0189
104.6878
105.0256
104.6946
105.0323
104.7013
105.0391
104.708
105.0458
104.7148
105.0525
104.7215
105.0593
104.7282
105.066
104.7349
105.0727
104.7417
105.0795
104.7484
105.0862
104.7551
105.0929
104.7618
105.0997
104.7686
105.1064
104.7753
105.1132
104.782
105.1199
104.7887
105.1266
104.7955
105.1334
104.8022
105.1401
104.8089
105.1469
104.8157
105.1536
104.8224
105.1603
104.8291
105.1671
104.8359
105.1738
104.8426
105.1805
104.8493
105.1873
104.856
105.194
104.8628
105.2008
104.8695
105.2075
104.8762
105.2142
104.8829
105.221
104.8897
105.2277
104.8964
105.2344
104.9031
105.2412
104.9099
105.2479
104.9166
105.2546
104.9233
105.2614
104.93
105.2681
104.9368
105.2749
104.9435
105.2816
104.9502
105.2883
104.9569
105.2951
104.9637
105.3018
104.9704
105.3085
104.9771
105.3153
104.9839
105.322
104.9906
105.3288
104.9973
105.3355
105.0041
105.3422
105.0108
105.349
105.0175
105.3557
105.0243
105.3624
105.031
105.3692
105.0377
105.3759
105.0445
105.3827
105.0512
105.3894
105.0579
105.3961
105.0646
105.4029
105.0714
105.4096
105.0781
105.4164
105.0848
105.4231
105.0916
105.4298
105.0983
105.4366
105.105
105.4433
105.1117
105.45
105.1185
105.4568
105.1252
105.4635
105.1319
105.4703
105.1386
105.477
105.1454
105.4837
105.1521
105.4905
105.1588
105.4972
105.1656
105.5039
105.1723
105.5107
105.179
105.5174
105.1858
105.5241
105.1925
105.5309
105.1992
105.5376
105.2059
105.5444
105.2127
105.5511
105.2194
105.5578
105.2261
105.5646
105.2463
105.5713
105.3002
105.578
105.3406
105.5848
105.3473
105.5915
105.3944
105.5982
105.4079
105.605
105.4146
105.6117
105.4213
105.6184
105.428
105.6252
105.4348
105.6319
105.4415
105.6386
105.4482
105.6454
105.4549
105.6521
105.4617
105.6589
105.4684
105.6656
105.4751
105.6723
105.4819
105.679
105.4886
105.6858
105.5088
105.6925
105.5155
105.6992
105.5357
105.706
105.5424
105.7127
105.5491
105.7195
105.5559
105.7262
105.5626
105.7329
105.5693
105.7396
105.576
105.7464
105.5828
105.7531
105.5895
105.7599
105.5962
105.7666
105.603
105.7733
105.6097
105.7801
105.6164
105.7868
105.6231
105.7935
105.6299
105.8003
105.6366
105.807
105.6433
105.8137
105.65
105.8205
105.6568
105.8272
105.677
105.8339
105.6837
105.8407
105.6904
105.8474
105.6972
105.8541
105.7039
105.8609
105.7106
105.8676
105.7173
105.8744
105.7241
105.8811
105.7308
105.8878
105.7375
105.8946
105.751
105.9013
105.7577
105.908
105.7644
105.9148
105.7712
105.9215
105.7779
105.9283
105.7846
105.935
105.7913
105.9417
105.7981
105.9484
105.8048
105.9552
105.8115
105.9619
105.8182
105.9687
105.825
105.9754
105.8384
105.9821
105.8452
105.9889
105.8519
105.9956
105.8586
106.0023
105.8653
106.0091
105.8721
106.0158
105.8788
106.0225
105.8855
106.0293
105.899
106.036
105.9057
106.0427
105.9124
106.0495
105.9191
106.0562
105.9258
106.063
105.9326
106.0697
105.9393
106.0764
105.946
106.0832
105.9528
106.0899
105.9595
106.0966
105.9662
106.1034
105.9729
106.1101
105.9797
106.1169
105.9864
106.1236
105.9931
106.1303
105.9998
106.1371
106.0066
106.1438
106.0133
106.1505
106.02
106.1573
106.0267
106.164
106.0335
106.1707
106.0402
106.1775
106.0469
106.1842
106.0536
106.1909
106.0604
106.1977
106.0671
106.2044
106.0738
106.2112
106.0805
106.2179
106.0873
106.2246
106.094
106.2314
106.1007
106.2381
106.1074
106.2448
106.1142
106.2516
106.1209
106.2583
106.1276
106.265
106.1343
106.2718
106.1411
106.2785
106.1478
106.2852
106.1545
106.2932
106.1613
106.2999
106.168
106.3066
106.1747
106.3134
106.2016
106.3201
106.2084
106.3268
106.2151
106.3336
106.2218
106.3403
106.2285
106.3471
106.2353
106.3538
106.242
106.3605
106.2487
106.3673
106.2554
106.374
106.2622
106.3807
106.2689
106.3875
106.2756
106.3942
106.289
106.4009
106.2958
106.4077
106.3025
106.4144
106.3092
106.4211
106.3159
106.4279
106.3227
106.4346
106.3294
106.4414
106.3361
106.4481
106.3429
106.4548
106.3496
106.4615
106.3563
106.4683
106.363
106.475
106.3698
106.4818
106.3765
106.4885
106.3832
106.4952
106.3899
106.502
106.3967
106.5087
106.4101
106.5154
106.4168
106.5222
106.4236
106.5289
106.4303
106.5357
106.437
106.5424
106.4437
106.5491
106.4505
106.5559
106.4572
106.5626
106.4639
106.5693
106.4707
106.5761
106.4774
106.5828
106.4841
106.5895
106.4908
106.5963
106.4976
106.603
106.5043
106.6097
106.511
106.6165
106.5178
106.6232
106.5245
106.63
106.5312
106.6367
106.5379
106.6434
106.5447
106.6502
106.5514
106.6569
106.5581
106.6636
106.5648
106.6704
106.5716
106.6771
106.5783
106.6838
106.585
106.6906
106.5917
106.6973
106.5985
106.704
106.6052
106.7108
106.6119
106.7175
106.6186
106.7242
106.6254
106.7322
106.6321
106.7389
106.6388
106.7456
106.6455
106.7524
106.6523
106.7591
106.659
106.7658
106.6657
106.7726
106.6724
106.7793
106.6792
106.786
106.6926
106.7928
106.6993
106.7995
106.7061
106.8062
106.7128
106.813
106.7195
106.8197
106.7262
106.8264
106.733
106.8332
106.7397
106.8399
106.7464
106.8466
106.7532
106.8534
106.7599
106.8601
106.7666
106.8668
106.7733
106.8736
106.7801
106.8803
106.7868
106.887
106.7935
106.8938
106.8002
106.9005
106.807
106.9072
106.8137
106.9139
106.8204
106.9207
106.8271
106.9274
106.8339
106.9342
106.8406
106.9409
106.8473
106.9476
106.854
106.9544
106.8608
106.9611
106.8675
106.9678
106.8742
106.9746
106.881
106.9813
106.8877
106.988
106.9011
106.9948
106.9079
107.0015
106.9146
107.0082
106.9213
107.015
106.928
107.0217
106.9348
107.0285
106.9415
107.0352
106.9482
107.0419
106.955
107.0487
106.9617
107.0554
106.9684
107.0621
106.9752
107.0689
106.9819
107.0756
106.9886
107.0824
106.9953
107.0891
107.0021
107.0958
107.0088
107.1025
107.0155
107.1093
107.0222
107.116
107.029
107.1228
107.0357
107.1295
107.0424
107.1362
107.0491
107.143
107.0559
107.1497
107.0626
107.1564
107.0693
107.1632
107.0761
107.1699
107.0828
107.1766
107.0895
107.1834
107.0962
107.1901
107.103
107.198
107.1097
107.2048
107.1164
107.2115
107.1231
107.2182
107.1299
107.225
107.1366
107.2317
107.1433
107.2384
107.15
107.2452
107.1568
107.2519
107.1635
107.2587
107.1702
107.2654
107.1769
107.2721
107.1837
107.2789
107.1904
107.2856
107.1971
107.2923
107.2039
107.299
107.2106
107.3058
107.2173
107.3125
107.2241
107.3192
107.2308
107.326
107.2375
107.3327
107.2442
107.3394
107.251
107.3462
107.2577
107.3529
107.2644
107.3596
107.2711
107.3664
107.2779
107.3731
107.2846
107.3798
107.2913
107.3866
107.2981
107.3933
107.3048
107.4
107.3115
107.4068
107.3182
107.4135
107.325
107.4202
107.3317
107.4269
107.3384
107.4337
107.3452
107.4404
107.3519
107.4472
107.3855
107.4539
107.3923
107.4606
107.399
107.4674
107.4057
107.4741
107.4125
107.4808
107.4192
107.4876
107.4259
107.4943
107.4326
107.501
107.4394
107.5078
107.4461
107.5145
107.4528
107.5212
107.4595
107.528
107.4663
107.5347
107.473
107.5415
107.4797
107.5482
107.4865
107.5549
107.4932
107.5617
107.4999
107.5684
107.5066
107.5751
107.5134
107.5819
107.5201
107.5886
107.5268
107.5953
107.5335
107.6021
107.5403
107.6088
107.547
107.6155
107.5537
107.6223
107.5605
107.629
107.5672
107.6357
107.5751
107.6425
107.5818
107.6492
107.5886
107.656
107.5953
107.6627
107.602
107.6694
107.6087
107.6761
107.6155
107.6829
107.6222
107.6896
107.6289
107.6963
107.6357
107.7031
107.6424
107.7098
107.6491
107.7165
107.6558
107.7233
107.6626
107.73
107.6693
107.7367
107.676
107.7435
107.6827
107.7502
107.6895
107.7569
107.6962
107.7637
107.7029
107.7704
107.7096
107.7771
107.7164
107.7839
107.7231
107.7906
107.7298
107.7973
107.7365
107.8041
107.7433
107.8108
107.75
107.8175
107.7567
107.8243
107.7635
107.831
107.7702
107.8377
107.7769
107.8445
107.7836
107.8512
107.7904
107.8579
107.7971
107.8647
107.8038
107.8714
107.8105
107.8793
107.8173
107.8861
107.824
107.8928
107.8307
107.8995
107.8375
107.9062
107.8442
107.913
107.8509
107.9197
107.8576
107.9264
107.8644
107.9333
107.8711
107.94
107.8778
107.9467
107.8845
107.9535
107.8913
107.9602
107.898
107.9669
107.9047
107.9737
107.9115
107.9804
107.9182
107.9871
107.9249
107.9939
107.9316
108.0006
107.9384
108.0073
107.9451
108.0141
107.9518
108.0208
107.9585
108.0275
107.9653
108.0343
107.972
108.041
107.9787
108.0477
107.9855
108.0545
107.9922
108.0612
107.9989
108.0679
108.0056
108.0747
108.0124
108.0814
108.0191
108.0881
108.0258
108.0949
108.0325
108.1016
108.0393
108.1084
108.046
108.1151
108.0527
108.1218
108.0594
108.1286
108.0662
108.1353
108.0729
108.142
108.0796
108.1488
108.0864
108.1555
108.0931
108.1622
108.0998
108.169
108.1066
108.1757
108.1133
108.1824
108.12
108.1892
108.1267
108.1959
108.1335
108.2027
108.1402
108.2094
108.1469
108.2161
108.1671
108.2229
108.1738
108.2296
108.1806
108.2363
108.1873
108.2431
108.194
108.2498
108.2007
108.2565
108.2075
108.2633
108.2142
108.27
108.2209
108.2767
108.2277
108.2835
108.2344
108.2902
108.2411
108.297
108.2478
108.3037
108.2546
108.3104
108.2613
108.3171
108.268
108.3239
108.2747
108.3306
108.2815
108.3374
108.2882
108.3441
108.2949
108.3508
108.3017
108.3576
108.3084
108.3643
108.3151
108.371
108.3219
108.3778
108.3286
108.3845
108.3353
108.3912
108.342
108.398
108.3488
108.4047
108.3555
108.4115
108.3622
108.4182
108.369
108.4249
108.3757
108.4316
108.3824
108.4384
108.3891
108.4451
108.3959
108.4519
108.4026
108.4586
108.4093
108.4653
108.416
108.4721
108.4228
108.4788
108.4295
108.4855
108.4362
108.4923
108.4429
108.499
108.4497
108.5057
108.4564
108.5125
108.4631
108.5192
108.4698
108.5259
108.4765
108.5327
108.4833
108.5394
108.49
108.5461
108.4967
108.5529
108.5034
108.5596
108.5102
108.5663
108.5169
108.5731
108.5236
108.5798
108.5303
108.5865
108.5371
108.5932
108.5438
108.6
108.5505
108.6067
108.5573
108.6135
108.564
108.6214
108.5707
108.6281
108.5775
108.6348
108.5842
108.6416
108.5909
108.6483
108.5976
108.6551
108.6044
108.6618
108.6111
108.6685
108.6178
108.6753
108.6245
108.682
108.6313
108.6887
108.638
108.6955
108.6447
108.7022
108.6515
108.7089
108.6582
108.7157
108.6649
108.7224
108.6716
108.7291
108.6784
108.7359
108.6851
108.7426
108.6918
108.7494
108.6985
108.7561
108.7053
108.7628
108.712
108.7696
108.7187
108.7763
108.7254
108.783
108.7322
108.7898
108.7389
108.7965
108.7456
108.8032
108.7524
108.81
108.7591
108.8167
108.7658
108.8234
108.7725
108.8302
108.7793
108.8369
108.786
108.8437
108.7927
108.8504
108.7995
108.8571
108.8062
108.8639
108.8129
108.8706
108.8196
108.8774
108.8264
108.8841
108.8331
108.8908
108.8398
108.8976
108.8465
108.9043
108.8533
108.9111
108.86
108.9178
108.8667
108.9245
108.8735
108.9313
108.8802
108.938
108.8869
108.9448
108.8936
108.9515
108.9004
108.9582
108.9071
108.965
108.9138
108.9729
108.9205
108.9796
108.9273
108.9864
108.934
108.9931
108.9407
108.9998
108.9475
109.0066
108.9542
109.0133
108.9609
109.0201
108.9676
109.0268
108.9744
109.0335
108.9811
109.0403
108.9878
109.047
108.9946
109.0537
109.0013
109.0605
109.008
109.0672
109.0147
109.0739
109.0215
109.0807
109.0282
109.0874
109.0349
109.0941
109.0416
109.1009
109.0484
109.1076
109.0551
109.1143
109.0618
109.1211
109.0686
109.1278
109.0753
109.1346
109.082
109.1413
109.0888
109.148
109.0955
109.1548
109.1022
109.1615
109.1089
109.1683
109.1157
109.175
109.1224
109.1817
109.1291
109.1885
109.1358
109.1952
109.1426
109.2019
109.1493
109.2087
109.156
109.2154
109.1628
109.2222
109.1695
109.2289
109.1762
109.2356
109.1829
109.2424
109.1897
109.2491
109.1964
109.2558
109.2031
109.2626
109.2098
109.2693
109.2233
109.2761
109.23
109.2828
109.2367
109.2895
109.2435
109.2963
109.2502
109.303
109.2569
109.3097
109.2636
109.3165
109.2704
109.3232
109.2771
109.3299
109.2838
109.3367
109.2906
109.3434
109.2973
109.3501
109.304
109.3569
109.3107
109.3636
109.3175
109.3703
109.3242
109.3771
109.3309
109.3838
109.3376
109.3905
109.3444
109.3973
109.3511
109.404
109.3578
109.4107
109.3645
109.4175
109.3713
109.4242
109.378
109.4309
109.3847
109.4377
109.3914
109.4444
109.3982
109.4511
109.4049
109.4579
109.4116
109.4646
109.4184
109.4713
109.4251
109.4781
109.4318
109.4848
109.4385
109.4915
109.4453
109.4983
109.452
109.505
109.4587
109.5117
109.4654
109.5185
109.4722
109.5252
109.4789
109.5319
109.4856
109.5387
109.4924
109.5454
109.5058
109.5521
109.5125
109.5589
109.5193
109.5656
109.526
109.5723
109.5327
109.5791
109.5395
109.5858
109.5462
109.5925
109.5529
109.5993
109.5663
109.606
109.5731
109.6127
109.5798
109.6195
109.5865
109.6262
109.5933
109.6329
109.6
109.6397
109.6067
109.6464
109.6134
109.6531
109.6202
109.6599
109.6269
109.6666
109.6336
109.6733
109.6404
109.6801
109.6471
109.6868
109.6538
109.6936
109.6605
109.7003
109.6673
109.707
109.674
109.7138
109.6807
109.7205
109.6874
109.7272
109.7009
109.734
109.7076
109.7407
109.7143
109.7474
109.7211
109.7542
109.7278
109.7609
109.7345
109.7676
109.7413
109.7744
109.748
109.7811
109.7547
109.7878
109.7615
109.7945
109.7682
109.8013
109.7749
109.808
109.7816
109.8148
109.7884
109.8215
109.7951
109.8282
109.8018
109.835
109.8085
109.8417
109.8153
109.8484
109.822
109.8551
109.8287
109.8619
109.8354
109.8686
109.8422
109.8754
109.8489
109.8821
109.8556
109.8888
109.8691
109.8956
109.8758
109.9023
109.8825
109.909
109.8904
109.9158
109.8972
109.9225
109.9039
109.9292
109.9106
109.936
109.9173
109.9427
109.9241
109.9494
109.9308
109.9562
109.9375
109.9629
109.9442
109.9696
109.951
109.9764
109.9577
109.9831
109.9644
109.9898
109.9779
109.9966
109.9846
110.0033
110.0048
