10.01007
10.01007
10.01569
10.01621
10.02132
10.02233
10.02694
10.0296
10.0326
10.03571
10.03829
10.04184
10.04404
10.04793
10.04974
10.05406
10.05546
10.06027
10.06118
10.06651
10.06688
10.07273
10.07258
10.07897
10.07831
10.08525
10.08404
10.09149
10.08976
10.09797
10.0955
10.10443
10.10129
10.11069
10.10704
10.11699
10.11282
10.12326
10.11862
10.12949
10.12439
10.13575
10.13018
10.14208
10.13597
10.1485
10.14179
10.15469
10.1476
10.16094
10.1534
10.16718
10.1592
10.17344
10.16498
10.17965
10.17079
10.18591
10.17663
10.19217
10.18248
10.19845
10.1884
10.20467
10.19427
10.21101
10.20012
10.21725
10.206
10.2235
10.2236
10.22972
10.22943
10.23603
10.23522
10.24225
10.24107
10.24857
10.24695
10.25479
10.25275
10.26103
10.25863
10.26734
10.26453
10.27363
10.27038
10.28001
10.27626
10.28631
10.28214
10.29259
10.28797
10.29897
10.29385
10.3053
10.29966
10.31157
10.30553
10.31785
10.31139
10.32415
10.34065
10.33043
10.34659
10.33676
10.35826
10.34302
10.36409
10.34934
10.36988
10.3556
10.37579
10.362
10.38162
10.36829
10.38744
10.37468
10.3933
10.38216
10.39921
10.38847
10.40506
10.39495
10.41089
10.40121
10.41671
10.40762
10.42251
10.41395
10.42843
10.42027
10.43429
10.42663
10.44014
10.43296
10.44606
10.43937
10.45196
10.44578
10.45786
10.45213
10.46375
10.4585
10.46964
10.46484
10.47548
10.47125
10.48136
10.47767
10.48722
10.48402
10.49314
10.49049
10.49897
10.49689
10.50494
10.5033
10.51075
10.50972
10.51671
10.51625
10.52255
10.52266
10.52837
10.52913
10.53426
10.53559
10.54013
10.54205
10.55777
10.54858
10.56367
10.55503
10.56954
10.56161
10.57555
10.56805
10.58142
10.57576
10.58736
10.5822
10.59324
10.58877
10.59909
10.5952
10.6051
10.60172
10.61221
10.60821
10.61804
10.61466
10.63565
10.6212
10.64155
10.62774
10.64749
10.63429
10.65349
10.64097
10.67119
10.64742
10.67714
10.65384
10.68302
10.66022
10.68895
10.66668
10.69493
10.67323
10.70085
10.67972
10.7068
10.68619
10.7127
10.6926
10.71861
10.69906
10.73048
10.70553
10.73637
10.71194
10.74227
10.71836
10.74825
10.72596
10.75416
10.7324
10.7601
10.7388
10.76618
10.7452
10.77204
10.75168
10.77797
10.75827
10.7839
10.76472
10.78977
10.77115
10.79576
10.77759
10.80163
10.78403
10.80758
10.79038
10.81357
10.79673
10.81949
10.80316
10.82554
10.80959
10.83151
10.8159
10.83748
10.82228
10.84339
10.82876
10.84941
10.83517
10.85534
10.84171
10.86131
10.8482
10.8674
10.85473
10.87336
10.86117
10.87935
10.86763
10.88528
10.87419
10.8913
10.88066
10.89845
10.88708
10.9044
10.89356
10.91043
10.90003
10.91631
10.9065
10.92222
10.91284
10.9283
10.91929
10.93428
10.92578
10.94028
10.93231
10.94625
10.9389
10.95809
10.94532
10.96402
10.95177
10.96998
10.95821
10.97587
10.96457
10.98191
10.97099
10.98788
10.97743
10.99382
10.98381
10.99981
10.99019
11.0058
10.99658
11.01178
11.00306
11.01778
11.00946
11.0238
11.01594
11.03104
11.02236
11.03704
11.02885
11.0431
11.03518
11.04902
11.04158
11.05503
11.04801
11.06102
11.05442
11.06707
11.06078
11.07312
11.06838
11.07916
11.07477
11.08513
11.08124
11.09117
11.08762
11.09723
11.09412
11.10326
11.10056
11.10925
11.10703
11.11528
11.11346
11.12136
11.11975
11.12725
11.12619
11.13339
11.13253
11.13936
11.13883
11.1455
11.14523
11.15152
11.15161
11.15757
11.15806
11.16368
11.1645
11.16978
11.17081
11.17572
11.17739
11.18187
11.1838
11.18793
11.19023
11.19401
11.1967
11.20127
11.2031
11.20733
11.21073
11.2133
11.21726
11.21939
11.22368
11.22537
11.23017
11.23152
11.23657
11.23755
11.24296
11.2436
11.24936
11.24979
11.25583
11.25599
11.26224
11.26218
11.26862
11.26831
11.27504
11.27435
11.28149
11.28049
11.28802
11.28664
11.29428
11.29262
11.30077
11.29862
11.30708
11.30601
11.31355
11.31218
11.31998
11.31822
11.32643
11.32442
11.3329
11.33053
11.33915
11.33649
11.3458
11.34278
11.35205
11.34895
11.35861
11.35494
11.36503
11.36118
11.37158
11.36745
11.37816
11.37359
11.38474
11.37953
11.39122
11.38551
11.39771
11.39173
11.40431
11.39793
11.41059
11.40395
11.41851
11.41023
11.42482
11.41649
11.43141
11.42264
11.43785
11.42891
11.44442
11.43514
11.45069
11.44132
11.45724
11.44758
11.46354
11.45375
11.4698
11.45973
11.47642
11.46603
11.48284
11.47229
11.4895
11.47857
11.49578
11.48475
11.50244
11.49098
11.50873
11.49842
11.51523
11.5045
11.52167
11.51067
11.52802
11.51703
11.53458
11.52336
11.54094
11.52942
11.54753
11.53563
11.55392
11.54188
11.56046
11.54816
11.56704
11.55443
11.57335
11.5605
11.57994
11.56681
11.58646
11.57292
11.5931
11.57906
11.59958
11.58518
11.60607
11.59159
11.61275
11.59782
11.61935
11.60418
11.62601
11.61049
11.63263
11.61672
11.63934
11.62309
11.64599
11.63062
11.65271
11.637
11.65937
11.64334
11.66727
11.6497
11.67387
11.65607
11.68049
11.66242
11.68698
11.66875
11.69369
11.6751
11.70041
11.68149
11.70713
11.68792
11.71384
11.69439
11.72056
11.70084
11.72728
11.7073
11.73392
11.71375
11.74064
11.72025
11.74736
11.72669
11.75408
11.73324
11.76199
11.73979
11.76871
11.74625
11.77542
11.75277
11.78214
11.75924
11.78885
11.76577
11.79558
11.77236
11.8023
11.77898
11.80902
11.78557
11.81573
11.79224
11.82245
11.7989
11.82917
11.80555
11.83589
11.81216
11.8426
11.81879
11.84932
11.82549
11.85603
11.83333
11.86275
11.83996
11.86946
11.84661
11.87618
11.85334
11.88289
11.86007
11.8896
11.86681
11.89633
11.87354
11.90425
11.88027
11.91096
11.887
11.91768
11.89373
11.9244
11.90044
11.93112
11.90713
11.93784
11.91387
11.94456
11.9206
11.95128
11.92732
11.95799
11.93405
11.96472
11.94078
11.97143
11.94751
11.97815
11.95424
11.98487
11.96097
11.99159
11.9677
11.99831
11.97444
12.00502
11.98117
12.01174
11.9879
12.01846
11.99463
12.02518
12.00136
12.0319
12.00809
12.03862
12.01482
12.04534
12.02155
12.05206
12.02828
12.05878
12.03501
12.06549
12.04174
12.07222
12.04847
12.07893
12.05521
12.08565
12.06194
12.09237
12.06867
12.09908
12.0754
12.10581
12.08213
12.11252
12.08886
12.11924
12.0956
12.12596
12.10232
12.13268
12.10905
12.13941
12.11578
12.14612
12.12251
12.15284
12.12924
12.16077
12.13597
12.16749
12.1427
12.17421
12.14944
12.18093
12.15617
12.18764
12.1629
12.19436
12.16963
12.20108
12.17636
12.2078
12.18309
12.21451
12.18982
12.22123
12.19656
12.22795
12.20328
12.23467
12.21001
12.24139
12.21674
12.24811
12.22348
12.25483
12.23021
12.26155
12.23694
12.26826
12.24367
12.27498
12.2504
12.2817
12.25713
12.28841
12.26385
12.29514
12.27059
12.30185
12.27732
12.30857
12.28405
12.31529
12.29078
12.32201
12.29751
12.32873
12.30424
12.33545
12.31097
12.34216
12.3177
12.34889
12.32443
12.35561
12.33116
12.36233
12.3379
12.36904
12.34463
12.37576
12.35136
12.38248
12.35809
12.3892
12.36482
12.39592
12.37155
12.40263
12.37828
12.40936
12.38501
12.41607
12.39174
12.42279
12.39847
12.42951
12.4052
12.43623
12.41193
12.44295
12.41866
12.44967
12.42539
12.45639
12.43212
12.46311
12.43884
12.46983
12.44557
12.47655
12.4523
12.48327
12.45903
12.48998
12.46576
12.4967
12.47248
12.50341
12.47921
12.51013
12.48594
12.51685
12.49266
12.52356
12.49939
12.53029
12.50612
12.53701
12.51285
12.54373
12.51958
12.55044
12.52631
12.55717
12.53303
12.56389
12.53975
12.57061
12.54648
12.57732
12.55321
12.58404
12.55993
12.59076
12.56666
12.59748
12.57339
12.60421
12.58012
12.61093
12.58685
12.61764
12.59357
12.62436
12.6003
12.63108
12.60703
12.6378
12.61376
12.64453
12.62049
12.65125
12.62722
12.65797
12.63396
12.66469
12.64069
12.67141
12.64742
12.67813
12.65415
12.68485
12.66088
12.69157
12.66761
12.69829
12.67435
12.70501
12.68108
12.71173
12.68782
12.71844
12.69455
12.72516
12.70248
12.73188
12.70921
12.7386
12.71594
12.74532
12.72267
12.75204
12.72941
12.75876
12.73614
12.76548
12.74288
12.7722
12.74961
12.77892
12.75634
12.78564
12.76308
12.79236
12.76982
12.79908
12.77655
12.80581
12.78329
12.81253
12.79002
12.81925
12.79676
12.82597
12.8035
12.83269
12.81023
12.83941
12.81697
12.84613
12.8237
12.85285
12.83044
12.85957
12.83717
12.86629
12.8439
12.87302
12.85063
12.87974
12.85736
12.88646
12.86409
12.89318
12.87082
12.8999
12.87874
12.90662
12.88547
12.91334
12.89221
12.92006
12.89894
12.92678
12.90568
12.9335
12.91241
12.94022
12.91915
12.94695
12.92588
12.95366
12.93262
12.96038
12.93936
12.9671
12.94609
12.97382
12.95283
12.98054
12.95957
12.98726
12.9663
12.99398
12.97304
13.0007
12.97977
13.00742
12.98651
13.01414
12.99324
13.02087
12.99997
13.02759
13.00671
13.03431
13.01344
13.04102
13.02018
13.04774
13.02692
13.05446
13.03365
13.06118
13.04039
13.06791
13.04712
13.07462
13.05386
13.08134
13.0606
13.08807
13.06734
13.09479
13.07408
13.10151
13.08081
13.10823
13.08755
13.11495
13.09429
13.12167
13.10103
13.12839
13.10776
13.13511
13.1145
13.14183
13.12123
13.14855
13.12796
13.15528
13.1347
13.16199
13.14144
13.16872
13.14937
13.17544
13.15611
13.18497
13.16286
13.19168
13.1696
13.1984
13.17634
13.20512
13.18308
13.21184
13.18983
13.21856
13.19657
13.22528
13.20332
13.23201
13.21006
13.23873
13.2168
13.24545
13.22355
13.25217
13.23029
13.25889
13.23703
13.26561
13.24378
13.27234
13.25052
13.27906
13.25727
13.28578
13.26401
13.29251
13.27075
13.29923
13.2775
13.30595
13.28424
13.31267
13.29098
13.31939
13.29773
13.32611
13.30447
13.33284
13.31122
13.33956
13.31796
13.34628
13.3247
13.353
13.33144
13.35972
13.33818
13.36644
13.34492
13.37316
13.35166
13.37988
13.3584
13.3866
13.36514
13.39332
13.37189
13.40004
13.37863
13.40676
13.38537
13.41348
13.39211
13.42021
13.39886
13.42693
13.4056
13.43365
13.41234
13.44037
13.41908
13.44709
13.42582
13.45381
13.43257
13.46053
13.43932
13.46725
13.44606
13.47397
13.4528
13.48069
13.45955
13.4874
13.46629
13.49412
13.47303
13.50083
13.47978
13.50755
13.48652
13.51427
13.49445
13.521
13.50119
13.5289
13.50793
13.53562
13.51468
13.54234
13.52142
13.54906
13.52817
13.55578
13.53491
13.5625
13.54165
13.56922
13.5484
13.57594
13.55514
13.58267
13.56189
13.58938
13.56863
13.5961
13.57537
13.60283
13.58211
13.60954
13.58885
13.61627
13.5956
13.62298
13.60234
13.6297
13.60908
13.63643
13.61582
13.64315
13.62257
13.64987
13.62931
13.65659
13.63605
13.66331
13.6428
13.67003
13.64954
13.67675
13.65628
13.68347
13.66302
13.69019
13.66976
13.69691
13.67651
13.70363
13.68325
13.71035
13.68999
13.71707
13.69674
13.72379
13.70348
13.73051
13.71022
13.73724
13.71696
13.74396
13.7237
13.75068
13.73045
13.75739
13.73719
13.76411
13.74393
13.77083
13.75067
13.77756
13.75741
13.78427
13.76415
13.79099
13.77089
13.79771
13.77763
13.80443
13.78437
13.81116
13.79111
13.81788
13.79784
13.82459
13.80459
13.83131
13.81133
13.83803
13.81807
13.84475
13.82481
13.85147
13.83155
13.8582
13.83829
13.86492
13.84503
13.87164
13.85178
13.87837
13.85853
13.88509
13.86527
13.89181
13.87201
13.89853
13.87876
13.90526
13.8855
13.91198
13.89224
13.9187
13.89898
13.92542
13.90573
13.93214
13.91247
13.93886
13.91921
13.94558
13.92596
13.95231
13.9327
13.95902
13.93944
13.96575
13.94618
13.97247
13.95412
13.9829
13.96085
13.98962
13.96759
13.99634
13.97433
14.00306
13.98106
14.00978
13.98901
14.0165
13.99574
14.02322
14.00248
14.02995
14.00921
14.03667
14.01595
14.04339
14.02268
14.05011
14.02942
14.05683
14.03615
14.06356
14.04289
14.07028
14.04962
14.077
14.05636
14.08372
14.0631
14.09044
14.06983
14.09716
14.07657
14.10388
14.08331
14.1106
14.09004
14.11732
14.09678
14.12403
14.10352
14.13076
14.11026
14.13748
14.11699
14.1442
14.12373
14.15092
14.13046
14.15764
14.1372
14.16437
14.14394
14.17109
14.15068
14.17781
14.15742
14.18454
14.16416
14.19126
14.1709
14.19798
14.17764
14.20471
14.18438
14.21143
14.19112
14.21816
14.19786
14.22488
14.20459
14.2316
14.21133
14.23833
14.21807
14.24505
14.22481
14.25177
14.23155
14.25849
14.23829
14.26521
14.24503
14.27194
14.25177
14.27866
14.25851
14.28537
14.26525
14.2921
14.27199
14.29882
14.27873
14.30554
14.28546
14.31226
14.2922
14.31898
14.29894
14.32571
14.30567
14.33243
14.31241
14.33915
14.31915
14.34587
14.32588
14.3526
14.33262
14.35933
14.33935
14.36605
14.34609
14.37277
14.35282
14.37949
14.35956
14.38622
14.3663
14.39294
14.37304
14.39966
14.37978
14.40639
14.38652
14.41311
14.39326
14.41983
14.4
14.42655
14.40674
14.43328
14.41348
14.44
14.42022
14.44672
14.42696
14.45344
14.4337
14.46016
14.44044
14.46688
14.44718
14.47361
14.45391
14.48033
14.46065
14.48705
14.46739
14.49378
14.47412
14.5005
14.48086
14.50722
14.4876
14.51394
14.49433
14.52067
14.50107
14.52739
14.50781
14.53411
14.51455
14.54083
14.52129
14.54756
14.52803
14.55428
14.53477
14.561
14.54151
14.56773
14.54825
14.57446
14.55499
14.58238
14.56173
14.5891
14.56846
14.59582
14.5752
14.60254
14.58194
14.60927
14.58867
14.61599
14.59542
14.62271
14.60215
14.62944
14.60889
14.63616
14.61563
14.64288
14.62236
14.64961
14.6291
14.65633
14.63584
14.66305
14.64257
14.66977
14.64931
14.67649
14.65605
14.68321
14.66278
14.68994
14.67625
14.69666
14.683
14.70338
14.68974
14.71011
14.69648
14.71683
14.70321
14.72355
14.70995
14.73028
14.71669
14.737
14.72343
14.74373
14.73017
14.75045
14.73691
14.75718
14.74365
14.7639
14.75039
14.77062
14.75713
14.77735
14.76387
14.78407
14.77061
14.79079
14.77735
14.79752
14.78409
14.80424
14.79083
14.81096
14.79757
14.81769
14.80431
14.82441
14.81105
14.83113
14.8178
14.83786
14.82454
14.84458
14.83247
14.8513
14.83921
14.85803
14.84596
14.86476
14.8527
14.87148
14.85945
14.8782
14.86619
14.88613
14.87293
14.89285
14.87967
14.89957
14.88642
14.90629
14.89316
14.91302
14.8999
14.91974
14.91282
14.92646
14.91955
14.93319
14.92629
14.93991
14.93304
14.94783
14.93978
14.95455
14.94652
14.96128
14.95327
14.968
14.96001
14.97472
14.96675
14.98145
14.9735
14.98817
14.98394
14.99609
14.99068
15.00403
14.99742
15.01075
15.00417
15.01747
15.01091
15.0242
15.01752
15.03092
15.02427
15.03763
15.03101
15.04436
15.03776
15.05727
15.04451
15.06399
15.05125
15.07072
15.05799
15.07744
15.06841
15.08416
15.07512
15.09209
15.08187
15.09881
15.08861
15.10554
15.09536
15.11226
15.1021
15.12266
15.10884
15.12938
15.11558
15.13604
15.12354
15.14271
15.13026
15.1494
15.13701
15.15607
15.14375
15.16275
15.15049
15.17065
15.15724
15.17738
15.16518
15.18406
15.17192
15.19189
15.17867
15.19974
15.18541
15.20644
15.19215
15.21317
15.19889
15.2199
15.20563
15.2266
15.21235
15.23447
15.21909
15.24118
15.22583
15.2479
15.23257
15.25463
15.23931
15.26135
15.24605
15.26808
15.2528
15.2748
15.25954
15.28153
15.26628
15.28825
15.27303
15.29497
15.27977
15.30167
15.28652
15.30839
15.29326
15.31511
15.3
15.32183
15.30674
15.32856
15.31348
15.33529
15.32023
15.34201
15.32697
15.34874
15.33372
15.35546
15.34046
15.36219
15.34721
15.37012
15.35395
15.37684
15.36438
15.38356
15.37112
15.3901
15.37786
15.39783
15.3858
15.4055
15.3925
15.41314
15.3992
15.41957
15.40586
15.42597
15.41371
15.43371
15.42041
15.44021
15.43
15.44667
15.43674
15.45319
15.44349
15.45966
15.45024
15.46984
15.45698
15.47632
15.46372
15.48283
15.47167
15.49061
15.47841
15.49717
15.48515
15.50385
15.49189
15.51046
15.49864
15.51716
15.50538
15.52385
15.51332
15.53176
15.52006
15.53848
15.5268
15.54521
15.53355
15.55193
15.5403
15.55862
15.54705
15.56534
15.55379
15.57207
15.56054
15.57879
15.56728
15.58552
15.57403
15.59225
15.58197
15.59897
15.58872
15.6069
15.59546
15.61362
15.60221
15.62035
15.61017
15.62827
15.61812
15.63867
15.63392
15.6466
15.64067
15.65332
15.64742
15.66004
15.65418
15.66677
15.66712
15.67336
15.67387
15.68994
15.68341
15.69654
15.69137
15.71426
15.69812
15.72076
15.70477
15.72717
15.71126
15.73357
15.72642
15.74615
15.73929
15.75256
15.74562
15.75883
15.7519
15.77131
15.75825
15.77759
15.76569
15.78501
15.77196
15.7913
15.77818
15.7976
15.78449
15.80502
15.79182
15.81489
15.79796
15.82109
15.80409
15.82728
15.81633
15.83335
15.82234
15.84561
15.82839
15.85175
15.83558
15.85785
15.84527
15.8701
15.8541
15.87614
15.86015
15.88214
15.86615
15.88817
15.87221
15.89537
15.87825
15.90136
15.8965
15.90738
15.90256
15.91713
15.92299
15.92312
15.929
15.93937
15.94104
15.94536
15.95328
15.95138
15.95939
15.9586
15.9655
15.96839
15.97276
15.97447
15.98005
15.98054
15.9873
15.98661
15.99704
16.00145
16.00674
16.00746
16.01562
16.01629
16.02156
16.026
16.02748
16.03321
16.03714
16.03917
16.04304
16.04517
16.04894
16.05479
16.06184
16.06437
16.06768
16.07027
16.08633
16.07618
16.09502
16.09073
16.10088
16.09662
16.1126
16.10251
16.11847
16.10839
16.12556
16.11428
16.13268
16.12646
16.13852
16.13241
16.14444
16.13836
16.15156
16.14432
16.15871
16.15645
16.16582
16.16242
16.17303
16.16836
16.18685
16.1855
16.19284
16.19148
16.19884
16.19744
16.22101
16.21956
16.22695
16.22544
16.23289
16.23133
16.25335
16.24341
16.25914
16.24928
16.26493
16.2551
16.27439
16.26385
16.28019
16.27088
16.28598
16.28043
16.29177
16.28624
16.30127
16.29206
16.30705
16.30364
16.31285
16.3094
16.32488
16.3152
16.33201
16.33472
16.34654
16.34423
16.35365
16.36037
16.37905
16.36988
16.38497
16.37934
16.39085
16.38626
16.40047
16.39202
16.40646
16.39781
16.41243
16.40724
16.41958
16.41299
16.42554
16.41869
16.43149
16.42441
16.43746
16.43015
16.44345
16.43596
16.44941
16.44174
16.45537
16.44869
16.46248
16.45569
16.47218
16.46144
16.4794
16.46721
16.48662
16.47668
16.49388
16.48246
16.49989
16.48822
16.50592
16.4977
16.51723
16.50469
16.52688
16.5248
16.53568
16.53177
16.54292
16.54129
16.55449
16.55986
16.56041
16.56559
16.56627
16.57133
16.57339
16.57825
16.58044
16.58519
16.58743
16.59216
16.59603
16.59789
16.60182
16.60356
16.60756
16.61791
16.6219
16.62483
16.62763
16.63432
16.63336
16.65371
16.65279
16.66312
16.66227
16.67753
16.67166
16.68322
16.67952
16.69758
16.68646
16.70449
16.69341
16.724
16.70787
16.72973
16.71485
16.73543
16.72436
16.74489
16.73393
16.7506
16.74352
16.75634
16.74935
16.76491
16.75524
16.77191
16.76117
16.7789
16.76707
16.78592
16.77305
16.79296
16.77897
16.79999
16.79612
16.8095
16.80209
16.81654
16.80808
16.8224
16.82024
16.82829
16.82621
16.84282
16.83222
16.85644
16.85097
16.8835
16.85983
16.89061
16.87707
16.90018
16.88434
16.90725
16.90162
16.92419
16.90774
16.93019
16.91389
16.9362
16.93126
16.95088
16.9375
16.95699
16.94374
16.9631
16.95864
16.97511
16.96616
16.98243
16.98356
17.00472
16.99085
17.0108
17.00054
17.01684
17.01014
17.03077
17.02867
17.03779
17.03555
17.04356
17.04238
17.04931
17.0517
17.06615
17.06097
17.07177
17.06774
17.07739
17.07697
17.08661
17.09422
17.10495
17.09976
17.11049
17.11325
17.116
17.1225
17.12273
17.13744
17.14197
17.14307
17.14874
17.15993
17.18002
17.16563
17.18847
17.17133
17.1941
17.18237
17.19975
17.19878
17.21882
17.2058
17.22569
17.22983
17.24511
17.2394
17.25084
17.25645
17.25656
17.26236
17.27916
17.26828
17.28497
17.27785
17.29945
17.28374
17.30528
17.28969
17.31723
17.3043
17.32425
17.31138
17.33128
17.32105
17.35325
17.32698
17.37806
17.34659
17.38382
17.36401
17.38961
17.38863
17.41139
17.41071
17.4172
17.41661
17.43165
17.42254
17.4374
17.44125
17.44319
17.44715
17.46018
17.4642
17.46602
17.4701
17.47182
17.47594
17.48378
17.48544
17.4896
17.49249
17.49543
17.51198
17.51986
17.51779
17.53348
17.52363
17.53922
17.54314
17.54496
17.54895
17.56191
17.57089
17.58873
17.5767
17.61726
17.58251
17.63922
17.61441
17.64497
17.64766
17.65068
17.65463
17.68797
17.69337
17.72143
17.73169
17.75199
17.74096
17.76124
17.75026
17.79745
17.77623
17.80419
17.78382
17.84206
17.80512
17.85975
17.8106
17.86654
17.81608
17.89084
17.84784
17.89648
17.86857
17.90207
17.87783
17.91647
17.89456
17.92209
17.9001
17.92777
17.90571
17.94866
17.92681
17.95805
17.9353
17.97708
17.96204
17.99642
17.97624
18.0032
18.003
18.034
18.02167
18.05969
18.05489
18.08383
18.06401
18.09232
18.08557
18.11337
18.10752
18.11881
18.11412
18.12424
18.1345
18.1358
18.13991
18.1412
18.14528
18.14659
18.1768
18.17472
18.18209
18.18289
18.18737
18.19694
18.20877
18.20347
18.21768
18.22244
18.24408
18.25636
18.25046
18.2844
18.27679
18.29327
18.28326
18.31711
18.30388
18.32349
18.31026
18.34986
18.33162
18.3577
18.33681
18.37407
18.34482
18.3793
18.36555
18.41011
18.37452
18.41908
18.40103
18.44675
18.40997
18.47664
18.44473
18.48185
18.44992
18.48706
18.47004
18.51596
18.47886
18.52395
18.48521
18.54521
18.50156
18.55157
18.50794
18.57793
18.54588
18.58679
18.55223
18.6097
18.57608
18.61607
18.58242
18.63494
18.58877
18.6413
18.60425
18.66014
18.6106
18.66653
18.62697
18.67541
18.63337
18.69098
18.64732
18.69997
18.65251
18.71139
18.65772
18.71666
18.67438
18.72193
18.67961
18.73595
18.68485
18.76023
18.70631
18.76845
18.74471
18.80536
18.78308
18.83408
18.80377
18.84326
18.81286
18.88198
18.84382
18.90518
18.85205
18.9143
18.88165
18.93204
18.8881
18.93974
18.92111
18.97526
18.92914
19.01095
18.95501
19.03648
18.96138
19.04167
18.99029
19.04686
18.99916
19.07249
19.02681
19.0789
19.03432
19.10346
19.05685
19.10865
19.06505
19.11385
19.08146
19.13026
19.08664
19.13917
19.10464
19.17062
19.11105
19.19107
19.12995
19.22532
19.15006
19.24453
19.15642
19.24975
19.17514
19.25503
19.18408
19.28869
19.21738
19.31977
19.22637
19.32622
19.25656
19.34033
19.28858
19.34854
19.29517
19.36267
19.31413
19.3692
19.31948
19.38332
19.32483
19.38871
19.33898
19.39407
19.3558
19.40564
19.37342
19.42217
19.38001
19.43591
19.40486
19.44443
19.43147
19.47546
19.45585
19.50722
19.48598
19.51263
19.52291
19.51805
19.52985
19.5552
19.56034
19.58181
19.56589
19.59103
19.57145
19.62756
19.58831
19.63681
19.59516
19.66459
19.61696
19.67138
19.64618
19.70348
19.65553
19.71277
19.69176
19.73591
19.7053
19.74279
19.71467
19.76881
19.741
19.77727
19.76932
19.80532
19.80616
19.81211
19.83282
19.83076
19.86449
19.84002
19.88618
19.86734
19.90611
19.88666
19.91165
19.89598
19.92607
19.92459
19.94261
19.94365
19.97094
19.95298
19.98022
19.98764
20.00439
20.00189
20.02034
20.01118
20.02589
20.03823
20.03142
20.04755
20.04555
20.0692
20.05224
20.07841
20.07644
20.10759
20.08194
20.1131
20.08745
20.11858
20.1233
20.14766
20.15163
20.15433
20.16574
20.18411
20.17242
20.21323
20.19758
20.22243
20.20431
20.24856
20.22762
20.25775
20.25182
20.28302
20.25853
20.29188
20.28939
20.31996
20.32075
20.35408
20.35372
20.38391
20.37435
20.39063
20.38344
20.41235
20.39756
20.41779
20.40304
20.42329
20.40851
20.44655
20.42865
20.45567
20.43411
20.47444
20.43957
20.48358
20.45491
20.50143
20.47691
20.53489
20.51327
20.55814
20.51869
20.58429
20.52413
20.58973
20.56082
20.59515
20.56997
20.63435
20.5941
20.66728
20.6275
20.674
20.66157
20.70206
20.66715
20.72682
20.67272
20.74586
20.70118
20.76797
20.72482
20.77358
20.73406
20.7792
20.75897
20.8038
20.76743
20.81305
20.79346
20.8474
20.80283
20.87824
20.82901
20.88751
20.83852
20.92086
20.87175
20.92791
20.8786
20.9559
20.91423
20.98118
20.93607
20.99051
20.94167
21.02874
20.9473
21.03549
20.9851
21.05843
20.99186
21.06513
21.02332
21.09548
21.04531
21.1158
21.05194
21.12243
21.06106
21.13732
21.07927
21.1464
21.105
21.1705
21.16007
21.21004
21.18059
21.24166
21.18617
21.27336
21.21307
21.30194
21.22264
21.31129
21.24244
21.32683
21.25193
21.3337
21.27618
21.35216
21.28492
21.36161
21.29198
21.38368
21.31201
21.40488
21.32172
21.41183
21.33627
21.4313
21.36358
21.43904
21.38464
21.46258
21.39189
21.47827
21.40914
21.48516
21.41895
21.49448
21.43745
21.5088
21.45317
21.51442
21.46281
21.52007
21.48652
21.53679
21.49609
21.54364
21.52562
21.55297
21.53519
21.56967
21.55082
21.57519
21.55773
21.58068
21.59418
21.60997
21.61997
21.64653
21.62683
21.6751
21.65937
21.70242
21.68739
21.71159
21.71087
21.745
21.72022
21.7797
21.73986
21.81082
21.76025
21.82891
21.78627
21.83563
21.80678
21.85645
21.81359
21.86565
21.84745
21.89155
21.86848
21.89704
21.89033
21.90253
21.91621
21.92795
21.92521
21.95816
21.9534
21.98662
21.99051
22.00284
21.99736
22.03154
22.02577
22.06625
22.0589
22.07558
22.06841
22.11214
22.10196
22.13416
22.11164
22.15705
22.13116
22.18018
22.13827
22.20737
22.16279
22.21679
22.18482
22.24133
22.20715
22.24816
22.24035
22.26629
22.27275
22.28591
22.30747
22.31414
22.31679
22.32087
22.35462
22.35139
22.38926
22.38069
22.42186
22.41387
22.46081
22.46696
22.4939
22.50547
22.49938
22.54056
22.50482
22.5736
22.54114
22.58266
22.57199
22.61529
22.59785
22.64233
22.62702
22.66882
22.63606
22.69096
22.67325
22.72351
22.70644
22.73413
22.73933
22.76924
22.77243
22.79856
22.81166
22.80754
22.84825
22.84158
22.88832
22.90791
22.92345
22.94289
22.95962
22.96191
22.96871
22.99324
23.002
23.00226
23.0337
23.01859
23.05669
23.02513
23.08836
23.06613
23.11518
23.07264
23.12427
23.09778
23.15935
23.11982
23.16739
23.13263
23.20337
23.13911
23.23445
23.20483
23.26471
23.22518
23.29656
23.27527
23.33321
23.29547
23.33975
23.32322
23.36902
23.33221
23.37432
23.37009
23.37964
23.38655
23.3987
23.39552
23.40522
23.42065
23.42651
23.42833
23.45358
23.46317
23.4835
23.47215
23.51587
23.50627
23.5326
23.53294
23.53915
23.55376
23.56522
23.56278
23.59963
23.59295
23.61829
23.62388
23.65466
23.65869
23.66256
23.68831
23.68919
23.72446
23.70849
23.75606
23.71383
23.78259
23.71916
23.81877
23.75196
23.82778
23.77033
23.86107
23.77939
23.86787
23.81161
23.90629
23.84868
23.93959
23.88351
23.97804
23.91847
24.01219
23.95711
24.05139
23.98848
24.08666
24.02015
24.12147
24.05425
24.15706
24.09315
24.1917
24.12882
24.22774
24.16666
24.265
24.20403
24.27399
24.2401
24.30565
24.27411
24.33154
24.31094
24.36447
24.3359
24.39581
24.36317
24.42862
24.3855
24.43383
24.39449
24.43906
24.43247
24.4583
24.45576
24.46721
24.46364
24.50398
24.48013
24.51206
24.50674
24.54143
24.512
24.55036
24.52724
24.56431
24.53623
24.56954
24.56024
24.57479
24.57419
24.59879
24.57948
24.60526
24.58477
24.62413
24.60317
24.65254
24.63479
24.66149
24.65541
24.69156
24.69449
24.71282
24.72647
24.73515
24.75174
24.75668
24.78916
24.7953
24.8291
24.8259
24.86704
24.86419
24.90443
24.89737
24.92351
24.92684
24.92883
24.93331
24.95141
24.95956
24.9695
24.99257
24.97486
25.02911
25.01093
25.0344
25.04455
25.06383
25.07169
25.10096
25.07703
25.13838
25.08236
25.17503
25.12048
25.20853
25.15368
25.24079
25.1855
25.27448
25.22165
25.30894
25.25949
25.33123
25.29443
25.36547
25.32407
25.3996
25.36036
25.43286
25.39459
25.46547
25.42797
25.47454
25.46364
25.53442
25.4873
25.54098
25.52282
25.57825
25.55666
25.60704
25.59469
25.64347
25.62122
25.67677
25.63035
25.71233
25.65977
25.7476
25.67847
25.75542
25.70998
25.78835
25.74263
25.82632
25.77276
25.83523
25.78083
25.87027
25.81579
25.90648
25.85459
25.93564
25.88224
25.94448
25.91282
25.97586
25.92172
25.98099
25.9297
25.98612
25.95474
25.99746
25.96363
26.02021
25.98749
26.03626
26.01669
26.07206
26.04076
26.09588
26.04711
26.11469
26.06016
26.14143
26.06898
26.15022
26.10045
26.17409
26.13375
26.18807
26.16452
26.21371
26.16968
26.22008
26.20274
26.25041
26.20911
26.25928
26.23649
26.29083
26.27042
26.29968
26.27686
26.32948
26.3122
26.33839
26.33417
26.36611
26.34309
26.3913
26.36567
26.42371
26.37461
26.43177
26.39604
26.46318
26.43379
26.49806
26.46778
26.53207
26.50156
26.55544
26.53915
26.56185
26.54816
26.59456
26.58475
26.62455
26.61552
26.65209
26.6444
26.65979
26.66856
26.68126
26.69943
26.68891
26.73711
26.72038
26.76105
26.75638
26.76998
26.79239
26.79856
26.82809
26.81741
26.86286
26.83887
26.86928
26.84528
26.8921
26.86916
26.89727
26.87437
26.90244
26.87957
26.92085
26.89801
26.92605
26.93436
26.95655
26.96033
26.96296
26.98289
26.99262
27.01106
27.02962
27.03077
27.04516
27.0386
27.07385
27.06844
27.09868
27.10569
27.13437
27.13536
27.16811
27.17069
27.17586
27.20594
27.2064
27.24255
27.24454
27.27228
27.25363
27.30999
27.32712
27.34599
27.35292
27.37605
27.37638
27.41133
27.38545
27.41663
27.40198
27.44121
27.42171
27.46855
27.43076
27.47754
27.45371
27.49393
27.46014
27.51414
27.48319
27.53713
27.5172
27.55776
27.54579
27.56546
27.57236
27.58566
27.61068
27.5937
27.61846
27.61807
27.65454
27.64332
27.67881
27.67914
27.7108
27.70667
27.71722
27.74179
27.75275
27.77326
27.77815
27.80559
27.81318
27.81449
27.82212
27.85156
27.85074
27.88291
27.88624
27.91874
27.92036
27.94993
27.95353
27.98452
27.96247
28.01792
27.99151
28.02438
28.01884
28.04611
28.02646
28.05421
28.04876
28.09146
28.0552
28.1166
28.07568
28.12557
28.0809
28.15539
28.08613
28.17307
28.11516
28.21114
28.14629
28.2346
28.15523
28.26662
28.1902
28.27304
28.22457
28.3068
28.25819
28.34061
28.28457
28.34827
28.29219
28.37538
28.32695
28.39669
28.35377
28.40316
28.38938
28.42681
28.41617
28.44573
28.42512
28.4673
28.44801
28.47632
28.4557
28.51454
28.49422
28.54086
28.52462
28.5774
28.56293
28.61321
28.57195
28.64858
28.60683
28.68114
28.63224
28.7151
28.65638
28.75036
28.6903
28.78421
28.72717
28.81871
28.73622
28.82781
28.77345
28.85006
28.8074
28.85549
28.84187
28.88635
28.86674
28.92208
28.90258
28.94694
28.9359
28.95627
28.96426
28.99022
28.97108
29.01326
28.99835
29.0405
29.03361
29.07472
29.06199
29.09686
29.08628
29.12416
29.11473
29.13921
29.13871
29.17098
29.17185
29.1783
29.20839
29.21507
29.24364
29.24422
29.27611
29.2809
29.30996
29.31637
29.31645
29.35313
29.3546
29.37909
29.38706
29.38713
29.42087
29.41729
29.45619
29.4263
29.46258
29.45611
29.49142
29.46503
29.51155
29.49386
29.51671
29.50275
29.52188
29.52904
29.5458
29.53792
29.56888
29.56649
29.59341
29.60009
29.62017
29.63158
29.62787
29.66528
29.66682
29.70276
29.69917
29.74326
29.73541
29.77949
29.77018
29.81748
29.7967
29.85041
29.83795
29.88538
29.86038
29.91733
29.88873
29.95154
29.92223
29.98057
29.95371
30.01269
30.01905
30.05133
30.06987
30.08529
30.07633
30.12061
30.10107
30.15792
30.12755
30.1877
30.15965
30.22099
30.19318
30.2571
30.22824
30.29119
30.26411
30.32359
30.29837
30.36062
30.33244
30.39724
30.37087
30.43446
30.40755
30.46862
30.44242
30.50279
30.47718
30.53855
30.5153
30.5474
30.55057
30.57178
30.5861
30.5806
30.61658
30.61177
30.63995
30.6207
30.64877
30.65849
30.68301
30.69297
30.71766
30.72711
30.75517
30.76358
30.78823
30.80091
30.82388
30.83707
30.85513
30.87174
30.88666
30.90925
30.91881
30.93921
30.92782
30.97638
30.9648
31.01416
30.99628
31.04821
31.03066
31.08092
31.06698
31.10921
31.1014
31.15035
31.13556
31.15817
31.16753
31.19607
31.20602
31.23349
31.23994
31.2712
31.27762
31.30542
31.31345
31.34137
31.34979
31.37702
31.38754
31.41215
31.42168
31.44727
31.45757
31.48632
31.49544
31.52295
31.53259
31.56259
31.56857
31.59869
31.60445
31.63216
31.63908
31.66275
31.67431
31.7004
31.68325
31.73804
31.72019
31.77268
31.75689
31.8074
31.79492
31.84461
31.82897
31.87614
31.86275
31.91317
31.8999
31.94617
31.93407
31.98018
31.96818
32.01476
31.97458
32.05027
32.00783
32.0797
32.04569
32.08857
32.07904
32.12621
32.11359
32.16422
32.14753
32.20132
32.17748
32.23677
32.21214
32.26706
32.24859
32.30239
32.28641
32.33146
32.31982
32.36784
32.34727
32.40226
32.38012
32.43907
32.41705
32.4751
32.45083
32.50807
32.48679
32.54055
32.52149
32.5495
32.55684
32.5831
32.59077
32.61716
32.62946
32.65436
32.66319
32.6884
32.70049
32.72571
32.73778
32.76076
32.77059
32.79472
32.8039
32.8324
32.84016
32.86174
32.87607
32.89971
32.91058
32.93378
32.9437
32.96581
32.97977
32.99588
33.01377
33.03135
33.04309
33.06497
33.07638
33.10308
33.11264
33.13903
33.14048
33.16449
33.17459
33.16963
33.17969
33.19002
33.19364
33.20899
33.20246
33.21785
33.23315
33.24787
33.24197
33.27169
33.24831
33.29893
33.27089
33.31991
33.29554
33.34568
33.33183
33.35204
33.36772
33.38097
33.40009
33.38987
33.40646
33.42657
33.43948
33.46212
33.47044
33.49542
33.50443
33.53184
33.53856
33.565
33.57557
33.60081
33.60392
33.6098
33.6128
33.64136
33.64732
33.65022
33.67405
33.68104
33.70462
33.70314
33.72464
33.73185
33.75437
33.74073
33.78527
33.76359
33.81168
33.77244
33.8202
33.80383
33.85633
33.81265
33.88884
33.84763
33.92603
33.88288
33.95753
33.91748
33.96634
33.9515
33.99773
33.98292
34.02818
34.0219
34.06267
34.05463
34.08898
34.09094
34.09534
34.1268
34.13048
34.15949
34.16666
34.19183
34.19797
34.23029
34.233
34.26368
34.29113
34.29301
34.29749
34.3206
34.32135
34.35485
34.34346
34.38978
34.37486
34.42198
34.41123
34.45962
34.44576
34.49698
34.48343
34.53339
34.51234
34.56615
34.54599
34.60224
34.61626
34.63641
34.64962
34.6688
34.71431
34.7042
34.73173
34.71304
34.75451
34.74434
34.76086
34.7532
34.78587
34.78574
34.79218
34.80952
34.82109
34.81836
34.84876
34.85307
34.85754
34.86209
34.89241
34.89527
34.92491
34.92688
34.96017
34.96507
34.99375
34.98709
35.01392
35.00618
35.02022
35.03476
35.0441
35.04111
35.05041
35.06144
35.08291
35.06777
35.08922
35.10168
35.11511
35.12676
35.14439
35.13468
35.15322
35.16484
35.17848
35.17238
35.20625
35.20309
35.22655
35.21199
35.25556
35.2466
35.28325
35.2693
35.31584
35.2969
35.35063
35.32484
35.38174
35.36033
35.38984
35.39568
35.42563
35.43102
35.46454
35.46672
35.50219
35.5044
35.54114
35.53902
35.57654
35.57279
35.60918
35.60936
35.67781
35.64451
35.71364
35.67953
35.74889
35.71502
35.78428
35.74985
35.8207
35.78735
35.85793
35.81469
35.88097
35.82352
35.88977
35.86121
35.90231
35.88111
35.90742
35.88746
35.91253
35.90502
35.93243
35.92508
35.95395
35.93271
35.96276
35.96729
36.00161
36.00417
36.02697
36.04203
36.06453
36.07971
36.10212
36.1165
36.13995
36.15237
36.17658
36.18746
36.2127
36.22199
36.24546
36.25911
36.27883
36.2934
36.31555
36.32954
36.34382
36.36212
36.38035
36.40004
36.41663
36.43081
36.44903
36.46153
36.48552
36.49838
36.52207
36.53268
36.55528
36.56596
36.59118
36.6031
36.62754
36.63733
36.63643
36.64375
36.67146
36.67992
36.70173
36.71423
36.73629
36.74942
36.7709
36.78706
36.80845
36.82149
36.84395
36.85765
36.88256
36.89474
36.91478
36.93183
36.95199
36.96834
36.98721
37.00616
37.02502
37.04152
37.06181
37.07644
37.09688
37.11143
37.13095
37.14579
37.16829
37.18208
37.20461
37.21142
37.23869
37.24221
37.27211
37.2745
37.29855
37.28333
37.30617
37.30996
37.33509
37.31628
37.34393
37.34954
37.36992
37.37645
37.37878
37.41381
37.42374
37.44038
37.44992
37.47489
37.48581
37.51271
37.52061
37.54734
37.55706
37.58368
37.59264
37.62019
37.629
37.65651
37.66577
37.69483
37.70186
37.73262
37.73974
37.76571
37.77597
37.80347
37.81235
37.83656
37.84913
37.87158
37.8839
37.90513
37.92057
37.94177
37.95538
37.97963
37.9911
38.01147
38.02544
38.04644
38.06039
38.08429
38.09745
38.1191
38.13416
38.15175
38.1707
38.18702
38.20082
38.22492
38.23469
38.25911
38.26859
38.29171
38.29383
38.30059
38.30016
38.33865
38.32403
38.37076
38.33035
38.4047
38.3605
38.44348
38.39526
38.47873
38.42963
38.51502
38.46758
38.5466
38.50573
38.57307
38.53281
38.61021
38.56917
38.64224
38.60371
38.67443
38.63952
38.68333
38.64753
38.71857
38.67328
38.74969
38.70659
38.785
38.73906
38.85822
38.77298
38.89141
38.80769
38.92797
38.84343
38.93681
38.88107
38.97245
38.90891
39.00262
38.93948
39.03634
38.97377
39.06981
39.00777
39.09873
39.04286
39.13127
39.08089
39.16786
39.11174
39.20257
39.14126
39.21145
39.17169
39.23538
39.20546
39.27225
39.24067
39.31015
39.27457
39.34768
39.31128
39.37862
39.34446
39.41347
39.38226
39.44763
39.41274
39.48211
39.44919
39.5166
39.48467
39.55444
39.52029
39.58248
39.54787
39.61816
39.55427
39.6262
39.58476
39.65783
39.61735
39.69168
39.64638
39.72652
39.65529
39.75128
39.69238
39.78477
39.72755
39.79284
39.75773
39.82939
39.79179
39.86415
39.81903
39.90318
39.8559
39.93856
39.89085
39.97349
39.92419
40.00866
39.96016
40.04279
39.99279
40.07315
40.03023
40.10841
40.06641
40.1447
40.10463
40.18114
40.13801
40.21684
40.17355
40.25813
40.20509
40.29298
40.24003
40.32875
40.27757
40.36606
40.31363
40.40344
40.35086
40.44139
40.3871
40.46742
40.4235
40.50447
40.45959
40.54226
40.49645
40.57843
40.52998
40.61488
40.56445
40.64947
40.5984
40.68733
40.63677
40.72237
40.67173
40.75148
40.71093
40.77512
40.74799
40.78174
40.7809
40.81986
40.81809
40.85399
40.85089
40.89191
40.89116
40.92709
40.92591
40.96591
40.95976
40.99855
40.99702
41.0307
41.03214
41.06914
41.07132
41.10704
41.08037
41.14741
41.11844
41.17655
41.14986
41.21264
41.18649
41.25183
41.22231
41.289
41.26012
41.32571
41.29666
41.36354
41.3333
41.39542
41.36934
41.43399
41.40146
41.47449
41.43932
41.51123
41.47708
41.54573
41.51311
41.58254
41.55003
41.61797
41.58749
41.65142
41.62248
41.68756
41.65253
41.72236
41.69163
41.7601
41.72795
41.79548
41.76217
41.83475
41.80187
41.84378
41.8404
41.88098
41.87488
41.91624
41.90855
41.95187
41.94436
41.98357
41.97999
42.01965
42.01344
42.05489
42.04894
42.08685
42.08454
42.12157
42.1072
42.15945
42.11522
42.19532
42.14741
42.23188
42.18365
42.2676
42.22218
42.30557
42.25543
42.33797
42.29024
42.37432
42.32852
42.41011
42.36498
42.44745
42.40513
42.47797
42.44145
42.48441
42.47865
42.51753
42.51281
42.5543
42.55164
42.56074
42.58694
42.59877
42.62283
42.62233
42.65926
42.65517
42.66693
42.68883
42.70257
42.72703
42.74049
42.76608
42.77781
42.8031
42.8153
42.83831
42.85007
42.87405
42.87788
42.90847
42.883
42.94406
42.88812
42.97959
42.9159
43.01334
42.95376
43.04778
42.99133
43.08329
43.0178
43.11202
43.05298
43.12
43.08933
43.15895
43.12529
43.19504
43.16431
43.23108
43.19868
43.26891
43.23661
43.30688
43.2724
43.34344
43.30927
43.37499
43.3423
43.4123
43.37922
43.44936
43.38816
43.48737
43.46435
43.52431
43.49878
43.55951
43.5379
43.59432
43.57346
43.63287
43.61205
43.67114
43.64938
43.70818
43.68567
43.74404
43.72197
43.75068
43.76011
43.78727
43.79843
43.82676
43.83693
43.86419
43.87029
43.90017
43.9069
43.93729
43.94497
43.97401
43.9822
44.01235
44.02047
44.04987
44.05625
44.08628
44.09305
44.12452
44.12969
44.15973
44.16848
44.19733
44.20278
44.23529
44.24041
44.26791
44.27424
44.30693
44.31224
44.33934
44.34858
44.37559
44.38536
44.41161
44.42072
44.44901
44.45932
44.48746
44.49604
44.51955
44.53101
44.54995
44.56625
44.58758
44.6052
44.62471
44.64119
44.66202
44.67905
44.73198
44.7154
44.76593
44.74961
44.80288
44.78578
44.83804
44.82235
44.87115
44.85881
44.91019
44.89395
44.94661
44.93065
44.98364
44.96768
45.01896
45.00145
45.05474
45.03912
45.08798
45.07505
45.12326
45.11087
45.16032
45.14741
45.19423
45.18343
45.23277
45.21921
45.26917
45.25561
45.30541
45.29085
45.34042
45.3264
45.37127
45.36106
45.40726
45.39751
45.44534
45.4341
45.48143
45.47195
45.51992
45.51013
45.55608
45.54794
45.59188
45.58559
45.62757
45.62515
45.66481
45.66295
45.70133
45.69886
45.7364
45.7342
45.77193
45.77178
45.80965
45.8097
45.84492
45.84619
45.8792
45.88124
45.91827
45.91901
45.95216
45.95301
45.98034
45.98815
46.01937
46.02324
46.05996
46.06386
46.09697
46.09741
46.13403
46.1352
46.1699
46.17106
46.20514
46.20649
46.2402
46.24276
46.27731
46.28026
46.31339
46.31624
46.34616
46.34764
46.38049
46.38451
46.41841
46.41988
46.45627
46.45559
46.48535
46.48955
46.52134
46.5272
46.55656
46.56182
46.59269
46.60007
46.62708
46.63303
46.66489
46.6695
46.69857
46.70559
46.73452
46.7384
46.77126
46.77706
46.80645
46.84946
46.83945
46.88788
46.87699
46.92224
46.91348
46.95782
46.94568
46.98969
46.9802
47.02742
47.01728
47.0633
47.05547
47.09985
47.09283
47.13749
47.12688
47.17405
47.16211
47.21036
47.198
47.24787
47.23663
47.28354
47.27171
47.32014
47.30519
47.35625
47.3432
47.39432
47.37975
47.42981
47.41703
47.46692
47.45598
47.50589
47.4932
47.54365
47.53046
47.58154
47.56843
47.61852
47.60285
47.64851
47.63705
47.68438
47.67332
47.72283
47.70967
47.76101
47.74666
47.79668
47.78096
47.83395
47.81567
47.86859
47.85066
47.90583
47.89738
47.93808
47.93335
47.97533
47.97008
48.00631
48.0065
48.04234
48.04127
48.07929
48.08002
48.11696
48.115
48.15502
48.14873
48.18703
48.18238
48.22121
48.21721
48.25704
48.25496
48.29457
48.28882
48.33001
48.32271
48.36165
48.35641
48.3944
48.38173
48.43336
48.42409
48.47072
48.43048
48.50459
48.46572
48.53569
48.49421
48.57002
48.52917
48.59901
48.5606
48.63348
48.59749
48.67115
48.62934
48.70573
48.66229
48.73959
48.69576
48.77174
48.73251
48.80828
48.76875
48.84331
48.80524
48.87687
48.84164
48.91334
48.87749
48.95081
48.91656
48.98611
48.95174
49.02402
48.98914
49.06104
49.02288
49.09361
49.05724
49.12723
49.09364
49.1642
49.12898
49.20113
49.16344
49.23343
49.19987
49.26725
49.23492
49.30417
49.26867
49.34153
49.30323
49.37582
49.33775
49.40366
49.37344
49.44236
49.4124
49.47839
49.45037
49.51402
49.48485
49.55128
49.51631
49.58511
49.55387
49.62106
49.59162
49.69517
49.62853
49.7322
49.66429
49.76594
49.69784
49.80417
49.73556
49.83904
49.77345
49.877
49.81223
49.91601
49.84983
49.95216
49.88747
49.98976
49.92503
50.02868
49.96231
50.0675
49.99944
50.104
50.03527
50.14109
50.07047
50.17804
50.10794
50.21554
50.14441
50.25363
50.18232
50.29345
50.22318
50.32929
50.25967
50.36781
50.29776
50.40327
50.33417
50.43832
50.37217
50.47633
50.40802
50.51251
50.44198
50.55041
50.47739
50.58534
50.51222
50.62177
50.54996
50.65963
50.58785
50.69534
50.62489
50.73256
50.66356
50.77167
50.69908
50.80929
50.73768
50.84581
50.77473
50.88374
50.81142
50.92049
50.84753
50.9543
50.88342
50.99107
50.91944
51.02877
50.95685
51.06476
50.99459
51.09964
51.03095
51.1367
51.06585
51.17416
51.1043
51.21082
51.14026
51.24866
51.17802
51.2864
51.2141
51.3227
51.25094
51.35974
51.28785
51.39557
51.32164
51.43145
51.36008
51.46662
51.3976
51.50391
51.43523
51.54461
51.47299
51.58069
51.48059
51.61746
51.5175
51.65559
51.55476
51.69426
51.5886
51.73166
51.62633
51.769
51.66294
51.80499
51.70048
51.84306
51.73894
51.88217
51.77728
51.92069
51.81635
51.95731
51.85543
51.99647
51.89399
52.03381
51.93132
52.07155
51.9673
52.10878
52.00346
52.14703
52.04145
52.18391
52.07437
52.22124
52.11301
52.25412
52.15058
52.29465
52.18948
52.32865
52.22615
52.36367
52.26158
52.39042
52.30177
52.42945
52.33643
52.45967
52.36974
52.4964
52.40715
52.52845
52.44319
52.603
52.48256
52.63591
52.5189
52.67228
52.55451
52.70424
52.59101
52.7403
52.62843
52.77935
52.6674
52.81597
52.70153
52.85365
52.73708
52.89283
52.77361
52.9268
52.8092
52.96606
52.84817
53.00347
52.88781
53.04312
52.92625
53.08158
52.96364
53.11774
53.00242
53.15846
53.04246
53.19473
53.07998
53.23386
53.11682
53.27295
53.15638
53.31247
53.19361
53.34915
53.23287
53.38678
53.27073
53.4248
53.30859
53.46025
53.34429
53.49612
53.38087
53.53292
53.41636
53.56631
53.45267
53.60278
53.4905
53.64193
53.52976
53.68027
53.5685
53.71805
53.60595
53.75721
53.64561
53.83324
53.68395
53.86953
53.72467
53.90699
53.76338
53.94453
53.79998
53.98197
53.83815
54.02017
53.87483
54.05875
53.91286
54.0917
53.94946
54.12866
53.98494
54.16285
54.02167
54.2019
54.05941
54.23924
54.09525
54.27385
54.13302
54.3119
54.16801
54.34412
54.20621
54.38464
54.2433
54.42241
54.27688
54.4573
54.31374
54.49234
54.35129
54.52521
54.38871
54.5657
54.42322
54.60376
54.46215
54.63927
54.49994
54.67837
54.53745
54.71664
54.57566
54.75571
54.61483
54.79479
54.65391
54.83156
54.68908
54.86692
54.728
54.90446
54.75992
54.94311
54.79752
54.97642
54.83526
55.01213
54.87239
55.05074
54.90973
55.08577
54.94608
55.12358
54.98391
55.16006
55.01984
55.19777
55.05815
55.23757
55.0964
55.27497
55.13453
55.31204
55.16788
55.34967
55.20375
55.38252
55.24442
55.41954
55.2766
55.45141
55.31435
55.48773
55.35239
55.55969
55.3867
55.56856
55.42191
55.60443
55.45977
55.64088
55.49492
55.67483
55.52733
55.71256
55.56677
55.74867
55.60169
55.78594
55.63988
55.82153
55.67634
55.85908
55.71323
55.89736
55.75067
55.93545
55.78477
55.97161
55.82115
56.00632
55.85969
56.04437
55.89844
56.08203
55.9345
56.12074
55.96987
56.15685
56.00881
56.19251
56.04645
56.23162
56.08347
56.27075
56.12146
56.30608
56.15514
56.34428
56.19037
56.38124
56.22841
56.41867
56.26735
56.45514
56.30432
56.49093
56.34349
56.52996
56.3825
56.56949
56.41907
56.60755
56.45568
56.6471
56.49355
56.68292
56.52559
56.71948
56.56466
56.75843
56.60161
56.79914
56.63662
56.83734
56.67335
56.87167
56.71255
56.90633
56.74776
56.94495
56.78702
56.98568
56.82516
57.02289
56.86188
57.05827
56.89973
57.09499
56.93816
57.13449
56.97791
57.17349
57.01311
57.21335
57.05229
57.25129
57.08863
57.28639
57.12729
57.32633
57.16456
57.36497
57.20135
57.40327
57.23716
57.43986
57.27502
57.4791
57.31337
57.51697
57.34785
57.55491
57.38388
57.59091
57.42092
57.62933
57.45977
57.66446
57.4971
57.70215
57.53453
57.74016
57.57138
57.77922
57.6093
57.81675
57.64565
57.85426
57.68487
57.89104
57.71905
57.9277
57.75777
57.96399
57.79315
58.00308
57.83107
58.03733
57.86982
58.07644
57.90932
58.11526
57.94614
58.15355
57.98143
58.1902
58.01905
58.22852
58.05776
58.26514
58.09686
58.30437
58.13405
58.34126
58.17034
58.37965
58.20845
58.41518
58.246
58.45267
58.2842
58.49187
58.3229
58.53058
58.36041
58.5665
58.39741
58.6052
58.43395
58.64278
58.47205
58.68135
58.51009
58.71737
58.54774
58.75651
58.58529
58.79054
58.62285
58.82829
58.66066
58.86604
58.69838
58.90377
58.73695
58.9406
58.77375
58.97429
58.81192
59.0133
58.84886
59.05283
58.8895
59.08996
58.92529
59.12244
58.96182
59.15952
59.00054
59.19551
59.0365
59.23338
59.07431
59.26979
59.11272
59.31025
59.15117
59.34619
59.18798
59.38677
59.22437
59.42493
59.26321
59.46163
59.3009
59.50077
59.33879
59.53989
59.37714
59.577
59.41504
59.61123
59.45365
59.6493
59.49218
59.6874
59.52919
59.72454
59.56778
59.7626
59.60612
59.80082
59.64577
59.8375
59.68519
59.87828
59.72488
59.91655
59.76236
59.95337
59.80208
59.99434
59.83978
60.03341
59.87917
60.07174
59.91705
60.11049
59.95576
60.14968
59.99225
60.18659
60.03021
60.22387
60.06948
60.26313
60.1087
60.3018
60.14663
60.33863
60.18601
60.3797
60.22472
60.41795
60.26341
60.45658
60.30303
60.49782
60.34227
60.53592
60.38271
60.57553
60.42213
60.61503
60.46092
60.65142
60.50021
60.68964
60.53878
60.72714
60.57847
60.76451
60.61344
60.80276
60.65196
60.83787
60.68976
60.87741
60.72751
60.91557
60.76414
60.95247
60.80067
60.99251
60.83767
61.03161
60.87665
61.06857
60.91463
61.10643
60.95299
61.14724
60.99123
61.18544
61.02978
61.22202
61.0672
61.25953
61.10309
61.29837
61.13902
61.33341
61.17767
61.37211
61.21507
61.4103
61.25421
61.44637
61.29186
61.48726
61.33118
61.52639
61.36859
61.56414
61.40768
61.60128
61.44468
61.63793
61.48101
61.67556
61.51876
61.71233
61.55632
61.74913
61.63032
61.78639
61.66751
61.82694
61.7058
61.86521
61.74489
61.90463
61.7827
61.943
61.82177
61.97941
61.85643
62.01727
61.89555
62.05651
61.93312
62.09542
61.97233
62.13453
62.01114
62.17309
62.05036
62.21314
62.08963
62.25083
62.12824
62.29006
62.16647
62.32882
62.2039
62.36608
62.24013
62.40172
62.27679
62.44072
62.31339
62.48054
62.33906
62.50327
62.37474
62.53648
62.40493
62.56951
62.44147
62.59343
62.476
62.62223
62.51273
62.66113
62.54676
62.69724
62.58514
62.73253
62.62104
62.76842
62.65799
62.80837
62.6953
62.84457
62.77349
62.88398
62.81078
62.92254
62.84891
62.95834
62.8869
62.99656
62.92303
63.0358
62.9597
63.07641
62.99717
63.11028
63.0348
63.15097
63.07477
63.18846
63.11309
63.22799
63.15081
63.26407
63.18961
63.30407
63.2277
63.34328
63.26694
63.38152
63.30747
63.4204
63.34385
63.45911
63.38329
63.49732
63.42267
63.53675
63.46365
63.57734
63.50219
63.61571
63.54002
63.65391
63.57669
63.69217
63.61557
63.73062
63.65609
63.76948
63.69537
63.80974
63.73433
63.84815
63.77358
63.88774
63.81256
63.92655
63.85095
63.96429
63.89008
64.00197
63.92819
64.04076
63.96586
64.07858
64.00505
64.11775
64.04286
64.15555
64.08099
64.19477
64.12019
64.23362
64.15931
64.27151
64.19488
64.30859
64.23122
64.34555
64.26846
64.38079
64.34104
64.41982
64.37911
64.45428
64.41654
64.49309
64.45396
64.52982
64.49333
64.5706
64.53118
64.60913
64.56746
64.64708
64.6055
64.68344
64.64342
64.71973
64.68042
64.75684
64.72054
64.79578
64.75976
64.83512
64.79884
64.87342
64.83812
64.9141
64.87498
64.95315
64.91296
64.9918
64.94911
65.02971
64.9901
65.06947
65.02841
65.10871
65.06624
65.14823
65.10547
65.18596
65.14623
65.22501
65.18398
65.26346
65.22243
65.30303
65.2614
65.341
65.29942
65.38027
65.33862
65.41764
65.37656
65.45587
65.41103
65.49316
65.45006
65.53139
65.48818
65.5707
65.52689
65.60915
65.56542
65.64709
65.60329
65.68487
65.64404
65.72548
65.68312
65.76266
65.72179
65.80254
65.75814
65.83569
65.79338
65.86814
65.82986
65.90475
65.86887
65.94364
65.90627
65.98245
65.94536
66.02118
65.9827
66.05907
66.02076
66.09723
66.05888
66.13498
66.09715
66.17403
66.13595
66.21078
66.17155
66.24729
66.20854
66.285
66.24699
66.32306
66.28499
66.3616
66.32285
66.40005
66.36204
66.43723
66.39983
66.47324
66.43613
66.51244
66.47491
66.55126
66.51257
66.58916
66.55208
66.62726
66.59115
66.66648
66.63033
66.70464
66.66905
66.74398
66.7071
66.77882
66.74443
66.81809
66.78174
66.85737
66.82042
66.8952
66.85833
66.93308
66.89928
66.97321
66.93861
67.01194
66.97849
67.05186
67.01572
67.09105
67.08963
67.12912
67.13058
67.1665
67.16647
67.20509
67.20593
67.24584
67.24517
67.2841
67.28439
67.32146
67.32473
67.36026
67.36361
67.40081
67.40202
67.43987
67.44028
67.47872
67.47897
67.51541
67.51489
67.55457
67.55391
67.59288
67.59307
67.63262
67.633
67.67059
67.67094
67.71028
67.71063
67.74923
67.74869
67.78708
67.78716
67.82655
67.82364
67.86318
67.86147
67.89946
67.89951
67.93854
67.93802
67.97917
67.97881
68.0181
68.01581
68.05788
68.05667
68.09711
68.09486
68.13573
68.1341
68.17499
68.17337
68.2133
68.21038
68.25129
68.24783
68.28963
68.28713
68.33022
68.32796
68.36948
68.36469
68.40752
68.40383
68.44502
68.44268
68.48415
68.48038
68.52202
68.51971
68.56155
68.55641
68.59792
68.59402
68.63795
68.63504
68.67532
68.67414
68.71618
68.71319
68.75532
68.75031
68.7935
68.78912
68.83273
68.82431
68.87058
68.86316
68.90336
68.90183
68.9409
68.9384
68.98101
68.97922
69.01868
69.01595
69.05708
69.05437
69.09539
69.09228
69.13583
69.13017
69.17245
69.167
69.21229
69.2053
69.24987
69.244
69.28473
69.28178
69.32018
69.31989
69.35957
69.35928
69.40056
69.39909
69.44003
69.43846
69.48104
69.47946
69.51951
69.5175
69.55745
69.55726
69.59686
69.63634
69.63801
69.67432
69.67563
69.71493
69.71702
69.75455
69.75618
69.7959
69.7965
69.83544
69.8363
69.87489
69.87608
69.91597
69.91555
69.95551
69.95493
69.99508
69.99384
70.03426
70.03306
70.07363
70.07246
70.11215
70.11139
70.15311
70.15039
70.19241
70.18954
70.23164
70.22878
70.27093
70.26799
70.31014
70.30745
70.34939
70.34666
70.38711
70.38574
70.42581
70.42409
70.46512
70.46277
70.50307
70.49986
70.54144
70.53905
70.57976
70.57856
70.61774
70.61668
70.65558
70.65607
70.69455
70.69517
70.7343
70.73431
70.76873
70.77068
70.80916
70.8086
70.84597
70.8459
70.88426
70.88313
70.92216
70.92123
70.96305
70.96154
71.00042
71.00011
71.03857
71.03822
71.07701
71.07753
71.11535
71.11562
71.15295
71.15488
71.19012
71.19138
71.22811
71.22991
71.26659
71.26819
71.30603
71.30824
71.3344
71.34453
71.3698
71.38149
71.40752
71.42053
71.44277
71.45901
71.4772
71.49597
71.51525
71.53221
71.5522
71.56947
71.59113
71.60685
71.62973
71.64378
71.66761
71.68262
71.74603
71.72156
71.78352
71.75957
71.82004
71.79789
71.85863
71.8354
71.89576
71.8743
71.93455
71.91235
71.97229
71.95152
72.01157
71.99172
72.05099
72.02981
72.0904
72.07068
72.12925
72.11005
72.16527
72.15123
72.20489
72.18924
72.24598
72.22917
72.28542
72.26721
72.32418
72.30803
72.36354
72.34737
72.40457
72.38714
72.44326
72.4265
72.48244
72.46567
72.52102
72.50499
72.55846
72.54167
72.59742
72.58094
72.63582
72.61907
72.67446
72.6566
72.71552
72.69569
72.75508
72.73507
72.79363
72.77382
72.83177
72.81116
72.87034
72.84928
72.90784
72.88853
72.94697
72.92741
72.98596
72.96641
73.02223
73.00407
73.06033
73.04192
73.09827
73.0799
73.13909
73.11906
73.17638
73.15572
73.21289
73.19214
73.25204
73.23215
73.29034
73.27071
73.3293
73.30653
73.36742
73.34529
73.40373
73.38597
73.44312
73.42444
73.48379
73.46547
73.52232
73.50297
73.56134
73.54214
73.60027
73.58049
73.63812
73.61983
73.67736
73.65978
73.71657
73.69701
73.75338
73.73597
73.79272
73.77338
73.83183
73.81223
73.87117
73.85001
73.91096
73.88922
73.94801
73.92496
73.98714
73.96272
74.02593
74.00089
74.06683
74.03904
74.10226
74.07693
74.14083
74.1152
74.17847
74.15227
74.21712
74.1916
74.25626
74.23035
74.29488
74.26882
74.33202
74.30646
74.37092
74.34451
74.40939
74.38333
74.44735
74.42057
74.48431
74.45946
74.52254
74.49868
74.56175
74.53687
74.60107
74.57745
74.64104
74.61575
74.68001
74.65427
74.71949
74.69334
74.75783
74.7323
74.79774
74.7692
74.8342
74.80913
74.87339
74.84826
74.91352
74.88664
74.95253
74.92567
74.98823
74.96597
75.02724
75.00509
75.06581
75.04435
75.1017
75.07924
75.14086
75.11652
75.18011
75.1544
75.21761
75.19256
75.25533
75.23077
75.29505
75.2701
75.33324
75.30947
75.37042
75.34789
75.40734
75.38738
75.44533
75.42537
75.48411
75.46182
75.52202
75.49931
75.56199
75.53835
75.60069
75.57759
75.63992
75.61666
75.67867
75.6571
75.71677
75.69451
75.75225
75.73485
75.79013
75.77183
75.82822
75.80946
75.86698
75.8453
75.90295
75.88287
75.94185
75.92121
75.98113
75.96011
76.02026
75.99925
76.05877
76.03851
76.09449
76.07275
76.12933
76.11159
76.16834
76.14792
76.20644
76.18724
76.24538
76.22514
76.28371
76.26272
76.32198
76.30283
76.36097
76.34189
76.39933
76.38016
76.4386
76.41822
76.47787
76.45723
76.51623
76.4964
76.55547
76.53568
76.59357
76.57125
76.63171
76.61053
76.67102
76.64978
76.71032
76.68763
76.74606
76.72363
76.78516
76.76286
76.82427
76.80151
76.8613
76.83933
76.89871
76.87648
76.93455
76.91467
76.97266
76.95222
77.01037
76.99048
77.04958
77.02967
77.08875
77.06715
77.12589
77.10411
77.16525
77.14279
77.20432
77.18204
77.24146
77.22169
77.27943
77.26088
77.31856
77.30007
77.35647
77.33804
77.39315
77.3751
77.43237
77.41366
77.47092
77.45092
77.5097
77.49019
77.54847
77.52938
77.58665
77.56873
77.62582
77.60781
77.66499
77.64853
77.703
77.68552
77.74252
77.72462
77.78167
77.76389
77.82001
77.8023
77.85788
77.84164
77.899
77.88103
77.93832
77.92032
77.97753
77.95862
78.01568
77.99662
78.05388
78.03474
78.0922
78.07338
78.13098
78.11276
78.16846
78.15056
78.2081
78.19005
78.24767
78.23129
78.28719
78.27036
78.32832
78.31161
78.36783
78.3508
78.40753
78.39046
78.44583
78.42987
78.4868
78.47014
78.52473
78.50859
78.56303
78.54804
78.602
78.58742
78.64109
78.62843
78.68063
78.66788
78.72182
78.70731
78.75923
78.74574
78.79911
78.78413
78.83881
78.82366
78.87909
78.86128
78.91872
78.90254
78.9582
78.94196
78.99739
78.98225
79.0368
79.02171
79.07618
79.0601
79.11547
79.09941
79.15358
79.1386
79.19192
79.17603
79.22865
79.21452
79.26812
79.25308
79.30726
79.29055
79.34534
79.32728
79.38412
79.36652
79.42348
79.40672
79.46442
79.44604
79.50215
79.4843
79.54063
79.52246
79.57766
79.56053
79.61639
79.59976
79.65572
79.63828
79.69495
79.67743
79.73405
79.71625
79.7734
79.75563
79.81271
79.7952
79.85137
79.83428
79.88867
79.87123
79.92735
79.90997
79.96701
79.94935
80.00646
79.98748
80.04619
80.02674
80.08573
80.06812
80.12547
80.10786
80.16451
80.1491
80.20425
80.1881
80.24487
80.2271
80.28463
80.26698
80.32581
80.3084
80.36568
80.34814
80.40697
80.38967
80.44617
80.42893
80.48749
80.47038
80.5271
80.51012
80.56744
80.55135
80.60655
80.59047
80.64603
80.63032
80.68549
80.66986
80.72503
80.70894
80.76433
80.74839
80.80315
80.78797
80.84281
80.82922
80.88251
80.86891
80.92201
80.90838
80.96048
80.94727
81.00012
80.98577
81.03893
81.02479
81.07742
81.06424
81.11678
81.10367
81.15598
81.14291
81.19462
81.18173
81.2339
81.22255
81.27319
81.26038
81.30844
81.29704
81.34585
81.33398
81.38405
81.37071
81.422
81.40955
81.46195
81.44886
81.4997
81.4882
81.53905
81.52572
81.57732
81.56519
81.61672
81.6046
81.65566
81.64101
81.69022
81.68008
81.73032
81.71516
81.76812
81.7544
81.80882
81.79344
81.84492
81.83273
81.88586
81.87158
81.92489
81.91101
81.96599
81.95029
82.00547
81.98882
82.04289
82.02776
82.08253
82.06772
82.1205
82.10545
82.1601
82.14653
82.19955
82.18667
82.2411
82.22801
82.28082
82.26789
82.3222
82.30787
82.3611
82.34661
82.39894
82.38694
82.43831
82.42625
82.47923
82.46545
82.5178
82.5047
82.55708
82.54563
82.59623
82.58477
82.63547
82.62293
82.67467
82.6612
82.71572
82.70023
82.75234
82.73717
82.7902
82.77573
82.82952
82.81419
82.8672
82.85367
82.90671
82.89421
82.94543
82.93371
82.98562
82.97318
83.02506
83.01181
83.06455
83.05238
83.10346
83.09038
83.13934
83.12997
83.17876
83.16932
83.21812
83.20821
83.25684
83.24769
83.29636
83.28587
83.33405
83.32526
83.41258
83.36465
83.45211
83.40406
83.48991
83.4426
83.52945
83.48312
83.56847
83.52128
83.60792
83.56063
83.64589
83.59882
83.68358
83.63758
83.72331
83.67548
83.76273
83.71396
83.80299
83.75332
83.84015
83.78971
83.88088
83.82804
83.91614
83.86709
83.95469
83.90424
83.99284
83.94257
84.03122
83.97946
84.07228
84.01805
84.11161
84.05907
84.15114
84.09809
84.18809
84.13698
84.22844
84.17556
84.26584
84.21446
84.30492
84.25299
84.34351
84.29314
84.38335
84.33261
84.41994
84.36918
84.4585
84.40783
84.49752
84.44731
84.53587
84.48682
84.57697
84.5256
84.61594
84.56612
84.6553
84.60545
84.69246
84.6432
84.73045
84.68246
84.76979
84.72078
84.80931
84.76015
84.84751
84.79966
84.88663
84.83824
84.92616
84.87768
84.96457
84.91621
85.0041
84.95571
85.04362
84.99551
85.08262
85.03503
85.12218
85.07449
85.16234
85.11372
85.20177
85.15487
85.23966
85.19439
85.27925
85.2316
85.31898
85.27018
85.35692
85.30961
85.39638
85.34875
85.43568
85.38835
85.47531
85.4276
85.51495
85.46718
85.55595
85.50705
85.59572
85.54673
85.63647
85.58645
85.67621
85.62422
85.7159
85.66393
85.75552
85.70228
85.79515
85.74355
85.83483
85.78323
85.87446
85.82422
85.91516
85.86342
85.95483
85.90461
85.99503
85.94398
86.0345
85.98296
86.07315
86.0211
86.11261
86.06136
86.15328
86.10082
86.19202
86.14172
86.2318
86.18071
86.26893
86.22089
86.3077
86.25815
86.34735
86.29758
86.38635
86.33545
86.42592
86.37476
86.46428
86.41352
86.50283
86.45258
86.54237
86.49371
86.58213
86.53343
86.6216
86.57323
86.6616
86.61298
86.70138
86.65434
86.7421
86.69339
86.78158
86.73286
86.82104
86.77113
86.85896
86.81007
86.90012
86.84962
86.93971
86.89082
86.98074
86.93044
87.01945
86.96947
87.0605
87.00916
87.09886
87.04877
87.1386
87.08731
87.17701
87.1259
87.21814
87.16544
87.25784
87.20496
87.29653
87.24417
87.33559
87.2837
87.37414
87.32112
87.41353
87.36062
87.45308
87.39998
87.49268
87.43932
87.5319
87.47636
87.57189
87.51583
87.61032
87.55447
87.65057
87.5936
87.68822
87.63007
87.72653
87.6696
87.76626
87.71015
87.80672
87.74986
87.84661
87.78957
87.88676
87.82819
87.92632
87.86779
87.96577
87.90759
88.00452
87.94616
88.04228
87.9838
88.08073
88.02331
88.12029
88.06292
88.16154
88.10257
88.20115
88.14388
88.23949
88.18124
88.2777
88.22072
88.31721
88.2589
88.35684
88.29813
88.39438
88.33517
88.4318
88.37453
88.47121
88.41279
88.5108
88.45241
88.55211
88.49197
88.5875
88.52949
88.62522
88.56783
88.66444
88.60562
88.70372
88.64484
88.74361
88.68318
88.78236
88.72223
88.82166
88.76147
88.86101
88.80232
88.90123
88.84054
88.93839
88.87892
88.97751
88.91711
89.01669
88.95609
89.05654
88.99611
89.09556
89.03404
89.13644
89.07248
89.1739
89.11031
89.21369
89.14976
89.25251
89.18745
89.29108
89.22478
89.33004
89.26389
89.3677
89.30464
89.40689
89.34184
89.44622
89.38221
89.48555
89.42014
89.5248
89.45799
89.56315
89.49626
89.60229
89.53445
89.64098
89.5753
89.67998
89.61478
89.71815
89.65357
89.75632
89.69083
89.79552
89.72901
89.83516
89.76844
89.87475
89.80611
89.9137
89.84547
89.95345
89.88422
89.99413
89.92404
90.03405
89.96564
90.07357
90.00543
90.11337
90.04558
90.15412
90.08554
90.19408
90.12485
90.23546
90.16501
90.27472
90.20429
90.31613
90.24505
90.35549
90.28505
90.39711
90.32644
90.43542
90.36617
90.47681
90.406
90.51613
90.44581
90.55766
90.48714
90.59734
90.52654
90.63865
90.56704
90.67845
90.60675
90.71996
90.64765
90.75967
90.68718
90.79984
90.72852
90.83956
90.76819
90.88097
90.80955
90.92017
90.84799
90.95959
90.88851
90.99937
90.92545
91.03854
90.9663
91.07982
91.00625
91.11974
91.04632
91.16034
91.0863
91.20014
91.12618
91.24136
91.16596
91.28118
91.20525
91.32008
91.24546
91.35997
91.28387
91.40112
91.32519
91.44113
91.36525
91.48198
91.40639
91.52187
91.44644
91.56348
91.48804
91.60323
91.52797
91.64468
91.56834
91.68385
91.60818
91.72526
91.64912
91.76511
91.68896
91.80498
91.7288
91.8447
91.76862
91.88428
91.81012
91.92401
91.84995
91.96384
91.88976
92.00362
91.92941
92.04291
91.96896
92.08259
92.00864
92.12241
92.08759
92.16171
92.12733
92.20142
92.16688
92.24113
92.20661
92.28077
92.24631
92.32047
92.28498
92.36014
92.32458
92.39939
92.36284
92.43917
92.40236
92.47915
92.44157
92.51898
92.48148
92.55886
92.52129
92.59859
92.5611
92.63903
92.60083
92.67878
92.64044
92.71848
92.6801
92.75804
92.7187
92.79823
92.75826
92.83771
92.79785
92.87886
92.83733
92.91827
92.87804
92.95776
92.91606
92.99876
92.95539
93.03635
92.9944
93.0755
93.03275
93.11481
93.0734
93.15572
93.11149
93.19395
93.15235
93.23483
93.19073
93.27413
93.23118
93.315
93.27032
93.35402
93.31065
93.39372
93.34984
93.43122
93.39071
93.47003
93.42718
93.50944
93.46816
93.54771
93.50758
93.58711
93.54698
93.62794
93.58643
93.6674
93.62556
93.70599
93.66413
93.74714
93.70341
93.78603
93.74311
93.82564
93.78281
93.86532
93.82401
93.90512
93.86332
93.94478
93.90293
93.98437
93.9412
94.02387
93.98076
94.06248
94.01981
94.10228
94.05956
94.14188
94.09911
94.18171
94.13901
94.22124
94.17876
94.2611
94.21906
94.30199
94.25902
94.34189
94.30056
94.38322
94.34033
94.4231
94.38158
94.46466
94.42142
94.50455
94.46164
94.54565
94.50139
94.58462
94.54121
94.62445
94.58181
94.66511
94.62164
94.70501
94.66234
94.74636
94.70226
94.78625
94.74384
94.82807
94.78397
94.86815
94.82578
94.9092
94.86573
94.94924
94.90737
94.99082
94.94737
95.03085
94.98889
95.0721
95.02864
95.11183
95.06992
95.1531
95.10956
95.19266
95.14888
95.23187
95.18848
95.26916
95.22678
95.31032
95.26634
95.34964
95.30759
95.38989
95.34704
95.42942
95.38815
95.4706
95.42774
95.51031
95.469
95.5516
95.5089
95.59146
95.54901
95.63083
95.58798
95.67054
95.62773
95.70968
95.66751
95.74946
95.70718
95.7892
95.74812
95.82887
95.78782
95.86861
95.82749
95.90848
95.86714
95.9464
95.9063
95.98612
95.94588
96.02579
95.9855
96.06505
96.02489
96.10475
96.06465
96.14452
96.10429
96.18428
96.1438
96.22399
96.18333
96.26353
96.22287
96.30271
96.26224
96.34205
96.30302
96.38152
96.34259
96.42123
96.38215
96.46082
96.41426
96.50079
96.44652
96.52814
96.46785
96.55574
96.49521
96.57321
96.53022
96.58069
96.55183
96.58699
96.56189
96.59363
96.57201
96.60371
96.58716
96.61136
96.59634
96.62403
96.60397
96.63035
96.61404
96.63685
96.6242
96.64339
96.63163
96.66473
96.63799
96.67171
96.64555
96.6787
96.65833
96.68605
96.6663
96.69279
96.6741
96.69961
96.68067
96.70992
96.68692
96.71647
96.69344
96.72292
96.7014
96.73067
96.70803
96.74836
96.71448
96.75481
96.7271
96.76117
96.73463
96.7738
96.74222
96.78017
96.76493
96.78651
96.77122
96.79915
96.77751
96.80677
96.80025
96.81441
96.81028
96.82207
96.82786
96.82838
96.83421
96.85235
96.84048
96.85867
96.86357
96.86497
96.86983
96.87758
96.87605
96.88385
96.89117
96.9103
96.89739
96.93178
96.90371
96.93803
96.91628
96.94423
96.9225
96.95681
96.9431
96.96305
96.94933
96.96931
96.95552
96.99438
96.98821
97.00063
96.99568
97.00686
97.0208
97.02235
97.02701
97.02857
97.03318
97.03481
97.05831
97.07266
97.06454
97.0789
97.07076
97.08515
97.09342
97.10025
97.09968
97.10645
97.10587
97.11267
97.13619
97.15057
97.14239
97.15678
97.14864
97.16301
97.18607
97.1983
97.20655
97.20451
97.21279
97.21073
97.21903
97.23851
97.25424
97.24474
97.26044
97.25095
97.26669
97.27357
97.28678
97.28148
97.29301
97.31416
97.33331
97.32168
97.35844
97.35189
97.36459
97.35807
97.37072
97.3642
97.39834
97.3817
97.40446
97.41003
97.41059
97.41614
97.43063
97.43973
97.43674
97.46336
97.44289
97.46947
97.46288
97.49684
97.46899
97.50421
97.47514
97.52677
97.49522
97.53416
97.50135
97.54408
97.50754
97.58427
97.51995
97.59423
97.52733
97.61726
97.56758
97.62354
97.59543
97.65398
97.60188
97.66193
97.60836
97.67759
97.61891
97.68469
97.62579
97.69292
97.63279
97.69997
97.64088
97.70698
97.64769
97.71384
97.65444
97.722
97.66128
97.7289
97.66817
97.7357
97.67497
97.74348
97.68325
97.75014
97.68983
97.75663
97.70862
97.77078
97.71429
97.7778
97.75366
97.8179
97.7946
97.85726
97.83334
97.8979
97.87263
97.92705
97.91185
97.93739
97.94347
97.96891
97.94868
97.97407
97.9539
97.97924
97.98039
97.99815
97.98559
98.00709
97.99079
98.02529
98.01476
98.03044
98.02286
98.04447
98.03679
98.04961
98.04198
98.06102
98.06101
98.06616
98.06619
98.0713
98.07138
98.08769
98.08528
98.09283
98.09583
98.10671
98.10101
98.11309
98.10619
98.12196
98.11994
98.12836
98.12633
98.13472
98.14025
98.14356
98.14543
98.15994
98.15061
98.16629
98.16455
98.17519
98.17091
98.18667
98.18398
98.19303
98.18915
98.20829
98.21312
98.21853
98.21951
98.23888
98.24015
98.2693
98.24651
98.28075
98.26291
98.28708
98.26807
98.29843
98.27323
98.30476
98.29613
98.32617
98.30128
98.33128
98.30643
98.33639
98.32533
98.35364
98.33046
98.36001
98.33559
98.37513
98.34605
98.38022
98.35117
98.38531
98.35629
98.3904
98.36768
98.4015
98.3728
98.40659
98.37789
98.41167
98.40091
98.42094
98.40725
98.44947
98.4283
98.45457
98.43339
98.45966
98.43849
98.47619
98.46362
98.48885
98.46873
98.49906
98.47385
98.50418
98.47896
98.5223
98.49032
98.52742
98.49544
98.53253
98.50055
98.54277
98.51191
98.55423
98.52493
98.5657
98.53005
98.57082
98.53517
98.58228
98.54153
98.58741
98.54666
98.59544
98.5518
98.60057
98.55693
98.6057
98.56576
98.61082
98.57089
98.61595
98.58474
98.62231
98.58988
98.62743
98.59502
98.63256
98.60138
98.63769
98.61028
98.64281
98.61665
98.64794
98.62179
98.65306
98.62694
98.65942
98.63209
98.66455
98.63844
98.66967
98.6448
98.67764
98.65116
98.68277
98.66003
98.6879
98.66889
98.70579
98.68442
98.71091
98.68956
98.71603
98.6947
98.73667
98.70861
98.74178
98.71498
98.7469
98.73579
98.76202
98.74093
98.76713
98.74606
98.77225
98.77022
98.78651
98.77535
98.79164
98.78049
98.80429
98.79506
98.8094
98.80145
98.81452
98.81707
98.8324
98.82221
98.83751
98.82856
98.84911
98.83369
98.85423
98.83883
98.85934
98.84396
98.86818
98.85403
98.87331
98.8604
98.87843
98.86926
98.88353
98.8744
98.88864
98.88882
98.89499
98.89397
98.90132
98.89909
98.90767
98.90422
98.91653
98.90935
98.92165
98.91821
98.92677
98.92336
98.9319
98.92851
98.93703
98.93994
98.94216
98.94509
98.95362
98.9527
98.95875
98.95786
98.96387
98.96302
98.96899
98.96938
98.98051
98.97453
98.98564
98.97968
98.99712
98.98485
99.00225
99.00131
99.01279
99.01019
99.01915
99.02577
99.02428
99.03217
99.02943
99.04997
99.03579
99.05888
99.05163
99.07368
99.05676
99.08006
99.06564
99.08644
99.07452
99.09961
99.08509
99.10603
99.09024
99.11495
99.09539
99.12386
99.11182
99.13284
99.11694
99.13803
99.12209
99.14324
99.12846
99.15284
99.13483
99.15804
99.14123
99.16322
99.15261
99.17213
99.15776
99.17734
99.16291
99.18255
99.17332
99.18894
99.17847
99.19415
99.1836
99.19935
99.19998
99.20454
99.20515
99.21096
99.2103
99.21616
99.22424
99.22134
99.22939
99.22777
99.23454
99.23418
99.24348
99.24311
99.24988
99.24831
99.27297
99.25351
99.27935
99.26016
99.2845
99.26536
99.28966
99.27055
99.29604
99.27698
99.30758
99.28593
99.31275
99.29113
99.3179
99.29634
99.32546
99.31174
99.33063
99.31694
99.33578
99.32214
99.34376
99.32737
99.34891
99.34386
99.35406
99.35695
99.35921
99.36338
99.36436
99.36983
99.37835
99.37505
99.38712
99.38028
99.40155
99.3867
99.41433
99.40322
99.42322
99.41788
99.45704
99.42564
99.46219
99.44363
99.4786
99.45007
99.48496
99.47311
99.49131
99.47829
99.50522
99.48347
99.51037
99.49488
99.51553
99.50008
99.52692
99.50528
99.53209
99.52872
99.53725
99.53392
99.55527
99.53912
99.56166
99.55106
99.57056
99.55629
99.5782
99.5615
99.58709
99.57448
99.59371
99.57968
99.60008
99.58488
99.60644
99.59545
99.61282
99.60066
99.61921
99.60588
99.62559
99.62
99.63199
99.62524
99.64478
99.63046
99.65514
99.64272
99.66405
99.64795
99.66922
99.65317
99.6744
99.65958
99.67958
99.6685
99.68594
99.67492
99.69236
99.68385
99.7013
99.69031
99.70773
99.6955
99.71661
99.70073
99.72551
99.70713
99.7344
99.7123
99.73957
99.71751
99.74474
99.72581
99.75867
99.73102
99.7667
99.7362
99.77308
99.75461
99.78201
99.76794
99.78841
99.77436
99.7948
99.79246
99.80121
99.80145
99.80759
99.80667
99.8165
99.8119
99.82415
99.82216
99.83308
99.8274
99.842
99.83263
99.8567
99.84285
99.86192
99.84811
99.86836
99.85336
99.87477
99.8719
99.87997
99.87981
99.89159
99.88507
99.90054
99.89033
99.90694
99.89556
99.91336
99.90082
99.91978
99.90608
99.92496
99.91134
99.93017
99.92561
99.93538
99.93087
99.94454
99.93613
99.95094
99.94761
99.96528
99.95554
99.97047
99.96204
99.97567
99.97102
99.98589
99.98
99.99232
99.98893
100.0012
100.0049
100.0076
100.0129
100.0241
100.0219
100.0293
100.0333
100.0344
100.0386
100.0438
100.0438
100.0527
100.0553
100.0667
100.0605
100.0719
100.0658
100.0771
100.0822
100.091
100.0875
100.0975
100.0928
100.1039
100.1017
100.1129
100.107
100.1181
100.1201
100.1233
100.1255
100.1322
100.1308
100.1374
100.1397
100.1426
100.145
100.1479
100.1503
100.1618
100.1593
100.1722
100.1659
100.2212
100.1749
100.2367
100.1802
100.2432
100.1855
100.2496
100.1908
100.2561
100.1999
100.2613
100.2089
100.2666
100.2154
100.2718
100.2208
100.2783
100.2261
100.2836
100.2478
100.2889
100.2531
100.2941
100.2585
100.3006
100.2749
100.3059
100.2803
100.3111
100.2868
100.3201
100.3034
100.3266
100.3099
100.3356
100.3164
100.347
100.3253
100.3534
100.3343
100.3623
100.3395
100.3686
100.3447
100.3738
100.3635
100.3789
100.3724
100.3894
100.3775
100.3957
100.3826
100.4084
100.4024
100.426
100.4075
100.4507
100.4126
100.4595
100.4239
100.4658
100.4306
100.4722
100.4358
100.4784
100.4408
100.4873
100.4497
100.4936
100.4622
100.4987
100.4673
100.5038
100.4725
100.5089
100.4776
100.5141
100.4914
100.5243
100.4965
100.5306
100.5016
100.537
100.5105
100.5421
100.5184
100.5473
100.5248
100.5524
100.53
100.5654
100.5351
100.5706
100.5481
100.5757
100.5545
100.5846
100.5609
100.5898
100.5698
100.595
100.5787
100.6064
100.5852
100.6116
100.6016
100.618
100.6068
100.6269
100.6233
100.6484
100.6297
100.6549
100.6512
100.6638
100.6703
100.6728
100.6782
100.6917
100.6995
100.6982
100.706
100.7072
100.7225
100.7212
100.7278
100.7264
100.7331
100.7316
100.7522
100.7483
100.7587
100.7535
100.7652
100.7676
100.7742
100.7728
100.7807
100.778
100.7972
100.7961
100.8025
100.8013
100.8077
100.8091
100.813
100.8181
100.8183
100.8265
100.8272
100.833
100.8337
100.8444
100.839
100.8496
100.8442
100.8549
100.8557
100.8636
100.8622
100.8856
100.8686
100.8908
100.8751
100.8972
100.884
100.9061
100.893
100.9113
100.9044
100.9165
100.9134
100.9254
100.9223
100.9306
100.9288
100.9358
100.9353
100.9481
100.9405
100.9545
100.9457
100.9667
100.9552
100.9757
100.9642
100.9846
100.9753
100.9898
100.9844
100.995
100.9933
101.0015
101.0023
101.0104
101.02
101.04
101.0327
101.0465
101.0408
101.0666
101.0561
101.0781
101.0701
101.087
101.0754
101.0967
101.0807
101.1057
101.0932
101.1235
101.0997
101.1299
101.1154
101.1414
101.1244
101.1478
101.1471
101.1643
101.1536
101.1747
101.165
101.1811
101.1715
101.1875
101.1855
101.199
101.1908
101.2106
101.196
101.2158
101.2098
101.221
101.215
101.2275
101.2202
101.2378
101.2291
101.2531
101.242
101.2672
101.2551
101.2724
101.2633
101.2829
101.2791
101.2956
101.2855
101.3085
101.2908
101.3264
101.2959
101.3329
101.3085
101.3562
101.3175
101.3651
101.3303
101.378
101.3392
101.3869
101.3482
101.3934
101.3671
101.4073
101.3874
101.4151
101.3951
101.424
101.4116
101.4304
101.4206
101.4483
101.4295
101.4648
101.441
101.4713
101.4475
101.4764
101.4615
101.4816
101.4692
101.4931
101.4782
101.4995
101.4872
101.5059
101.4986
101.5149
101.5038
101.5213
101.5128
101.5265
101.518
101.5316
101.5232
101.5445
101.5322
101.5497
101.5387
101.5549
101.5552
101.5601
101.5604
101.5812
101.5657
101.5901
101.579
101.5982
101.598
101.6034
101.6045
101.619
101.6235
101.6254
101.6299
101.6369
101.6389
101.6459
101.6454
101.6547
101.6519
101.6734
101.6571
101.6838
101.6686
101.6968
101.6777
101.7032
101.6867
101.7115
101.6982
101.7333
101.7047
101.7422
101.7157
101.7563
101.7283
101.782
101.7347
101.791
101.7549
101.7975
101.7715
101.808
101.7805
101.817
101.7996
101.8235
101.8049
101.8324
101.8102
101.8389
101.8289
101.8441
101.838
101.8672
101.8433
101.8802
101.859
101.8981
101.8643
101.9034
101.8696
101.9086
101.8761
101.9176
101.8825
101.9302
101.9042
101.9354
101.9106
101.9407
101.9286
101.9497
101.9351
101.9549
101.9417
101.9602
101.9481
101.9654
101.9534
101.9744
101.9587
101.9835
101.9753
101.9899
101.9818
101.9952
101.9883
102.0005
101.9948
102.007
102.0105
102.0123
102.0196
102.0176
102.0249
102.0241
102.0303
102.0293
102.0368
102.0346
102.0509
102.0411
102.0574
102.0546
102.0639
102.068
102.0754
102.0733
102.0806
102.0901
102.0948
102.1083
102.1073
102.1173
102.1127
102.1279
102.1344
102.1344
102.1409
102.1409
102.15
102.1463
102.1566
102.1516
102.1656
102.1682
102.1848
102.1748
102.1982
102.183
102.2074
102.1883
102.2165
102.2024
102.2231
102.2115
102.2323
102.2181
102.2415
102.2247
102.2482
102.2338
102.2537
102.2404
102.2591
102.2458
102.2646
102.2513
102.2788
102.2567
102.2856
102.2621
102.2923
102.2676
102.2978
102.273
102.3033
102.2796
102.3143
102.2888
102.3211
102.298
102.3267
102.3047
102.3323
102.3114
102.339
102.3256
102.3524
102.3323
102.3592
102.3378
102.3661
102.3433
102.3754
102.3488
102.3811
102.3544
102.3867
102.3611
102.3936
102.3679
102.3992
102.3735
102.4049
102.3791
102.4142
102.3847
102.4212
102.3915
102.4348
102.4033
102.4417
102.4103
102.4487
102.4159
102.4558
102.4215
102.4628
102.4284
102.4724
102.4404
102.4794
102.4592
102.4853
102.477
102.4912
102.4829
102.4971
102.4924
102.503
102.4982
102.5089
102.504
102.516
102.5111
102.522
102.5181
102.528
102.5277
102.5352
102.5348
102.5449
102.5406
102.5571
102.5465
102.5632
102.5537
102.5704
102.5609
102.5802
102.5681
102.5864
102.5741
102.5926
102.58
102.5988
102.5872
102.6051
102.5933
102.6126
102.5994
102.619
102.6067
102.6254
102.6128
102.6318
102.6189
102.6381
102.6251
102.6458
102.6312
102.6523
102.6412
102.6589
102.6474
102.6665
102.6536
102.6731
102.6639
102.6799
102.6741
102.6866
102.6804
102.6946
102.6868
102.705
102.6934
102.713
102.6998
102.7197
102.7076
102.7265
102.7155
102.7332
102.7221
102.7412
102.7288
102.7479
102.7355
102.7546
102.7435
102.7614
102.7515
102.7694
102.7595
102.7773
102.7691
102.7841
102.7758
102.7908
102.7826
102.8013
102.7906
102.808
102.7985
102.8148
102.8053
102.8215
102.812
102.8283
102.8188
102.835
102.8256
102.8418
102.8323
102.8485
102.8391
102.8553
102.8459
102.862
102.8527
102.8688
102.8594
102.8755
102.8662
102.8822
102.8729
102.889
102.8797
102.8958
102.8865
102.9025
102.8932
102.9092
102.9
102.916
102.9068
102.9265
102.9147
102.9332
102.9215
102.94
102.9283
102.9467
102.935
102.9534
102.9418
102.9602
102.9486
102.9669
102.9553
102.9737
102.9621
102.9804
102.9689
102.9872
102.9756
102.9939
102.9824
103.0007
102.9892
103.0074
102.9959
103.0142
103.0027
103.0209
103.0095
103.0277
103.0163
103.0344
103.023
103.0412
103.0298
103.0479
103.0366
103.0547
103.0433
103.0614
103.0501
103.0682
103.0569
103.0749
103.0636
103.0817
103.0704
103.0884
103.0772
103.0952
103.0839
103.1019
103.0907
103.1087
103.0975
103.1154
103.1043
103.1222
103.1148
103.129
103.1215
103.1357
103.1283
103.1424
103.135
103.1492
103.1418
103.156
103.1486
103.1627
103.1553
103.1695
103.1621
103.1762
103.1701
103.183
103.1768
103.1897
103.1836
103.1965
103.1904
103.2032
103.1971
103.21
103.2039
103.2167
103.2106
103.2235
103.2174
103.2302
103.2242
103.237
103.2309
103.2437
103.2377
103.2505
103.2445
103.2572
103.2512
103.2639
103.258
103.2707
103.2648
103.2774
103.2715
103.2842
103.2783
103.2921
103.2851
103.2989
103.2918
103.3056
103.2986
103.3123
103.3054
103.3191
103.3121
103.3258
103.3189
103.3326
103.3257
103.3393
103.3324
103.346
103.3392
103.3528
103.3459
103.3595
103.3527
103.3663
103.3594
103.373
103.3662
103.3797
103.3729
103.3865
103.3797
103.3932
103.3864
103.4
103.3932
103.4067
103.4
103.4134
103.4067
103.4202
103.4135
103.4269
103.4202
103.4336
103.427
103.4404
103.4337
103.4471
103.4405
103.4538
103.4473
103.4606
103.454
103.4673
103.4608
103.4741
103.4675
103.4808
103.4743
103.4875
103.481
103.4942
103.4878
103.501
103.4945
103.5077
103.5013
103.5145
103.508
103.5212
103.5148
103.5279
103.5215
103.5346
103.5283
103.5414
103.535
103.5481
103.5418
103.5548
103.5485
103.5615
103.5553
103.5683
103.562
103.575
103.5687
103.5817
103.5755
103.5885
103.5822
103.5952
103.589
103.6019
103.5957
103.6087
103.6025
103.6154
103.6092
103.6221
103.616
103.6288
103.6227
103.6356
103.6294
103.6423
103.6362
103.649
103.6429
103.6557
103.6497
103.6625
103.6564
103.6692
103.6631
103.6759
103.6699
103.6827
103.6766
103.6894
103.6833
103.6961
103.6901
103.7028
103.6968
103.7096
103.7036
103.7163
103.7103
103.723
103.717
103.7297
103.7238
103.7365
103.7305
103.7432
103.7373
103.7499
103.744
103.7566
103.7507
103.7634
103.7575
103.7701
103.7642
103.7768
103.771
103.7835
103.7777
103.7903
103.7844
103.797
103.7912
103.8037
103.7979
103.8104
103.8046
103.8172
103.8114
103.8239
103.8181
103.8306
103.8249
103.8373
103.8316
103.844
103.8383
103.8508
103.8451
103.8575
103.8518
103.8642
103.8585
103.8709
103.8653
103.8777
103.872
103.8844
103.8787
103.8911
103.8855
103.8978
103.8922
103.9045
103.8989
103.9113
103.9057
103.918
103.9124
103.9247
103.9192
103.9314
103.9259
103.9381
103.9326
103.9449
103.9393
103.9516
103.9461
103.9583
103.9528
103.965
103.9596
103.9717
103.9663
103.9785
103.973
103.9852
103.9798
103.9919
103.9865
103.9986
103.9932
104.0053
104
104.0121
104.0067
104.0188
104.0134
104.0255
104.0202
104.0322
104.0269
104.039
104.0336
104.0457
104.0404
104.0524
104.0471
104.0591
104.0538
104.0658
104.0606
104.0726
104.0673
104.0793
104.0741
104.086
104.0808
104.0927
104.0875
104.0995
104.0943
104.1062
104.101
104.1129
104.1077
104.1196
104.1144
104.1263
104.1212
104.1331
104.1279
104.1398
104.1347
104.1465
104.1414
104.1532
104.1481
104.16
104.1549
104.1667
104.1616
104.1734
104.1683
104.1801
104.1751
104.1869
104.1818
104.1936
104.1885
104.2003
104.1953
104.207
104.202
104.2137
104.2087
104.2205
104.2155
104.2272
104.2222
104.2339
104.2289
104.2406
104.2357
104.2473
104.2424
104.2541
104.2491
104.2608
104.2559
104.2675
104.2626
104.2742
104.2693
104.281
104.276
104.2877
104.2828
104.2944
104.2895
104.3011
104.2962
104.3078
104.3029
104.3146
104.3097
104.3213
104.3164
104.328
104.3231
104.3347
104.3299
104.3414
104.3366
104.3481
104.3433
104.3549
104.35
104.3616
104.3568
104.3683
104.3635
104.375
104.3702
104.3817
104.377
104.3884
104.3837
104.3952
104.3904
104.4019
104.3972
104.4086
104.4039
104.4153
104.4106
104.422
104.4174
104.4287
104.4241
104.4355
104.4308
104.4422
104.4376
104.4489
104.4443
104.4556
104.451
104.4624
104.4578
104.4691
104.4645
104.4758
104.4712
104.4825
104.478
104.4892
104.4847
104.496
104.4914
104.5027
104.4982
104.5094
104.5049
104.5161
104.5116
104.5229
104.5183
104.5296
104.5251
104.5363
104.5318
104.543
104.5385
104.5497
104.5453
104.5564
104.552
104.5632
104.5587
104.5699
104.5655
104.5766
104.5722
104.5833
104.5789
104.59
104.5857
104.5968
104.5924
104.6035
104.5991
104.6102
104.6059
104.6169
104.6126
104.6236
104.6193
104.6304
104.6261
104.6371
104.6328
104.6438
104.6395
104.6505
104.6463
104.6572
104.653
104.664
104.6597
104.6707
104.6665
104.6774
104.6732
104.6841
104.6799
104.6908
104.6866
104.6976
104.6934
104.7043
104.7001
104.711
104.7068
104.7177
104.7136
104.7244
104.7203
104.7312
104.727
104.7379
104.7338
104.7446
104.7405
104.7513
104.7472
104.758
104.754
104.7648
104.7607
104.7715
104.7674
104.7782
104.7742
104.7849
104.7809
104.7916
104.7876
104.7984
104.7943
104.8051
104.8011
104.8118
104.8078
104.8185
104.8146
104.8252
104.8213
104.832
104.828
104.8387
104.8347
104.8454
104.8415
104.8521
104.8482
104.8588
104.8549
104.8655
104.8617
104.8723
104.8684
104.879
104.8751
104.8857
104.8819
104.8924
104.8886
104.8991
104.8953
104.9059
104.9021
104.9126
104.9088
104.9193
104.9155
104.926
104.9223
104.9327
104.929
104.9395
104.9357
104.9462
104.9425
104.9529
104.9492
104.9596
104.9559
104.9663
104.9627
104.9731
104.9694
104.9798
104.9761
104.9865
104.9829
104.9932
104.9896
105
104.9963
105.0067
105.0031
105.0134
105.0098
105.0201
105.0165
105.0268
105.0233
105.0336
105.03
105.0403
105.0367
105.047
105.0435
105.0537
105.0502
105.0605
105.0569
105.0672
105.0637
105.0739
105.0704
105.0806
105.0771
105.0873
105.0839
105.0941
105.0906
105.1008
105.0973
105.1075
105.1041
105.1142
105.1108
105.121
105.1175
105.1277
105.1243
105.1344
105.131
105.1411
105.1377
105.1479
105.1445
105.1546
105.1512
105.1613
105.158
105.168
105.1647
105.1747
105.1714
105.1815
105.1781
105.1882
105.1849
105.1949
105.1916
105.2016
105.1983
105.2083
105.2051
105.2151
105.2118
105.2218
105.2185
105.2285
105.2253
105.2352
105.232
105.242
105.2387
105.2487
105.2455
105.2554
105.2522
105.2621
105.2589
105.2688
105.2657
105.2756
105.2724
105.2823
105.2792
105.289
105.2859
105.2957
105.2926
105.3025
105.2993
105.3092
105.3061
105.3159
105.3128
105.3226
105.3195
105.3293
105.3263
105.336
105.333
105.3428
105.3398
105.3495
105.3465
105.3562
105.3532
105.3629
105.3599
105.3696
105.3667
105.3763
105.3734
105.3831
105.3801
105.3898
105.3869
105.3965
105.3936
105.4032
105.4003
105.4099
105.4071
105.4167
105.4138
105.4234
105.4205
105.4301
105.4273
105.4368
105.434
105.4436
105.4407
105.4503
105.4475
105.457
105.4542
105.4637
105.4609
105.4704
105.4677
105.4772
105.4744
105.4839
105.4811
105.4906
105.4878
105.4973
105.4946
105.5041
105.5013
105.5108
105.508
105.5175
105.5148
105.5242
105.5215
105.531
105.5282
105.5377
105.535
105.5444
105.5417
105.5511
105.5484
105.5578
105.5552
105.5646
105.5619
105.5713
105.5686
105.578
105.5754
105.5847
105.5821
105.5915
105.5888
105.5982
105.5956
105.6049
105.6023
105.6116
105.609
105.6183
105.6158
105.6251
105.6225
105.6318
105.6292
105.6385
105.6359
105.6452
105.6427
105.652
105.6494
105.6587
105.6561
105.6654
105.6629
105.6721
105.6696
105.6788
105.6763
105.6856
105.6831
105.6923
105.6898
105.699
105.6965
105.7057
105.7033
105.7124
105.71
105.7192
105.7167
105.7259
105.7234
105.7326
105.7302
105.7393
105.7369
105.746
105.7436
105.7528
105.7504
105.7595
105.7571
105.7662
105.7638
105.7729
105.7706
105.7796
105.7773
105.7864
105.784
105.7931
105.7907
105.7998
105.7975
105.8065
105.8042
105.8133
105.8109
105.82
105.8176
105.8267
105.8244
105.8334
105.8311
105.8402
105.8378
105.8469
105.8446
105.8536
105.8513
105.8603
105.858
105.8671
105.8648
105.8738
105.8715
105.8805
105.8782
105.8872
105.885
105.8939
105.8917
105.9007
105.8984
105.9074
105.9052
105.9141
105.9119
105.9208
105.9186
105.9276
105.9254
105.9343
105.9321
105.941
105.9388
105.9477
105.9456
105.9545
105.9523
105.9612
105.959
105.9679
105.9658
105.9746
105.9725
105.9813
105.9792
105.9881
105.9859
105.9948
105.9927
106.0015
105.9994
106.0082
106.0061
106.015
106.0129
106.0217
106.0196
106.0284
106.0264
106.0351
106.0331
106.0418
106.0398
106.0486
106.0465
106.0553
106.0533
106.062
106.06
106.0687
106.0667
106.0754
106.0735
106.0822
106.0802
106.0889
106.0869
106.0956
106.0937
106.1023
106.1004
106.109
106.1071
106.1158
106.1139
106.1225
106.1206
106.1292
106.1273
106.1359
106.134
106.1427
106.1408
106.1494
106.1475
106.1561
106.1543
106.1628
106.161
106.1696
106.1677
106.1763
106.1744
106.183
106.1812
106.1897
106.1879
106.1964
106.1946
106.2032
106.2013
106.2099
106.2081
106.2166
106.2148
106.2233
106.2215
106.23
106.2283
106.2368
106.235
106.2435
106.2417
106.2502
106.2485
106.2569
106.2552
106.2637
106.2619
106.2704
106.2686
106.2771
106.2754
106.2838
106.2821
106.2905
106.2888
106.2973
106.2956
106.304
106.3023
106.3107
106.309
106.3174
106.3158
106.3242
106.3225
106.3309
106.3292
106.3376
106.336
106.3443
106.3427
106.351
106.3494
106.3578
106.3562
106.3645
106.3629
106.3712
106.3696
106.3779
106.3764
106.3847
106.3831
106.3914
106.3898
106.3981
106.3966
106.4048
106.4033
106.4115
106.41
106.4183
106.4168
106.425
106.4235
106.4317
106.4302
106.4384
106.437
106.4452
106.4437
106.4519
106.4504
106.4586
106.4571
106.4653
106.4639
106.472
106.4706
106.4788
106.4773
106.4855
106.4841
106.4922
106.4908
106.4989
106.4975
106.5057
106.5043
106.5124
106.511
106.5191
106.5177
106.5258
106.5245
106.5325
106.5312
106.5392
106.5379
106.546
106.5446
106.5527
106.5514
106.5594
106.5581
106.5661
106.5648
106.5728
106.5715
106.5796
106.5783
106.5863
106.585
106.593
106.5917
106.5997
106.5985
106.6065
106.6052
106.6132
106.6119
106.6199
106.6187
106.6266
106.6254
106.6333
106.6321
106.64
106.6389
106.6468
106.6456
106.6535
106.6523
106.6602
106.6591
106.6669
106.6658
106.6736
106.6725
106.6804
106.6793
106.6871
106.686
106.6938
106.6927
106.7005
106.6995
106.7072
106.7062
106.714
106.7129
106.7207
106.7197
106.7274
106.7264
106.7341
106.7331
106.7409
106.7399
106.7476
106.7466
106.7543
106.7533
106.761
106.7601
106.7677
106.7668
106.7745
106.7735
106.7812
106.7803
106.7879
106.787
106.7946
106.7937
106.8013
106.8005
106.8081
106.8072
106.8148
106.8139
106.8215
106.8207
106.8282
106.8274
106.835
106.8341
106.8417
106.8409
106.8484
106.8476
106.8551
106.8543
106.8618
106.861
106.8686
106.8678
106.8753
106.8745
106.882
106.8812
106.8887
106.888
106.8955
106.8947
106.9022
106.9014
106.9089
106.9081
106.9156
106.9149
106.9223
106.9216
106.9291
106.9283
106.9358
106.9351
106.9425
106.9418
106.9492
106.9485
106.956
106.9553
106.9627
106.962
106.9694
106.9687
106.9761
106.9754
106.9828
106.9822
106.9896
106.9889
106.9963
106.9956
107.003
107.0024
107.0097
107.0091
107.0165
107.0158
107.0232
107.0226
107.0299
107.0293
107.0366
107.036
107.0434
107.0427
107.0501
107.0495
107.0568
107.0562
107.0635
107.0629
107.0702
107.0697
107.077
107.0764
107.0837
107.0831
107.0904
107.0899
107.0971
107.0966
107.1038
107.1033
107.1105
107.11
107.1173
107.1168
107.124
107.1235
107.1307
107.1302
107.1374
107.137
107.1441
107.1437
107.1509
107.1504
107.1576
107.1572
107.1643
107.1639
107.171
107.1706
107.1778
107.1774
107.1845
107.1841
107.1912
107.1908
107.1979
107.1976
107.2047
107.2043
107.2114
107.211
107.2181
107.2178
107.2248
107.2245
107.2315
107.2312
107.2383
107.2379
107.245
107.2447
107.2517
107.2514
107.2584
107.2581
107.2652
107.2648
107.2719
107.2716
107.2786
107.2783
107.2853
107.285
107.292
107.2917
107.2988
107.2985
107.3055
107.3052
107.3122
107.3119
107.3189
107.3186
107.3257
107.3254
107.3324
107.3321
107.3391
107.3388
107.3458
107.3456
107.3525
107.3523
107.3593
107.359
107.366
107.3658
107.3727
107.3725
107.3794
107.3792
107.3862
107.3859
107.3929
107.3927
107.3996
107.3994
107.4063
107.4061
107.413
107.4128
107.4198
107.4196
107.4265
107.4263
107.4332
107.433
107.4399
107.4398
107.4466
107.4465
107.4534
107.4532
107.4601
107.46
107.4668
107.4667
107.4735
107.4734
107.4803
107.4801
107.487
107.4869
107.4937
107.4936
107.5004
107.5003
107.5072
107.507
107.5139
107.5138
107.5206
107.5205
107.5273
107.5272
107.534
107.534
107.5408
107.5407
107.5475
107.5474
107.5542
107.5542
107.5609
107.5609
107.5677
107.5676
107.5744
107.5743
107.5811
107.5811
107.5878
107.5878
107.5946
107.5945
107.6013
107.6013
107.608
107.608
107.6147
107.6147
107.6214
107.6215
107.6282
107.6282
107.6349
107.6349
107.6416
107.6416
107.6483
107.6484
107.655
107.6551
107.6618
107.6618
107.6685
107.6685
107.6752
107.6753
107.6819
107.682
107.6886
107.6887
107.6954
107.6955
107.7021
107.7022
107.7088
107.7089
107.7155
107.7157
107.7223
107.7224
107.729
107.7291
107.7357
107.7358
107.7424
107.7426
107.7491
107.7493
107.7559
107.756
107.7626
107.7628
107.7693
107.7695
107.776
107.7762
107.7828
107.783
107.7895
107.7897
107.7962
107.7964
107.8029
107.8031
107.8096
107.8099
107.8164
107.8166
107.8231
107.8233
107.8298
107.8301
107.8365
107.8368
107.8433
107.8435
107.85
107.8503
107.8567
107.857
107.8634
107.8637
107.8701
107.8704
107.8769
107.8772
107.8836
107.8839
107.8903
107.8906
107.897
107.8974
107.9038
107.9041
107.9105
107.9108
107.9172
107.9175
107.9239
107.9243
107.9306
107.931
107.9374
107.9377
107.9441
107.9445
107.9508
107.9512
107.9575
107.9579
107.9642
107.9646
107.971
107.9714
107.9777
107.9781
107.9844
107.9848
107.9911
107.9915
107.9979
107.9983
108.0046
108.005
108.0113
108.0117
108.018
108.0185
108.0247
108.0252
108.0315
108.0319
108.0382
108.0386
108.0449
108.0453
108.0516
108.0521
108.0583
108.0588
108.0651
108.0655
108.0718
108.0723
108.0785
108.079
108.0852
108.0857
108.0919
108.0924
108.0987
108.0992
108.1054
108.1059
108.1121
108.1126
108.1188
108.1193
108.1256
108.1261
108.1323
108.1328
108.139
108.1395
108.1457
108.1463
108.1525
108.153
108.1592
108.1597
108.1659
108.1665
108.1726
108.1732
108.1793
108.1799
108.1861
108.1866
108.1928
108.1934
108.1995
108.2001
108.2062
108.2068
108.2129
108.2135
108.2197
108.2203
108.2264
108.227
108.2331
108.2337
108.2398
108.2405
108.2466
108.2472
108.2533
108.2539
108.26
108.2607
108.2667
108.2674
108.2734
108.2741
108.2802
108.2808
108.2869
108.2876
108.2936
108.2943
108.3003
108.301
108.3071
108.3077
108.3138
108.3145
108.3205
108.3212
108.3272
108.3279
108.3339
108.3347
108.3407
108.3414
108.3474
108.3481
108.3541
108.3548
108.3608
108.3616
108.3676
108.3683
108.3743
108.375
108.381
108.3817
108.3877
108.3885
108.3944
108.3952
108.4012
108.4019
108.4079
108.4087
108.4146
108.4154
108.4213
108.4221
108.428
108.4289
108.4348
108.4356
108.4415
108.4423
108.4482
108.4491
108.4549
108.4558
108.4616
108.4625
108.4684
108.4692
108.4751
108.476
108.4818
108.4827
108.4885
108.4894
108.4953
108.4961
108.502
108.5029
108.5087
108.5096
108.5154
108.5163
108.5221
108.5231
108.5289
108.5298
108.5356
108.5365
108.5423
108.5433
108.549
108.55
108.5557
108.5567
108.5625
108.5635
108.5692
108.5702
108.5759
108.5769
108.5826
108.5836
108.5893
108.5904
108.5961
108.5971
108.6028
108.6039
108.6095
108.6106
108.6162
108.6173
108.623
108.624
108.6297
108.6308
108.6364
108.6375
108.6431
108.6442
108.6498
108.651
108.6566
108.6577
108.6633
108.6644
108.67
108.6712
108.6767
108.6779
108.6835
108.6846
108.6902
108.6914
108.6969
108.6981
108.7036
108.7048
108.7104
108.7115
108.7171
108.7183
108.7238
108.725
108.7305
108.7317
108.7373
108.7384
108.744
108.7452
108.7507
108.7519
108.7574
108.7587
108.7641
108.7654
108.7709
108.7721
108.7776
108.7788
108.7843
108.7856
108.791
108.7923
108.7978
108.799
108.8045
108.8057
108.8112
108.8125
108.8179
108.8192
108.8246
108.8259
108.8314
108.8326
108.8381
108.8394
108.8448
108.8461
108.8515
108.8528
108.8582
108.8596
108.8649
108.8663
108.8717
108.873
108.8784
108.8798
108.8851
108.8865
108.8918
108.8932
108.8985
108.8999
108.9053
108.9067
108.912
108.9134
108.9187
108.9201
108.9254
108.9268
108.9321
108.9336
108.9389
108.9403
108.9456
108.947
108.9523
108.9538
108.959
108.9605
108.9658
108.9672
108.9725
108.974
108.9792
108.9807
108.9859
108.9874
108.9927
108.9941
108.9994
109.0009
109.0061
109.0076
109.0128
109.0143
109.0195
109.021
109.0263
109.0278
109.033
109.0345
109.0397
109.0412
109.0464
109.048
109.0532
109.0547
109.0599
109.0614
109.0666
109.0682
109.0733
109.0749
109.08
109.0816
109.0868
109.0883
109.0935
109.0951
109.1002
109.1018
109.1069
109.1085
109.1137
109.1153
109.1204
109.122
109.1271
109.1287
109.1338
109.1355
109.1406
109.1422
109.1473
109.1489
109.154
109.1556
109.1607
109.1624
109.1674
109.1691
109.1742
109.1758
109.1809
109.1825
109.1876
109.1893
109.1943
109.196
109.2011
109.2027
109.2078
109.2095
109.2145
109.2162
109.2212
109.2229
109.228
109.2296
109.2347
109.2364
109.2414
109.2431
109.2481
109.2498
109.2548
109.2565
109.2616
109.2633
109.2683
109.27
109.275
109.2767
109.2817
109.2834
109.2884
109.2902
109.2952
109.2969
109.3019
109.3036
109.3086
109.3104
109.3153
109.3171
109.3221
109.3238
109.3288
109.3306
109.3355
109.3373
109.3422
109.344
109.3489
109.3508
109.3557
109.3575
109.3624
109.3642
109.3691
109.3709
109.3758
109.3777
109.3826
109.3844
109.3893
109.3911
109.396
109.3979
109.4027
109.4046
109.4094
109.4113
109.4162
109.4181
109.4229
109.4248
109.4296
109.4315
109.4363
109.4382
109.4431
109.445
109.4498
109.4517
109.4565
109.4584
109.4632
109.4652
109.4699
109.4719
109.4767
109.4786
109.4834
109.4854
109.4901
109.4921
109.4968
109.4988
109.5036
109.5055
109.5103
109.5123
109.517
109.519
109.5238
109.5257
109.5305
109.5324
109.5372
109.5392
109.5439
109.5459
109.5507
109.5526
109.5574
109.5593
109.5641
109.5661
109.5708
109.5728
109.5775
109.5795
109.5843
109.5863
109.591
109.593
109.5977
109.5997
109.6044
109.6064
109.6112
109.6132
109.6179
109.6199
109.6246
109.6266
109.6313
109.6333
109.638
109.6401
109.6448
109.6468
109.6515
109.6535
109.6582
109.6603
109.6649
109.667
109.6717
109.6737
109.6784
109.6805
109.6851
109.6872
109.6918
109.6939
109.6986
109.7006
109.7053
109.7074
109.712
109.7141
109.7187
109.7208
109.7254
109.7276
109.7322
109.7343
109.7389
109.741
109.7456
109.7478
109.7523
109.7545
109.7591
109.7612
109.7658
109.768
109.7725
109.7747
109.7792
109.7814
109.7859
109.7881
109.7927
109.7949
109.7994
109.8016
109.8061
109.8083
109.8128
109.8151
109.8195
109.8218
109.8263
109.8285
109.833
109.8353
109.8397
109.842
109.8465
109.8487
109.8532
109.8554
109.8599
109.8622
109.8666
109.8689
109.8733
109.8756
109.8801
109.8824
109.8868
109.8891
109.8935
109.8958
109.9002
109.9026
109.907
109.9093
109.9137
109.916
109.9204
109.9228
109.9271
109.9295
109.9339
109.9362
109.9406
109.9429
109.9473
109.9497
109.954
109.9564
109.9607
109.9632
109.9675
109.9699
109.9742
109.9766
109.9809
109.9833
109.9876
109.9901
109.9943
109.9968
110.0011
110.0035
110.0078
