10.00949
10.00965
10.01502
10.01508
10.02057
10.02056
10.02612
10.02606
10.03165
10.03155
10.03724
10.03705
10.04281
10.04261
10.04834
10.04815
10.05398
10.05369
10.05958
10.05926
10.06523
10.06476
10.07207
10.07028
10.0777
10.07582
10.08336
10.08139
10.08904
10.08701
10.09464
10.09254
10.10042
10.09807
10.10612
10.10378
10.11175
10.10937
10.11756
10.11501
10.12321
10.12066
10.12906
10.12628
10.1347
10.13194
10.14038
10.13758
10.14617
10.14322
10.15195
10.15009
10.15776
10.15576
10.16357
10.16142
10.16932
10.16697
10.17509
10.17264
10.18099
10.17821
10.18673
10.18381
10.19253
10.18955
10.19839
10.19516
10.20413
10.20079
10.2098
10.20647
10.21567
10.21206
10.22146
10.21769
10.22728
10.22343
10.23311
10.22907
10.24008
10.23464
10.24601
10.24038
10.25175
10.24595
10.25759
10.25163
10.26331
10.25727
10.26916
10.26296
10.27498
10.26868
10.28078
10.27432
10.28646
10.27998
10.29223
10.28575
10.29805
10.29142
10.30382
10.29709
10.30968
10.30279
10.31545
10.30852
10.32128
10.31419
10.32707
10.31987
10.3329
10.32555
10.33868
10.33127
10.34436
10.33809
10.35007
10.34381
10.35588
10.34952
10.36166
10.35529
10.36731
10.36091
10.37321
10.36678
10.37891
10.37247
10.3848
10.37813
10.39051
10.38396
10.39635
10.38962
10.40217
10.39524
10.40782
10.40097
10.41354
10.4066
10.41939
10.41237
10.42804
10.41803
10.43386
10.42383
10.43969
10.42951
10.44549
10.43524
10.4514
10.44102
10.4572
10.44666
10.46285
10.45246
10.46877
10.4581
10.47452
10.46385
10.48139
10.46956
10.48703
10.47534
10.49269
10.48094
10.49842
10.4867
10.50408
10.49244
10.50978
10.49808
10.5155
10.50387
10.52118
10.50951
10.527
10.51522
10.53277
10.52102
10.53845
10.52665
10.54413
10.53233
10.54981
10.53806
10.5555
10.54385
10.56137
10.55078
10.56707
10.5565
10.57286
10.56226
10.57868
10.5679
10.58444
10.57364
10.59035
10.57942
10.59616
10.58884
10.60189
10.59451
10.60756
10.6003
10.61348
10.60591
10.61924
10.61159
10.62512
10.6174
10.63085
10.62313
10.63671
10.62888
10.64242
10.6346
10.64811
10.64039
10.65394
10.64608
10.65973
10.65195
10.66553
10.65765
10.67136
10.66356
10.67999
10.66928
10.68579
10.67507
10.69153
10.682
10.69742
10.68774
10.70311
10.69351
10.70897
10.69935
10.71466
10.7051
10.72035
10.71078
10.72618
10.71664
10.7319
10.72234
10.73777
10.72803
10.7436
10.73383
10.74948
10.73963
10.75529
10.74528
10.76103
10.751
10.76697
10.75671
10.77285
10.7624
10.77865
10.7683
10.78454
10.77408
10.79035
10.77979
10.79605
10.78553
10.80197
10.79124
10.80777
10.79702
10.81363
10.8028
10.81944
10.80866
10.82518
10.81433
10.83091
10.82029
10.83783
10.82601
10.84383
10.83176
10.84962
10.83752
10.85543
10.84341
10.86128
10.8492
10.86711
10.85499
10.87302
10.86084
10.87886
10.86666
10.88467
10.87258
10.89043
10.87838
10.89625
10.8843
10.90217
10.89012
10.90804
10.89596
10.91377
10.90186
10.91973
10.90763
10.92553
10.91365
10.93148
10.91955
10.93726
10.9254
10.94321
10.9313
10.94897
10.93719
10.95497
10.94298
10.96083
10.94901
10.96686
10.95492
10.97273
10.96071
10.97849
10.96674
10.98447
10.97266
10.99049
10.97851
10.99634
10.98456
11.00237
10.9905
11.00825
10.99651
11.01433
11.00255
11.02019
11.00849
11.02625
11.01457
11.0322
11.02048
11.03827
11.02642
11.04428
11.03351
11.05043
11.03972
11.05643
11.04576
11.06251
11.0516
11.06848
11.05777
11.07461
11.06377
11.08074
11.06979
11.08674
11.07576
11.09291
11.08283
11.09894
11.08893
11.10509
11.09494
11.1112
11.10098
11.11738
11.1071
11.12333
11.11317
11.12975
11.11918
11.13583
11.12535
11.14198
11.13126
11.14797
11.13723
11.15407
11.14346
11.16028
11.14954
11.16681
11.1556
11.17299
11.16185
11.17902
11.16809
11.18551
11.17426
11.19155
11.1805
11.19804
11.18787
11.20412
11.19396
11.21044
11.20022
11.21679
11.20645
11.22288
11.21272
11.23043
11.21893
11.23677
11.22531
11.24303
11.23143
11.24948
11.23761
11.25591
11.2439
11.26358
11.25008
11.26997
11.25641
11.27621
11.26271
11.28272
11.2688
11.2892
11.27524
11.29557
11.28155
11.30188
11.28787
11.30829
11.29432
11.31466
11.30061
11.32123
11.307
11.32771
11.31334
11.33415
11.31978
11.34068
11.32619
11.34727
11.33265
11.35392
11.33885
11.3604
11.34544
11.36699
11.35169
11.37346
11.35829
11.38009
11.36474
11.3867
11.37126
11.39306
11.37906
11.39968
11.3856
11.4061
11.39215
11.41265
11.39863
11.41907
11.40525
11.42568
11.41178
11.43216
11.41833
11.43851
11.42479
11.44508
11.43123
11.45146
11.43776
11.45818
11.44423
11.46463
11.45061
11.47135
11.45712
11.47756
11.46362
11.48384
11.47009
11.49055
11.47661
11.49689
11.483
11.5034
11.48931
11.5099
11.4959
11.51628
11.5022
11.52265
11.50863
11.53027
11.51503
11.53681
11.52146
11.54328
11.52793
11.54976
11.5344
11.55634
11.54093
11.56302
11.5475
11.56962
11.55398
11.57617
11.56046
11.58275
11.56705
11.58943
11.5737
11.59615
11.58037
11.60278
11.58686
11.60949
11.59358
11.61621
11.60018
11.62293
11.60812
11.62965
11.61481
11.63636
11.62154
11.64308
11.62812
11.6498
11.63484
11.65647
11.64153
11.66319
11.64826
11.6699
11.65498
11.67662
11.6617
11.68334
11.66843
11.69006
11.67515
11.69678
11.68187
11.7035
11.6886
11.71022
11.69532
11.71694
11.70205
11.72487
11.70877
11.73159
11.71549
11.73831
11.72221
11.74503
11.72894
11.75175
11.73565
11.75847
11.74238
11.76519
11.74911
11.77191
11.75583
11.77863
11.76255
11.79879
11.76928
11.80551
11.776
11.81223
11.78273
11.81895
11.78945
11.82567
11.79617
11.83239
11.8029
11.83911
11.80962
11.84583
11.81634
11.85255
11.82307
11.85927
11.82979
11.86599
11.83651
11.8727
11.84324
11.87943
11.84996
11.88614
11.85668
11.89286
11.86341
11.89958
11.87013
11.9063
11.87685
11.91302
11.88357
11.91974
11.8903
11.92646
11.89702
11.93318
11.90374
11.93989
11.91047
11.94661
11.91719
11.95332
11.92391
11.96126
11.93064
11.96798
11.93736
11.9747
11.94408
11.98141
11.9508
11.98814
11.95753
11.99486
11.96426
12.00157
11.97098
12.00829
11.9777
12.01501
11.98442
12.02173
11.99234
12.02845
11.99906
12.03517
12.00578
12.04189
12.0125
12.0486
12.01923
12.05532
12.02595
12.06204
12.03267
12.06876
12.0394
12.07548
12.04612
12.0822
12.05284
12.08892
12.05956
12.09564
12.06629
12.10235
12.073
12.10907
12.07973
12.11579
12.08644
12.12251
12.09317
12.12923
12.09988
12.13595
12.1066
12.14266
12.11332
12.14938
12.12004
12.1561
12.12676
12.16282
12.13348
12.16954
12.14021
12.17625
12.14693
12.18297
12.15364
12.18969
12.16036
12.19641
12.16708
12.20313
12.17381
12.20985
12.18053
12.21657
12.18725
12.22328
12.19397
12.23
12.20069
12.23671
12.20741
12.24342
12.21413
12.25014
12.22086
12.25685
12.22758
12.26357
12.2343
12.27029
12.24103
12.277
12.24775
12.28372
12.25447
12.29043
12.2612
12.29715
12.26792
12.30387
12.27464
12.31059
12.28136
12.31731
12.28808
12.32402
12.2948
12.33074
12.30153
12.33746
12.30825
12.34418
12.31497
12.3509
12.32169
12.35762
12.32842
12.36434
12.33637
12.37106
12.34309
12.37778
12.34981
12.38449
12.35653
12.39121
12.36325
12.39793
12.36997
12.40465
12.37669
12.41136
12.38342
12.41808
12.39014
12.4248
12.39686
12.43152
12.40358
12.43823
12.4103
12.44495
12.41702
12.45167
12.42375
12.45839
12.43047
12.4651
12.43719
12.47182
12.44392
12.47854
12.45064
12.48526
12.45737
12.49198
12.46409
12.49869
12.47082
12.50541
12.47754
12.51213
12.48426
12.51885
12.49098
12.52557
12.49771
12.53229
12.50443
12.53901
12.51116
12.54572
12.51788
12.55244
12.5246
12.55916
12.53132
12.56588
12.53805
12.5726
12.54477
12.57931
12.55149
12.58603
12.55821
12.59274
12.56494
12.59946
12.57166
12.60618
12.57838
12.6129
12.5851
12.61961
12.59182
12.62633
12.59855
12.63305
12.60527
12.63977
12.61199
12.64649
12.61871
12.65321
12.62543
12.65993
12.63215
12.66665
12.63888
12.67336
12.6456
12.68009
12.65232
12.6868
12.65905
12.69352
12.66577
12.70023
12.67249
12.70694
12.67922
12.71367
12.68594
12.72039
12.69266
12.7271
12.69937
12.73382
12.70609
12.74054
12.71281
12.74725
12.71954
12.75397
12.72626
12.76069
12.73299
12.76741
12.73971
12.77413
12.74643
12.78085
12.75316
12.78757
12.75988
12.79429
12.7666
12.80101
12.77332
12.80773
12.78004
12.81445
12.78676
12.82117
12.79348
12.82789
12.8002
12.83461
12.80692
12.84134
12.81365
12.84805
12.82037
12.85478
12.82709
12.86149
12.83382
12.86821
12.84054
12.87493
12.84727
12.88167
12.854
12.88839
12.86072
12.8951
12.86744
12.90182
12.87417
12.90854
12.88089
12.91526
12.88762
12.92198
12.89435
12.9287
12.90107
12.93542
12.9078
12.94214
12.91452
12.94886
12.92124
12.95558
12.92797
12.9623
12.9347
12.96902
12.94142
12.97574
12.94815
12.98246
12.95487
12.98918
12.96159
12.9959
12.96832
13.00262
12.97505
13.00934
12.98178
13.01606
12.9885
13.02278
12.99522
13.0295
13.00195
13.03622
13.00867
13.04294
13.01539
13.04966
13.02212
13.05756
13.03002
13.06428
13.03675
13.071
13.04347
13.07772
13.0502
13.08444
13.05692
13.09116
13.06365
13.09789
13.07037
13.1046
13.07709
13.11133
13.08382
13.11805
13.09054
13.12477
13.09727
13.13149
13.104
13.13821
13.11072
13.14493
13.11744
13.15165
13.12416
13.15837
13.13089
13.16509
13.13761
13.17181
13.14434
13.17853
13.15106
13.18525
13.15779
13.19197
13.16451
13.19869
13.17124
13.20541
13.17797
13.21213
13.18469
13.21885
13.19141
13.22557
13.19814
13.23229
13.20487
13.23901
13.21159
13.24573
13.21831
13.25245
13.22504
13.25917
13.23176
13.26589
13.23849
13.27261
13.24521
13.27933
13.25194
13.28605
13.25866
13.29277
13.26539
13.29949
13.27212
13.30622
13.27884
13.31294
13.28557
13.31966
13.2923
13.32637
13.29902
13.33308
13.30575
13.3398
13.31247
13.34651
13.32038
13.35323
13.3271
13.35995
13.33383
13.36667
13.34055
13.37339
13.34728
13.38011
13.35401
13.38683
13.36074
13.39355
13.36746
13.40146
13.37537
13.40818
13.38209
13.4149
13.38882
13.42162
13.39555
13.42835
13.40228
13.43507
13.409
13.44179
13.41572
13.44851
13.42245
13.45523
13.42918
13.46195
13.43591
13.46867
13.44264
13.47539
13.44936
13.48211
13.45609
13.48883
13.46282
13.49555
13.46954
13.50227
13.47626
13.50899
13.48299
13.51571
13.48972
13.52243
13.49644
13.52915
13.50317
13.53588
13.5099
13.5426
13.51662
13.54932
13.52334
13.55604
13.53006
13.56276
13.53679
13.56948
13.5435
13.57621
13.55023
13.58293
13.55695
13.58965
13.56367
13.59638
13.57039
13.6031
13.57712
13.60982
13.58384
13.61653
13.59057
13.62325
13.5973
13.62997
13.60403
13.63669
13.61076
13.64341
13.61749
13.65013
13.62422
13.65685
13.63094
13.66358
13.63767
13.6703
13.6444
13.67702
13.65113
13.68374
13.65785
13.69046
13.66457
13.69718
13.6713
13.70391
13.67803
13.71063
13.68476
13.71734
13.69149
13.72406
13.69821
13.73079
13.70494
13.73751
13.71167
13.74423
13.71839
13.75095
13.72511
13.75767
13.73184
13.77785
13.73856
13.78456
13.74529
13.80474
13.75201
13.81146
13.75873
13.81818
13.76546
13.8249
13.77218
13.83162
13.77891
13.83835
13.78563
13.84507
13.79236
13.85179
13.79908
13.85851
13.80581
13.86524
13.81253
13.87196
13.81927
13.87868
13.82599
13.8854
13.83271
13.89213
13.83944
13.89885
13.84616
13.90557
13.85289
13.9123
13.85962
13.91902
13.86634
13.92575
13.87307
13.93247
13.8798
13.93919
13.88652
13.94713
13.89325
13.95385
13.89998
13.96057
13.9079
13.96729
13.91585
13.97402
13.92257
13.98074
13.9293
13.98747
13.93603
13.99419
13.94276
14.00091
13.94949
14.00763
13.95621
14.01436
13.96295
14.02108
13.96967
14.02781
13.97641
14.03453
13.98314
14.04125
13.98986
14.04797
13.99659
14.05469
14.00331
14.06141
14.01004
14.06814
14.01688
14.07486
14.02361
14.08158
14.03033
14.08831
14.03706
14.09503
14.04379
14.10176
14.05052
14.10849
14.05724
14.11521
14.06398
14.12192
14.0707
14.12865
14.07743
14.13537
14.08415
14.1421
14.09087
14.14882
14.09759
14.15554
14.10431
14.16227
14.11104
14.16899
14.11777
14.17572
14.1245
14.18244
14.13122
14.18916
14.13795
14.19588
14.14468
14.20261
14.15141
14.20934
14.15814
14.21606
14.16487
14.22278
14.17159
14.22951
14.17832
14.23623
14.18505
14.24295
14.19178
14.24967
14.19851
14.2564
14.20524
14.26312
14.21197
14.26985
14.2187
14.27657
14.22543
14.28329
14.23216
14.29002
14.23889
14.29674
14.24562
14.30346
14.25235
14.31018
14.25908
14.31691
14.26581
14.32363
14.27254
14.33035
14.27927
14.33708
14.286
14.3438
14.29273
14.35052
14.29945
14.35725
14.30618
14.36397
14.31291
14.37069
14.31964
14.37741
14.32637
14.38412
14.3331
14.39085
14.33983
14.39757
14.34657
14.40429
14.35329
14.41101
14.36002
14.41774
14.36675
14.42446
14.37348
14.43118
14.38021
14.4379
14.38693
14.44462
14.39365
14.45135
14.40038
14.45807
14.40712
14.46478
14.41385
14.47151
14.42058
14.47823
14.42731
14.48495
14.43404
14.49167
14.44077
14.49839
14.4475
14.50512
14.45423
14.51184
14.46096
14.51856
14.46768
14.52528
14.47441
14.532
14.48113
14.53872
14.48786
14.54544
14.49458
14.55216
14.50131
14.55888
14.50804
14.56561
14.51477
14.57233
14.5215
14.57906
14.52823
14.58578
14.53496
14.59251
14.54169
14.59923
14.54842
14.60595
14.55515
14.61268
14.56188
14.6194
14.56861
14.62613
14.57534
14.63285
14.58206
14.63957
14.58879
14.64629
14.59552
14.65302
14.60225
14.65974
14.60897
14.66646
14.6157
14.67319
14.62243
14.67991
14.62916
14.68664
14.63589
14.69337
14.64262
14.70009
14.64936
14.70682
14.65609
14.71354
14.66282
14.72026
14.66955
14.72698
14.67628
14.73371
14.68301
14.74043
14.68974
14.74715
14.69647
14.75386
14.7032
14.76059
14.70992
14.76731
14.71665
14.77403
14.72338
14.78076
14.73011
14.78748
14.73684
14.79421
14.74357
14.80093
14.7503
14.80766
14.75703
14.81438
14.76376
14.8211
14.77048
14.82783
14.77721
14.83455
14.78394
14.84127
14.79066
14.848
14.79739
14.85472
14.80412
14.86145
14.81084
14.86817
14.81757
14.87489
14.8243
14.88161
14.83103
14.88834
14.83775
14.89506
14.84449
14.90179
14.85121
14.90851
14.85793
14.91523
14.86466
14.92196
14.87138
14.92868
14.87811
14.9354
14.88484
14.94213
14.89157
14.94885
14.8983
14.95558
14.90623
14.9623
14.91296
14.97023
14.91969
14.97695
14.92642
14.98367
14.93315
14.9904
14.93988
14.99712
14.94661
15.00384
14.95334
15.01057
14.96007
15.01729
14.9668
15.02402
14.97353
15.03074
14.98026
15.03747
14.98699
15.04789
14.99492
15.05461
15.00165
15.06133
15.00837
15.06805
15.01511
15.07477
15.02551
15.08149
15.03224
15.08821
15.03897
15.09493
15.0457
15.10165
15.05244
15.10836
15.05917
15.11509
15.0659
15.12182
15.07382
15.12855
15.08055
15.13527
15.08727
15.14199
15.09401
15.14871
15.10074
15.15543
15.10747
15.16215
15.1142
15.17008
15.12214
15.17801
15.12886
15.18474
15.1356
15.19265
15.14233
15.19938
15.14906
15.2061
15.15698
15.21284
15.16371
15.21956
15.17044
15.22629
15.17718
15.23302
15.18391
15.23975
15.19064
15.24647
15.19738
15.2532
15.20411
15.25992
15.21084
15.26665
15.21757
15.27337
15.22552
15.2801
15.23225
15.28804
15.23898
15.29476
15.24571
15.30149
15.25244
15.30822
15.25917
15.31495
15.2659
15.32167
15.27263
15.3284
15.27936
15.33512
15.28609
15.34186
15.29282
15.34858
15.29955
15.35531
15.30628
15.36203
15.31421
15.36996
15.32094
15.37668
15.32767
15.38341
15.3356
15.39014
15.34232
15.39687
15.34905
15.40359
15.35578
15.41031
15.36251
15.41704
15.36924
15.42376
15.37597
15.43049
15.3827
15.43721
15.38943
15.44394
15.39616
15.45066
15.40289
15.45739
15.40961
15.46411
15.41634
15.47083
15.42307
15.47756
15.4298
15.48428
15.43653
15.49101
15.44326
15.49773
15.44999
15.50445
15.45671
15.51118
15.46344
15.5179
15.47387
15.52583
15.48059
15.53255
15.48732
15.53928
15.49405
15.54719
15.50078
15.55511
15.5075
15.56184
15.51841
15.56855
15.52513
15.57527
15.53186
15.58199
15.53859
15.58871
15.54652
15.59826
15.55324
15.60499
15.55997
15.61171
15.5667
15.61843
15.57343
15.62515
15.58016
15.63188
15.58689
15.6386
15.59362
15.64533
15.60036
15.65205
15.60708
15.65878
15.61381
15.6655
15.62172
15.67223
15.62845
15.67895
15.63518
15.68568
15.64191
15.69241
15.64864
15.69913
15.65537
15.70586
15.6621
15.71931
15.66883
15.72603
15.67556
15.73275
15.68229
15.74068
15.68902
15.7474
15.69943
15.7704
15.70616
15.77713
15.7129
15.78386
15.72331
15.79177
15.73003
15.79969
15.73677
15.80641
15.7435
15.81314
15.75023
15.83107
15.75697
15.8378
15.77652
15.84452
15.78446
15.85496
15.7949
15.8684
15.80163
15.87513
15.80836
15.88185
15.81508
15.89229
15.82303
15.899
15.82975
15.90572
15.83648
15.91244
15.84441
15.92284
15.85382
15.92956
15.86046
15.93749
15.86699
15.94421
15.87477
15.95089
15.88136
15.95753
15.88788
15.96414
15.89448
15.97078
15.90104
15.97739
15.9076
15.98522
15.91409
15.99304
15.92058
15.99972
15.93734
16.00996
15.94384
16.01657
15.95035
16.02319
15.96058
16.03337
15.96703
16.03989
15.97358
16.04654
15.98018
16.0569
15.98677
16.06352
15.99332
16.07005
16
16.0778
16.01535
16.08438
16.02187
16.10017
16.02841
16.10667
16.03866
16.1131
16.04515
16.12983
16.05167
16.15428
16.06681
16.16691
16.0733
16.17448
16.07971
16.1871
16.08612
16.19459
16.09862
16.20452
16.10488
16.21198
16.11484
16.21819
16.12224
16.22441
16.12963
16.23051
16.1358
16.23664
16.14194
16.24387
16.14925
16.24987
16.15529
16.25586
16.16136
16.26189
16.16736
16.26789
16.18206
16.27387
16.18809
16.29356
16.19408
16.29955
16.20005
16.30552
16.21226
16.31148
16.21825
16.31864
16.22421
16.32829
16.23021
16.3343
16.24496
16.34031
16.25103
16.35162
16.25707
16.35767
16.2685
16.36376
16.27457
16.37353
16.28068
16.3796
16.29544
16.38567
16.30154
16.39803
16.30763
16.43018
16.32738
16.43638
16.3335
16.45423
16.34581
16.46037
16.35186
16.46651
16.35792
16.4789
16.36767
16.48623
16.37373
16.49357
16.37983
16.49976
16.38965
16.5122
16.39693
16.51962
16.40425
16.52959
16.41409
16.53714
16.42024
16.5435
16.42927
16.54981
16.43919
16.55613
16.44541
16.56618
16.45914
16.57252
16.4653
16.58005
16.47146
16.5864
16.47758
16.59267
16.48987
16.59894
16.49588
16.60524
16.50197
16.61271
16.50803
16.61891
16.51694
16.62516
16.52298
16.63141
16.52901
16.63766
16.53624
16.6476
16.54593
16.65383
16.55193
16.66011
16.55794
16.66754
16.57263
16.67744
16.57869
16.68736
16.58475
16.69353
16.59083
16.69972
16.59689
16.70593
16.60297
16.71219
16.61702
16.71848
16.62429
16.73091
16.63153
16.73711
16.63884
16.7433
16.6486
16.75317
16.65837
16.763
16.66565
16.7753
16.68034
16.7814
16.68638
16.79111
16.6924
16.7972
16.69843
16.80329
16.71306
16.81056
16.72024
16.8178
16.72747
16.83498
16.74469
16.841
16.75067
16.84704
16.7567
16.85925
16.77558
16.86533
16.78286
16.87138
16.79266
16.88113
16.80245
16.88732
16.81233
16.89347
16.82219
16.9059
16.84207
16.91335
16.84838
16.92086
16.85475
16.92851
16.86116
16.93608
16.86764
16.94375
16.87412
16.95397
16.88069
16.96427
16.88848
16.97083
16.89619
16.97748
16.90622
16.98421
16.91271
16.9909
16.91919
16.99752
16.92681
17.00534
16.93615
17.01442
16.94259
17.02466
16.94898
17.03238
16.95658
17.0401
16.97413
17.04781
16.98167
17.06057
16.99171
17.06714
16.99804
17.07376
17.00442
17.08035
17.02199
17.09321
17.02838
17.09984
17.03487
17.10649
17.05019
17.12931
17.06044
17.13604
17.07077
17.14894
17.07741
17.15567
17.0841
17.16233
17.09953
17.17028
17.10626
17.17981
17.11299
17.19271
17.12594
17.21403
17.13263
17.23689
17.1393
17.26974
17.16314
17.27584
17.17061
17.28186
17.18041
17.29899
17.18763
17.30486
17.1997
17.31068
17.20557
17.31769
17.21142
17.32966
17.21841
17.33544
17.23032
17.3499
17.23604
17.35567
17.25794
17.37264
17.26497
17.37964
17.27439
17.38542
17.29608
17.39126
17.30188
17.40671
17.32139
17.41258
17.32729
17.41845
17.33322
17.42436
17.34034
17.43309
17.34906
17.4477
17.35502
17.45368
17.36097
17.45964
17.36692
17.48294
17.38168
17.48907
17.39141
17.4989
17.39867
17.50502
17.41335
17.51905
17.41941
17.5252
17.42541
17.53132
17.44927
17.54872
17.45524
17.56122
17.47489
17.57365
17.48207
17.58111
17.50426
17.60338
17.51937
17.63114
17.52529
17.6384
17.53124
17.65806
17.55338
17.66408
17.55917
17.67014
17.57864
17.68403
17.58446
17.69136
17.59028
17.71115
17.61392
17.72091
17.62342
17.78327
17.66036
17.78926
17.6698
17.79528
17.70499
17.83485
17.71188
17.87361
17.75051
17.91436
17.78588
17.94502
17.82287
17.97715
17.85454
18.00396
17.85999
18.01241
17.86544
18.03123
17.89947
18.03691
17.90613
18.07135
17.938
18.09337
17.96293
18.09911
17.9697
18.13025
18.00906
18.16063
18.03998
18.20899
18.07577
18.21598
18.08133
18.23656
18.08688
18.26759
18.11767
18.29617
18.15504
18.30532
18.17719
18.37178
18.20286
18.37716
18.20945
18.38255
18.24828
18.42466
18.28599
18.45502
18.30908
18.48149
18.31553
18.48672
18.35203
18.49195
18.38766
18.53094
18.41792
18.56104
18.42642
18.59426
18.46479
18.62483
18.49093
18.64621
18.49995
18.71774
18.53721
18.75163
18.57413
18.76297
18.61093
18.78701
18.63637
18.79587
18.64525
18.82656
18.67405
18.83172
18.67921
18.83689
18.68439
18.86908
18.70263
18.87548
18.70781
18.91443
18.713
18.9384
18.74039
18.94371
18.74887
18.94905
18.78291
18.97444
18.80339
18.98111
18.82247
18.99894
18.85925
19.00569
18.88153
19.03095
18.90841
19.04036
18.91673
19.07389
18.93365
19.08527
18.95141
19.10227
18.9572
19.12118
18.96304
19.12814
18.97999
19.14769
18.98574
19.15462
18.99137
19.19074
19.02913
19.21986
19.06732
19.22888
19.10101
19.296
19.13965
19.33005
19.14488
19.33897
19.15011
19.37982
19.18794
19.40624
19.22196
19.44783
19.25868
19.47423
19.28913
19.48076
19.327
19.51473
19.36547
19.52381
19.39461
19.55202
19.4037
19.57765
19.44015
19.61152
19.46686
19.61976
19.49147
19.63638
19.49977
19.64299
19.5141
19.67182
19.53531
19.70217
19.54457
19.72794
19.57187
19.7616
19.60006
19.78803
19.63902
19.82282
19.66731
19.84309
19.67283
19.87261
19.67841
19.90929
19.70522
19.9465
19.71454
19.98327
19.75351
19.99259
19.79317
20.0235
19.82053
20.03201
19.854
20.05371
19.8728
20.06296
19.89633
20.10007
19.90307
20.12398
19.93141
20.13324
19.9407
20.16318
19.96128
20.19592
19.97681
20.23043
19.98378
20.23989
20.0148
20.2641
20.03521
20.29433
20.07102
20.31252
20.10141
20.34797
20.12757
20.37114
20.13334
20.37785
20.15287
20.40455
20.15981
20.41121
20.1793
20.44417
20.18611
20.45505
20.22119
20.46434
20.2305
20.48114
20.26376
20.53142
20.29562
20.54067
20.30472
20.56415
20.33986
20.57327
20.34823
20.59989
20.37995
20.62153
20.38911
20.63055
20.4124
20.65475
20.42154
20.66378
20.44393
20.67267
20.45063
20.72421
20.48718
20.73089
20.5139
20.77454
20.54691
20.80807
20.57102
20.8147
20.60657
20.85387
20.6402
20.89014
20.64926
20.92096
20.67605
20.94757
20.70755
20.95698
20.71677
20.97883
20.74815
21.0039
20.78559
21.04329
20.8206
21.08786
20.84321
21.11575
20.87832
21.12148
20.89951
21.15074
20.90527
21.16011
20.91092
21.18609
20.93671
21.19299
20.97398
21.23093
21.00602
21.25778
21.01278
21.29613
21.0513
21.33523
21.08166
21.36814
21.1196
21.4043
21.1552
21.43534
21.1921
21.46142
21.19938
21.46694
21.22617
21.47869
21.24419
21.50539
21.24973
21.53466
21.26921
21.54039
21.29018
21.54612
21.30719
21.5627
21.32827
21.60438
21.36307
21.61415
21.37004
21.62874
21.40652
21.65356
21.43173
21.67923
21.4552
21.69957
21.46243
21.72035
21.47711
21.72766
21.50181
21.74738
21.50906
21.75715
21.53089
21.7798
21.53668
21.78943
21.54262
21.79634
21.56091
21.82375
21.5668
21.83333
21.58732
21.8655
21.61034
21.89195
21.6197
21.89898
21.65149
21.9569
21.68793
21.97819
21.72566
21.98756
21.73409
22.00399
21.75564
22.02017
21.7815
22.03113
21.80741
22.06924
21.84263
22.10517
21.87979
22.13352
21.88667
22.14051
21.90508
22.16303
21.91076
22.17013
21.91648
22.18805
21.94101
22.24172
21.95877
22.25139
21.96819
22.28313
21.98699
22.30376
22.019
22.31334
22.04563
22.34299
22.07419
22.36945
22.10414
22.40712
22.14417
22.44009
22.17296
22.46732
22.20659
22.47706
22.23756
22.50267
22.24715
22.53904
22.28126
22.5676
22.31446
22.57463
22.33636
22.59783
22.34477
22.62313
22.36655
22.65244
22.37577
22.68718
22.41382
22.71892
22.42306
22.75324
22.45976
22.76246
22.489
22.79273
22.52728
22.80082
22.54503
22.82696
22.55423
22.85848
22.58878
22.86551
22.62295
22.89097
22.6322
22.90024
22.66476
22.93557
22.69907
22.96836
22.731
22.99372
22.73767
23.00191
22.77291
23.0306
22.78042
23.06331
22.80585
23.06996
22.83141
23.10566
22.84049
23.14538
22.87168
23.18307
22.90869
23.21877
22.94677
23.25051
22.97876
23.27964
23.01585
23.31236
23.02246
23.34713
23.0491
23.3753
23.08017
23.38192
23.08928
23.41355
23.11779
23.42265
23.12685
23.46239
23.16258
23.49733
23.20824
23.5362
23.23953
23.57153
23.29009
23.60611
23.31547
23.64161
23.34204
23.65074
23.37285
23.6828
23.40866
23.68936
23.43406
23.71806
23.46814
23.72714
23.50097
23.75383
23.51007
23.75919
23.53269
23.7974
23.54178
23.82748
23.56397
23.85794
23.58958
23.8946
23.61003
23.93092
23.61867
23.94025
23.65614
23.97641
23.67888
24.01197
23.68711
24.04924
23.72479
24.08309
23.76124
24.11854
23.79695
24.12391
23.82248
24.1293
23.8291
24.16661
23.86573
24.20382
23.90407
24.24208
23.93987
24.2779
23.97852
24.31684
23.98773
24.35317
24.02394
24.38618
24.06186
24.42016
24.09806
24.45453
24.13257
24.49274
24.16953
24.53146
24.20178
24.54058
24.23397
24.56985
24.24305
24.57889
24.28097
24.61596
24.31623
24.65412
24.35321
24.6881
24.38378
24.7213
24.42053
24.75798
24.45145
24.79519
24.46041
24.83194
24.52315
24.85105
24.53106
24.85916
24.56407
24.88015
24.58334
24.88544
24.60118
24.90942
24.62932
24.94349
24.65206
24.96615
24.68323
25.00074
24.71195
25.02517
24.73755
25.06087
24.77564
25.09345
24.81219
25.13421
24.85097
25.17337
24.88702
25.20519
24.92058
25.24165
24.95697
25.27919
24.99208
25.31456
25.03017
25.34984
25.06914
25.38929
25.10219
25.42381
25.13867
25.45549
25.17227
25.48787
25.20753
25.52499
25.2486
25.56084
25.28654
25.5972
25.31894
25.63802
25.35265
25.66743
25.37268
25.70197
25.41592
25.73566
25.44881
25.74234
25.47549
25.77953
25.48216
25.81602
25.5124
25.84895
25.5305
25.87576
25.56786
25.89956
25.59863
25.92748
25.6384
25.96043
25.66968
25.96965
25.6979
26.00631
25.7563
26.0408
25.76442
26.07802
25.79082
26.11492
25.83216
26.14341
25.83736
26.16601
25.84254
26.17487
25.86586
26.19427
25.87476
26.22173
25.90111
26.24601
25.90755
26.25492
25.94574
26.29416
25.9745
26.32052
26.0084
26.32935
26.0404
26.353
26.07768
26.36203
26.11363
26.38446
26.13892
26.3908
26.14781
26.41211
26.17425
26.41849
26.19988
26.45154
26.20509
26.46975
26.21029
26.48863
26.23166
26.51549
26.25841
26.52356
26.29457
26.5613
26.33147
26.59635
26.36565
26.63444
26.39413
26.66852
26.43066
26.69659
26.45942
26.70551
26.49348
26.7382
26.50111
26.77406
26.52171
26.78047
26.52694
26.81559
26.53215
26.8466
26.55867
26.85449
26.56507
26.88284
26.58549
26.8893
26.61817
26.9208
26.6247
26.94968
26.65924
26.95864
26.68821
26.97452
26.71336
26.98355
26.71984
27.01635
26.74996
27.02533
26.75795
27.06275
26.79481
27.0984
26.82501
27.13123
26.86164
27.16649
26.87058
27.20338
26.9075
27.23786
26.91648
27.26563
26.95493
27.28026
26.99159
27.28681
27.02701
27.31093
27.0578
27.31999
27.09201
27.34666
27.12249
27.37802
27.16005
27.41494
27.19406
27.45106
27.23216
27.48836
27.24139
27.52707
27.28042
27.56522
27.30525
27.59537
27.33706
27.62497
27.35908
27.65783
27.4056
27.68604
27.41208
27.69501
27.44355
27.72618
27.47153
27.75455
27.49539
27.79024
27.50065
27.82653
27.5059
27.85548
27.54437
27.86201
27.58195
27.89313
27.61079
27.92912
27.64047
27.95747
27.64569
27.98924
27.65092
28.02188
27.68844
28.05137
27.7195
28.06027
27.75329
28.09266
27.79154
28.1313
27.80046
28.16401
27.8356
28.19557
27.87009
28.202
27.90202
28.23501
27.93534
28.24028
27.96064
28.24554
27.96714
28.27572
28.00114
28.29872
28.00759
28.32291
28.03338
28.34207
28.06642
28.35106
28.09751
28.38885
28.11939
28.42306
28.13943
28.46031
28.14596
28.49704
28.1775
28.52323
28.21421
28.5297
28.24993
28.56549
28.27543
28.58092
28.2831
28.58621
28.30757
28.5915
28.31407
28.61624
28.33548
28.64033
28.36818
28.66688
28.39488
28.69358
28.42506
28.70261
28.4485
28.73619
28.45759
28.76849
28.49181
28.79453
28.52065
28.80114
28.52981
28.83573
28.55965
28.86011
28.59739
28.86919
28.63082
28.90736
28.66195
28.93464
28.6953
28.96142
28.73448
28.99108
28.76969
29.02039
28.80424
29.05337
28.83084
29.08438
28.86152
29.09351
28.87073
29.1247
28.90194
29.134
28.91129
29.16011
28.9382
29.18474
28.94388
29.20566
28.94957
29.21133
28.97823
29.23242
29.01351
29.25916
29.04175
29.28619
29.06995
29.31165
29.07561
29.3395
29.09371
29.37939
29.13245
29.41301
29.14174
29.45224
29.16667
29.48649
29.20382
29.52406
29.23948
29.5598
29.27329
29.59438
29.31311
29.62926
29.34927
29.65707
29.38033
29.66358
29.40667
29.697
29.41578
29.7203
29.4523
29.7268
29.48277
29.76578
29.48923
29.79253
29.52235
29.80148
29.55719
29.83592
29.59419
29.87113
29.62415
29.9026
29.65794
29.93655
29.66683
29.97236
29.70491
29.9813
29.74218
30.01557
29.77246
30.03333
29.77769
30.03978
29.78291
30.07628
29.81464
30.10742
29.82361
30.14327
29.85015
30.17733
29.88483
30.20813
29.91839
30.24114
29.95175
30.2763
29.98562
30.31365
29.99219
30.34781
30.02967
30.35678
30.0664
30.39181
30.10453
30.42853
30.14101
30.45781
30.17727
30.49363
30.21106
30.53097
30.24728
30.56704
30.28474
30.60046
30.3192
30.63358
30.3545
30.67267
30.39288
30.7105
30.42785
30.74219
30.46331
30.77875
30.50023
30.81413
30.532
30.84313
30.56668
30.87585
30.57555
30.90416
30.61256
30.91307
30.64251
30.94386
30.67593
30.97632
30.6835
31.01406
30.71622
31.04333
30.75055
31.0498
30.78587
31.08765
30.82483
31.12641
30.86288
31.16393
30.89813
31.20071
30.92871
31.23687
30.95554
31.27485
30.96455
31.31021
30.9977
31.33846
31.02803
31.35867
31.05764
31.38017
31.09089
31.40424
31.09988
31.41069
31.13894
31.44764
31.16122
31.48272
31.16774
31.5167
31.24005
31.55449
31.27785
31.59141
31.31455
31.62724
31.35021
31.66395
31.38722
31.70321
31.42404
31.73849
31.45653
31.77659
31.4958
31.8116
31.50362
31.84665
31.54102
31.88342
31.57876
31.91413
31.61277
31.94758
31.64712
31.98007
31.68155
32.01649
31.71631
32.05355
31.74632
32.08788
31.78396
32.12358
31.82058
32.15684
31.82963
32.18444
31.8652
32.19341
31.90134
32.22058
31.93414
32.25676
31.97052
32.2937
32.00496
32.32903
32.03493
32.35715
32.0401
32.36604
32.06521
32.3863
32.09432
32.39518
32.12576
32.43282
32.15688
32.46837
32.1658
32.50356
32.19933
32.54138
32.23424
32.57912
32.27036
32.61423
32.3055
32.64589
32.33995
32.68237
32.37659
32.71742
32.41106
32.7524
32.44702
32.78964
32.47998
32.81933
32.51152
32.85651
32.54945
32.89317
32.62125
32.92924
32.65877
32.96796
32.69524
32.99893
32.73291
33.03591
32.76686
33.07218
32.8041
33.10902
32.83709
33.1416
32.88068
33.17618
32.91494
33.21203
32.92133
33.24237
32.95665
33.27502
32.96308
33.31044
32.99649
33.31681
33.03263
33.35111
33.05917
33.37516
33.06803
33.40911
33.09859
33.4244
33.13172
33.46018
33.16806
33.48033
33.19833
33.48921
33.23544
33.52697
33.26733
33.55405
33.28885
33.57807
33.29771
33.61584
33.32174
33.64892
33.35772
33.68329
33.36667
33.7193
33.40088
33.7547
33.43892
33.78862
33.47277
33.82548
33.50787
33.85548
33.54302
33.86186
33.58039
33.89551
33.61552
33.95896
33.64711
33.96782
33.67976
34.00164
33.71232
34.03503
33.74067
34.07134
33.76234
34.10665
33.79964
34.13749
33.83513
34.14383
33.86323
34.17022
33.87077
34.20664
33.90623
34.23679
33.91517
34.26839
33.93945
34.27478
33.94838
34.30816
33.98228
34.34371
34.01524
34.379
34.04873
34.41534
34.08496
34.44998
34.11972
34.48538
34.15625
34.52161
34.19169
34.5554
34.22551
34.59425
34.26306
34.60306
34.294
34.63838
34.30038
34.67561
34.33583
34.68362
34.37517
34.71693
34.41208
34.75439
34.4499
34.79264
34.48643
34.86045
34.52233
34.92204
34.55692
34.93234
34.5915
34.96287
34.62269
34.98699
34.65908
34.99583
34.69086
35.03344
34.69979
35.06848
34.73307
35.10083
34.7419
35.12348
34.76965
35.14989
34.80221
35.17246
34.81107
35.19886
34.8448
35.22509
34.85114
35.23023
34.87615
35.23536
34.88494
35.25668
34.9213
35.28337
34.94335
35.32171
34.97472
35.34743
35.01225
35.38417
35.04277
35.41806
35.05169
35.45044
35.08812
35.48936
35.1245
35.49821
35.1552
35.53355
35.1933
35.56949
35.22932
35.60121
35.26187
35.6395
35.2985
35.67158
35.33419
35.70206
35.36959
35.7372
35.40646
35.7688
35.43932
35.80259
35.47718
35.84023
35.5119
35.87693
35.55194
35.91146
35.58718
35.94626
35.62371
35.98312
35.6326
35.99198
35.66528
36.02859
35.68918
36.06541
35.72209
36.07424
35.74599
36.10475
35.75485
36.13634
35.78252
36.17273
35.78892
36.1816
35.82661
36.22032
35.85237
36.25198
35.88935
36.28693
35.92716
36.32488
35.96319
36.36133
35.99705
36.39802
36.03113
36.43708
36.07661
36.47337
36.11335
36.50918
36.14743
36.54454
36.18373
36.57637
36.21778
36.609
36.26441
36.64341
36.29596
36.67683
36.33
36.71419
36.36311
36.74611
36.39959
36.77942
36.43291
36.81842
36.47156
36.85017
36.508
36.88575
36.54421
36.92325
36.5782
36.96278
36.61275
37.00183
36.65203
37.0354
36.68885
37.07169
36.72712
37.10668
36.76363
37.14162
36.79761
37.17884
36.83428
37.21783
36.87279
37.2545
36.91007
37.28906
36.94648
37.32676
37.01758
37.36483
37.0522
37.40002
37.08879
37.43888
37.09653
37.47009
37.12507
37.50897
37.18775
37.54314
37.22605
37.57902
37.26112
37.61528
37.29688
37.64577
37.33208
37.6825
37.37043
37.72137
37.40814
37.75898
37.44493
37.79555
37.48238
37.83151
37.52075
37.87053
37.55959
37.90737
37.59621
37.94529
37.60518
37.98069
37.64359
38.0129
37.67496
38.05011
37.71403
38.08533
37.74728
38.12173
37.78482
38.15796
37.82315
38.1936
37.85752
38.22829
37.89555
38.26611
37.93255
38.30363
37.97075
38.34149
38.0051
38.37574
38.03589
38.40599
38.07152
38.44161
38.10566
38.47601
38.13794
38.50692
38.17057
38.53974
38.17817
38.57832
38.2124
38.61325
38.24589
38.64939
38.28377
38.68405
38.32028
38.72107
38.35778
38.7547
38.39682
38.78518
38.43263
38.81765
38.465
38.85312
38.50315
38.88726
38.5398
38.8962
38.5709
38.93088
38.60707
38.96726
38.64256
39.00489
38.67933
39.01128
38.71365
39.04584
38.73951
39.0716
38.74594
39.10214
38.77607
39.13732
38.80996
39.1729
38.83707
39.20667
38.87189
39.23927
38.90558
39.27676
38.94207
39.30849
38.97843
39.34498
39.01466
39.35135
39.05352
39.38902
39.08561
39.42379
39.12246
39.45821
39.13135
39.49494
39.16782
39.53055
39.20173
39.56483
39.23773
39.5995
39.27311
39.63816
39.30416
39.67222
39.34246
39.70649
39.38117
39.73167
39.41524
39.73806
39.44339
39.76994
39.47367
39.80766
39.48264
39.84535
39.5206
39.87981
39.55079
39.91072
39.58989
39.94673
39.62262
39.98093
39.65854
40.01804
39.69392
40.05637
39.72916
40.08802
39.76499
40.09449
39.80093
40.12868
39.80991
40.13763
39.84786
40.16896
39.88287
40.19985
39.91747
40.23557
39.95486
40.2706
39.99081
40.29504
40.02979
40.33405
40.06433
40.37137
40.0984
40.40986
40.13736
40.44362
40.17385
40.47916
40.20724
40.51759
40.21619
40.55487
40.25518
40.58833
40.29108
40.62699
40.32958
40.66421
40.36786
40.70249
40.40794
40.73849
40.44442
40.77542
40.47972
40.80935
40.5175
40.84615
40.55411
40.88436
40.59209
40.92189
40.63046
40.95994
40.66896
40.9948
40.70924
41.03376
40.74762
41.07137
40.7834
41.10334
40.82027
41.1428
40.85732
41.17887
40.89555
41.21621
40.93256
41.25032
40.97336
41.28176
41.01135
41.31922
41.04887
41.35691
41.08631
41.39395
41.15903
41.42844
41.19755
41.4683
41.23216
41.50531
41.26527
41.54338
41.30075
41.5809
41.33844
41.61908
41.37672
41.65491
41.4126
41.69106
41.44988
41.72849
41.48584
41.76611
41.52355
41.80016
41.5616
41.8357
41.59856
41.86971
41.63608
41.90816
41.67178
41.91717
41.71098
41.95213
41.74689
41.98906
41.78501
42.02569
41.8231
42.06301
41.85814
42.10033
41.89323
42.13489
41.92573
42.17088
41.96429
42.20786
41.99823
42.24557
42.03317
42.29174
42.06483
42.32889
42.10092
42.36439
42.13568
42.40195
42.17027
42.4367
42.2048
42.47497
42.21373
42.51226
42.2501
42.55103
42.28601
42.58695
42.32392
42.59371
42.36067
42.63195
42.39791
42.66613
42.43312
42.70248
42.47087
42.73995
42.50891
42.77911
42.54633
42.81429
42.58161
42.84339
42.62086
42.8825
42.65987
42.91972
42.69801
42.95752
42.73507
42.99449
42.77377
43.0283
42.8073
43.06509
42.84273
43.1008
42.87961
43.13862
42.91721
43.17622
42.95245
43.21421
42.99202
43.25315
43.03094
43.28897
43.06897
43.32671
43.10555
43.36359
43.14288
43.39906
43.17686
43.43608
43.21492
43.4742
43.25293
43.51209
43.29095
43.55103
43.32816
43.58527
43.36388
43.62271
43.40377
43.65928
43.44025
43.6964
43.47825
43.73421
43.51587
43.77137
43.5509
43.80976
43.59023
43.84684
43.6293
43.8872
43.66875
43.92456
43.70618
43.96349
43.74343
44.00129
43.7814
44.03733
43.81924
44.07421
43.85506
44.1133
43.89425
44.15056
43.93276
44.18829
43.97129
44.22492
44.00728
44.26397
44.04667
44.299
44.08041
44.3378
44.11837
44.37405
44.15662
44.41158
44.18671
44.44836
44.22525
44.48399
44.26292
44.55733
44.29952
44.58213
44.33737
44.62043
44.37412
44.65324
44.41105
44.68976
44.44627
44.72858
44.48452
44.76147
44.51933
44.79803
44.55437
44.83718
44.59104
44.87327
44.6301
44.91047
44.66584
44.94516
44.70451
44.9845
44.74082
45.02135
44.77641
45.05833
44.81375
45.09453
44.84846
45.13216
44.88595
45.17008
44.92233
45.20741
44.95987
45.24167
44.99727
45.28036
45.03492
45.31797
45.07394
45.3545
45.1096
45.39255
45.14515
45.42953
45.18247
45.46492
45.21976
45.50268
45.25499
45.53988
45.29131
45.57828
45.33009
45.61396
45.36872
45.65173
45.40802
45.68886
45.44367
45.72649
45.48237
45.76337
45.5182
45.80312
45.55909
45.8413
45.59818
45.87989
45.63525
45.91856
45.67446
45.9542
45.71075
45.99002
45.74806
46.02765
45.78687
46.06231
45.8234
46.10002
45.85559
46.13553
45.89297
46.17202
45.90192
46.21144
45.93942
46.24709
45.97778
46.28617
46.04911
46.32289
46.05814
46.36093
46.09576
46.39648
46.12585
46.42973
46.16125
46.46795
46.19882
46.5037
46.23372
46.53997
46.27085
46.57749
46.30632
46.61485
46.3436
46.6507
46.37691
46.68129
46.41467
46.71807
46.44827
46.75399
46.48536
46.7896
46.52037
46.82617
46.55834
46.86389
46.59435
46.90053
46.63279
46.93969
46.67084
46.978
46.70963
47.01633
46.74853
47.0561
46.78635
47.09118
46.82338
47.12666
46.85873
47.16245
46.89463
47.1989
46.93281
47.23347
46.9665
47.27094
47.00219
47.30907
47.03861
47.34552
47.07532
47.38287
47.11386
47.4132
47.15046
47.44987
47.18724
47.48604
47.22266
47.52322
47.26002
47.55819
47.29703
47.59541
47.3333
47.63161
47.36936
47.6705
47.4084
47.70382
47.44679
47.74157
47.48298
47.77977
47.51838
47.81633
47.55503
47.85079
47.59223
47.88595
47.62986
47.92056
47.66224
47.95742
47.7004
47.99305
47.73524
48.02854
47.77314
48.06577
47.80989
48.10219
47.8426
48.13743
47.87768
48.17413
47.91603
48.21003
47.94821
48.24695
47.98798
48.28249
48.02056
48.31857
48.06123
48.35454
48.09683
48.39352
48.13514
48.4319
48.17252
48.4676
48.20833
48.50103
48.24375
48.53738
48.27649
48.57239
48.3135
48.61013
48.34988
48.64786
48.38617
48.68475
48.41315
48.72314
48.45047
48.76138
48.48875
48.79965
48.52798
48.83618
48.56477
48.87004
48.59978
48.90698
48.63618
48.94041
48.67315
48.97561
48.70729
49.01151
48.7421
49.0484
48.77814
49.08764
48.8154
49.12398
48.85276
49.15881
48.89078
49.19463
48.92728
49.22998
48.96525
49.26593
49.00227
49.2996
49.03755
49.33561
49.0766
49.37275
49.11351
49.41125
49.14922
49.44929
49.18641
49.48526
49.2249
49.52159
49.26328
49.55766
49.29705
49.5919
49.33217
49.62943
49.37122
49.66191
49.40436
49.69828
49.43971
49.7352
49.47848
49.77297
49.51271
49.81258
49.5493
49.85027
49.58697
49.88828
49.62563
49.92481
49.65951
49.96355
49.69724
50.00124
49.73795
50.03942
49.77422
50.07675
49.8133
50.11371
49.85221
50.15465
49.88662
50.1911
49.9246
50.22742
49.96331
50.26241
50.00013
50.30131
50.03474
50.34058
50.07416
50.37669
50.11285
50.41592
50.14698
50.45295
50.1854
50.49298
50.22382
50.5308
50.2614
50.56589
50.29882
50.60373
50.33801
50.64269
50.37619
50.68047
50.41402
50.71657
50.45082
50.75253
50.48826
50.79016
50.52625
50.82648
50.56255
50.86563
50.59874
50.90065
50.63873
50.93981
50.67659
50.97819
50.71735
51.01614
50.75653
51.0541
50.79363
51.08899
50.82735
51.12771
50.86299
51.16588
50.90208
51.20376
50.93954
51.24107
50.97752
51.27806
51.01409
51.31577
51.05109
51.35435
51.08795
51.39349
51.12704
51.42937
51.16428
51.4648
51.20172
51.50224
51.23792
51.53867
51.27623
51.57623
51.31526
51.61317
51.35262
51.65394
51.38971
51.69118
51.42072
51.72683
51.45696
51.76592
51.4957
51.80272
51.53493
51.8391
51.57164
51.87728
51.60886
51.91607
51.64909
51.95411
51.68654
51.99239
51.72638
52.03106
51.76568
52.06919
51.80627
52.1073
51.84546
52.14727
51.88446
52.18534
51.92258
52.22181
51.9592
52.26046
51.99602
52.29985
52.03516
52.33897
52.07394
52.37674
52.11273
52.4154
52.15045
52.45061
52.18745
52.48916
52.22528
52.52775
52.23168
52.55529
52.26921
52.59047
52.3099
52.62324
52.34892
52.66076
52.38357
52.69893
52.42024
52.73296
52.45931
52.76796
52.49717
52.80368
52.53337
52.84051
52.56733
52.87867
52.60566
52.91726
52.6437
52.95402
52.68297
52.99196
52.72091
53.02818
52.75955
53.06692
52.79399
53.103
52.83136
53.14395
52.86941
53.1819
52.90707
53.22199
52.94579
53.26117
52.98446
53.30001
53.0234
53.33721
53.06205
53.37617
53.10137
53.41319
53.13954
53.45125
53.17702
53.48923
53.2165
53.5278
53.25565
53.56533
53.29253
53.60249
53.33078
53.64167
53.36747
53.67923
53.40454
53.71637
53.442
53.75462
53.48129
53.794
53.52011
53.83221
53.55765
53.90981
53.59713
53.94833
53.63587
53.9868
53.67438
54.02598
53.7124
54.06471
53.75129
54.10322
53.78826
54.14042
53.82901
54.17821
53.86687
54.21183
53.90527
54.24984
53.94235
54.28485
53.98176
54.32434
54.01778
54.3605
54.05855
54.39993
54.09314
54.439
54.13331
54.47774
54.17125
54.51525
54.2099
54.55392
54.24892
54.58842
54.28432
54.62815
54.32423
54.66567
54.36348
54.70457
54.4013
54.74393
54.44051
54.7819
54.47747
54.81944
54.51664
54.85862
54.5559
54.89783
54.59402
54.93496
54.63488
54.97097
54.66896
55.00784
54.70856
55.0439
54.74583
55.08241
54.78247
55.12044
54.821
55.1584
54.85958
55.19754
54.89783
55.23298
54.9339
55.27155
54.97439
55.30772
55.0122
55.34621
55.04876
55.38486
55.08635
55.42229
55.12486
55.45783
55.1606
55.4943
55.19752
55.5308
55.23309
55.56844
55.2683
55.60471
55.30467
55.63992
55.34119
55.67565
55.37997
55.71473
55.41729
55.75063
55.4539
55.78864
55.48841
55.82754
55.52628
55.86435
55.56426
55.89996
55.59869
55.9371
55.63673
55.97561
55.67381
56.01046
55.70987
56.04942
55.74626
56.08594
55.78487
56.12623
55.8246
56.16417
55.86245
56.20328
55.90203
56.21233
55.93935
56.24815
55.9762
56.28737
56.01342
56.32684
56.05429
56.36444
56.09182
56.40364
56.13107
56.44115
56.1675
56.47808
56.20412
56.51624
56.24356
56.55474
56.28101
56.59312
56.31805
56.63002
56.35721
56.66816
56.39678
56.70609
56.43476
56.74515
56.47377
56.78321
56.51209
56.82122
56.55089
56.85878
56.58591
56.89793
56.62425
56.93353
56.6632
56.96969
56.69932
57.00684
56.73857
57.04471
56.77613
57.08384
56.81435
57.12207
56.85149
57.16182
56.88976
57.20069
56.92705
57.23841
56.96606
57.27563
57.00283
57.31512
57.04308
57.35182
57.07909
57.39273
57.11788
57.43031
57.15401
57.46883
57.19053
57.50478
57.22842
57.54154
57.26537
57.58047
57.30396
57.61745
57.34251
57.65546
57.38219
57.69474
57.42076
57.72868
57.4558
57.7679
57.49534
57.80762
57.53283
57.84455
57.57219
57.8836
57.61086
57.92286
57.65154
57.96184
57.68611
57.99887
57.72375
58.03534
57.76259
58.0755
57.80086
58.11335
57.83979
58.15295
57.87785
58.19112
57.91465
58.22997
57.95393
58.26823
57.9924
58.30653
58.02968
58.34329
58.06807
58.38252
58.10738
58.41986
58.14791
58.45851
58.18468
58.49686
58.22361
58.53614
58.26274
58.57511
58.30246
58.61272
58.33978
58.65047
58.37806
58.68839
58.4173
58.72591
58.45511
58.76477
58.49249
58.8031
58.52928
58.83859
58.56606
58.876
58.60503
58.91845
58.64301
58.9576
58.68014
58.99603
58.71881
59.02819
58.75137
59.06475
58.78992
59.10107
58.82795
59.13993
58.8667
59.17818
58.90575
59.21614
58.94091
59.25217
58.98014
59.29128
59.0181
59.32901
59.05608
59.36574
59.09315
59.40295
59.13208
59.44199
59.16913
59.48013
59.20972
59.51836
59.24848
59.55699
59.28736
59.59615
59.32656
59.63408
59.36577
59.67215
59.40129
59.71083
59.43744
59.74817
59.47732
59.78609
59.51434
59.82652
59.55482
59.86568
59.59316
59.90411
59.63441
59.9423
59.67262
59.98178
59.71297
60.01926
59.75163
60.06028
59.78947
60.0999
59.83013
60.14043
59.86963
60.17984
59.91071
60.2192
59.94929
60.25728
59.98965
60.29666
60.02711
60.33405
60.06388
60.37045
60.1016
60.40986
60.13988
60.44901
60.17941
60.48883
60.21905
60.52858
60.25799
60.56971
60.29767
60.60904
60.33748
60.64996
60.37866
60.68966
60.41741
60.72878
60.45654
60.767
60.49669
60.80621
60.57407
60.84505
60.61257
60.88338
60.65206
60.92147
60.69059
60.96146
60.73019
60.99979
60.76951
61.0386
60.80824
61.07734
60.8458
61.11536
60.88599
61.15451
60.92464
61.19308
60.96294
61.23246
61.00188
61.27098
61.03943
61.30902
61.07899
61.34829
61.11828
61.38601
61.15561
61.41985
61.19301
61.45905
61.23231
61.49763
61.27103
61.53646
61.30868
61.57619
61.34634
61.61472
61.38535
61.65572
61.42459
61.6919
61.46131
61.73098
61.50047
61.76753
61.53563
61.80242
61.57181
61.84016
61.61068
61.88076
61.65018
61.91687
61.68916
61.95596
61.72807
61.99503
61.76463
62.03414
61.805
62.07047
61.84078
62.10751
61.88062
62.14776
61.917
62.18655
61.95394
62.22345
61.99335
62.26271
62.03253
62.30154
62.07327
62.34045
62.15126
62.37922
62.18929
62.41798
62.22596
62.4571
62.26471
62.49384
62.30049
62.52723
62.33795
62.56411
62.37105
62.60218
62.40981
62.64088
62.44847
62.67965
62.48527
62.71917
62.52293
62.75726
62.5608
62.79522
62.59951
62.83385
62.63798
62.86865
62.67547
62.90659
62.71191
62.94517
62.788
62.98256
62.82601
63.02068
62.86539
63.06004
62.90316
63.09941
62.94133
63.13705
62.98053
63.17619
63.01874
63.2142
63.05944
63.25097
63.09678
63.29018
63.13594
63.32933
63.1746
63.36854
63.21385
63.40707
63.2523
63.44643
63.29093
63.48504
63.32916
63.52228
63.36732
63.5633
63.40669
63.6008
63.44622
63.64149
63.48582
63.68105
63.52539
63.72234
63.56569
63.76006
63.60371
63.80106
63.64471
63.83958
63.6843
63.88063
63.72445
63.91859
63.76255
63.95729
63.80283
63.99654
63.84233
64.03568
63.88219
64.0752
63.9216
64.11467
63.96043
64.15476
63.99929
64.19332
64.03854
64.23178
64.07854
64.26565
64.11773
64.3036
64.15207
64.34286
64.19124
64.38251
64.22871
64.42117
64.26778
64.46127
64.30512
64.49953
64.34337
64.53767
64.38004
64.5732
64.41762
64.61111
64.45615
64.64552
64.4956
64.68324
64.53146
64.7236
64.57022
64.76089
64.60786
64.8003
64.64716
64.83762
64.68272
64.87693
64.72253
64.91422
64.75984
64.95294
64.79756
64.99303
64.83688
65.03068
64.8741
65.07171
64.9135
65.10975
64.9529
65.14808
64.99261
65.18709
65.03119
65.22683
65.06891
65.26485
65.10501
65.30409
65.14384
65.34327
65.18132
65.38148
65.22161
65.42059
65.26041
65.45922
65.29958
65.49596
65.33884
65.53384
65.37686
65.57312
65.41499
65.61066
65.45042
65.6478
65.48788
65.68484
65.52618
65.72311
65.56525
65.76036
65.60315
65.80001
65.64384
65.83913
65.68282
65.87988
65.72205
65.91673
65.76112
65.95334
65.79584
65.98974
65.83453
66.02844
65.87063
66.0659
65.90614
66.10502
65.94531
66.14364
65.98342
66.18227
66.02259
66.22133
66.05926
66.26051
66.09837
66.30069
66.1374
66.33768
66.17537
66.37394
66.21297
66.41052
66.24635
66.44734
66.28448
66.48636
66.32401
66.52319
66.36166
66.5602
66.40083
66.59941
66.43259
66.63783
66.47334
66.67717
66.5125
66.71666
66.55174
66.75552
66.59097
66.79291
66.62637
66.83215
66.66573
66.87099
66.70291
66.9066
66.7412
66.94488
66.78055
66.98576
66.82084
67.06505
66.85941
67.10442
66.89905
67.14535
66.93832
67.1836
66.976
67.2246
67.01531
67.26106
67.0519
67.30018
67.09126
67.33967
67.13078
67.37934
67.17036
67.41891
67.2088
67.45815
67.2478
67.49667
67.28671
67.53601
67.32679
67.57592
67.36604
67.61516
67.40529
67.65588
67.44357
67.69503
67.48346
67.73256
67.52251
67.77135
67.56007
67.80901
67.59918
67.84794
67.63769
67.88777
67.67595
67.92625
67.71462
67.96541
67.75372
68.00443
67.7931
68.04519
67.83184
68.08279
67.87099
68.12183
67.9086
68.16091
67.94771
68.19926
67.9853
68.24012
68.02394
68.27717
68.06119
68.31673
68.09968
68.35555
68.13892
68.39485
68.17812
68.43191
68.21787
68.47152
68.25643
68.5108
68.29589
68.54818
68.33349
68.58739
68.37289
68.62434
68.40955
68.66366
68.44881
68.70049
68.48746
68.73761
68.52551
68.77621
68.56227
68.8135
68.60146
68.85265
68.64082
68.89059
68.67898
68.92984
68.71743
68.96718
68.75498
69.00482
68.79234
69.04452
68.83141
69.08369
68.8706
69.12267
68.91114
69.16189
68.9491
69.20087
68.98946
69.27988
69.02859
69.31915
69.0685
69.35796
69.10752
69.39764
69.14243
69.43553
69.18173
69.47327
69.22278
69.51163
69.25934
69.54997
69.30032
69.58932
69.33967
69.62886
69.38085
69.66752
69.41921
69.70612
69.45771
69.74736
69.49744
69.78701
69.53713
69.82871
69.57743
69.90925
69.61737
69.94914
69.65888
69.98949
69.69836
70.02914
69.73969
70.06898
69.77935
70.10836
69.81929
70.14933
69.85871
70.18866
69.89809
70.22626
69.93629
70.26553
69.97662
70.30393
70.01597
70.34315
70.05424
70.38339
70.09381
70.42213
70.13326
70.46315
70.17284
70.50149
70.21306
70.54072
70.25232
70.57813
70.29162
70.61636
70.32903
70.65584
70.36638
70.69304
70.40526
70.73279
70.44312
70.77116
70.48396
70.81018
70.5208
70.84756
70.55952
70.88843
70.59591
70.9259
70.63599
70.96664
70.67516
71.00497
70.71404
71.04339
70.7523
71.08048
70.79308
71.11906
70.83123
71.15675
70.86717
71.19448
70.90723
71.23114
70.94418
71.27041
70.98206
71.31071
71.02122
71.34639
71.06125
71.38543
71.09858
71.42392
71.1367
71.46156
71.17432
71.50052
71.2132
71.53715
71.25224
71.57378
71.28801
71.6097
71.32298
71.64989
71.36013
71.68797
71.39848
71.72278
71.43753
71.76194
71.47533
71.80035
71.51399
71.83939
71.55387
71.87767
71.58961
71.91525
71.62884
71.95355
71.6676
71.99199
71.70589
72.03143
71.74429
72.0703
71.78367
72.10795
71.82355
72.14616
71.86108
72.18549
71.90021
72.22508
71.93916
72.26339
71.97729
72.30452
72.01669
72.34393
72.05591
72.38143
72.09531
72.41956
72.13638
72.45969
72.17574
72.49837
72.2133
72.53653
72.25249
72.57683
72.2926
72.61625
72.3313
72.65723
72.37017
72.69682
72.4099
72.7374
72.44807
72.77715
72.48926
72.81784
72.52902
72.85741
72.56956
72.8987
72.60931
72.93816
72.64909
72.97652
72.68784
73.01598
72.72648
73.05591
72.76517
73.09499
72.80604
73.13359
72.8452
73.17282
72.88448
73.21146
72.92235
73.2495
72.96053
73.28747
72.99891
73.32543
73.03702
73.36471
73.07631
73.40443
73.11557
73.44379
73.15388
73.48124
73.19236
73.52074
73.23341
73.5608
73.2716
73.59964
73.31147
73.63904
73.35098
73.67838
73.39006
73.71765
73.42919
73.75719
73.47033
73.79845
73.5087
73.83418
73.54604
73.87374
73.58545
73.91229
73.62281
73.95162
73.66061
73.98827
73.69978
74.02745
73.73917
74.06604
73.77863
74.10537
73.81802
74.14342
73.85553
74.1817
73.89491
74.21981
73.93278
74.25893
73.97157
74.29733
74.00996
74.33663
74.04752
74.37519
74.0868
74.41124
74.12424
74.45004
74.16264
74.48853
74.19997
74.52657
74.23865
74.56486
74.27741
74.60403
74.31568
74.64341
74.35494
74.6826
74.39361
74.72206
74.43256
74.76105
74.47066
74.79791
74.50903
74.83739
74.55023
74.87698
74.58936
74.91618
74.63066
74.95594
74.66957
74.99633
74.71087
75.03381
74.75034
75.07346
74.78976
75.11221
74.8245
75.15141
74.86181
75.19055
74.90096
75.22996
74.94012
75.2681
74.97556
75.29716
75.01463
75.30363
75.05389
75.38181
75.09269
75.42102
75.13205
75.45992
75.17133
75.49825
75.20893
75.53716
75.24712
75.57737
75.28506
75.61672
75.32442
75.65366
75.36349
75.69305
75.4029
75.73268
75.44212
75.77213
75.48066
75.81058
75.51972
75.84928
75.55878
75.88851
75.59766
75.92773
75.63717
75.96642
75.67539
76.00556
75.71584
76.04424
75.75371
76.08195
75.79192
76.1213
75.8295
76.16096
75.86883
76.20017
75.90593
76.23867
75.94513
76.27525
75.98544
76.31471
76.02325
76.35273
76.06248
76.39207
76.09924
76.42878
76.13869
76.46825
76.17738
76.50716
76.21689
76.54816
76.25443
76.58562
76.29407
76.62378
76.33338
76.66122
76.37272
76.69957
76.41383
76.73729
76.44962
76.77574
76.48914
76.81367
76.52724
76.8513
76.56672
76.89034
76.604
76.92956
76.64325
76.96948
76.68245
77.00548
76.72141
77.04472
76.76031
77.08296
76.79934
77.12178
76.83636
77.16078
76.87663
77.19874
76.91146
77.23787
76.98694
77.27471
77.0254
77.31416
77.06611
77.35156
77.10551
77.39085
77.14284
77.42581
77.18038
77.46521
77.21954
77.50439
77.25878
77.5425
77.29568
77.58042
77.33499
77.61979
77.37303
77.65953
77.41189
77.69869
77.45142
77.73807
77.49049
77.77348
77.52794
77.81342
77.56898
77.85293
77.60856
77.89413
77.64881
77.93364
77.68851
77.97346
77.72518
78.01304
77.7648
78.05425
77.80604
78.09386
77.8457
78.13251
77.8851
78.172
77.92455
78.21085
77.96433
78.2503
78.00387
78.28974
78.0434
78.32885
78.08115
78.36813
78.1207
78.40767
78.20129
78.44575
78.24123
78.48563
78.27937
78.52495
78.3203
78.56307
78.35835
78.60209
78.39878
78.64242
78.43703
78.68141
78.47655
78.72083
78.51589
78.76032
78.55581
78.79729
78.59458
78.8343
78.63425
78.87386
78.67336
78.91351
78.71294
78.95216
78.75067
78.99072
78.79045
79.02957
78.83187
79.06985
78.87145
79.10921
78.91261
79.15026
78.95097
79.18957
78.99139
79.22675
79.03039
79.26604
79.06972
79.29964
79.10596
79.33912
79.14338
79.37767
79.18147
79.41646
79.22259
79.45603
79.2615
79.49498
79.29636
79.53353
79.33591
79.57187
79.37502
79.61014
79.41434
79.64778
79.45377
79.68713
79.49052
79.72605
79.52893
79.7655
79.56818
79.80517
79.60771
79.84477
79.64404
79.88441
79.68361
79.92133
79.72325
79.96096
79.76253
80.00062
79.80212
80.04027
79.84135
80.08008
79.88078
80.11975
79.92035
80.16008
79.95951
80.19957
79.9977
80.23911
80.03721
80.27802
80.07578
80.31878
80.11563
80.35838
80.15575
80.39908
80.19482
80.43781
80.23497
80.47849
80.27491
80.51836
80.3158
80.55922
80.35458
80.59914
80.39593
80.63941
80.43586
80.67931
80.47739
80.72097
80.51743
80.76089
80.55892
80.80136
80.59892
80.84144
80.64062
80.88274
80.68064
80.92245
80.71935
80.96388
80.75917
81.00284
80.80042
81.04057
80.84005
81.08021
80.88081
81.1197
80.92023
81.15865
80.95982
81.19695
80.9982
81.23784
81.03696
81.27426
81.07381
81.31297
81.11219
81.35223
81.1511
81.38614
81.1891
81.42381
81.22585
81.46391
81.26395
81.50315
81.30508
81.54419
81.34457
81.58131
81.38463
81.62094
81.42258
81.65887
81.45983
81.69772
81.4967
81.73438
81.53558
81.77368
81.57357
81.81379
81.6125
81.85339
81.65291
81.89297
81.69138
81.93066
81.73103
81.97015
81.76964
82.00967
81.80914
82.049
81.84646
82.08647
81.88582
82.12498
81.92527
82.16357
81.96383
82.20329
82.00195
82.24187
82.04158
82.28159
82.0816
82.32158
82.11986
82.3616
82.16003
82.4022
82.20015
82.4412
82.24195
82.48296
82.28203
82.52303
82.32256
82.56474
82.36251
82.60464
82.40319
82.64513
82.44312
82.68445
82.48298
82.72472
82.52145
82.76349
82.56081
82.79921
82.6002
82.83844
82.63951
82.87935
82.67743
82.91797
82.71842
82.95691
82.75686
82.99593
82.79514
83.03321
82.83305
83.07404
82.87148
83.11249
82.91257
83.15159
82.95221
83.1911
82.9917
83.2306
83.03115
83.27016
83.07228
83.31087
83.11131
83.34998
83.15026
83.38869
83.18983
83.42822
83.22836
83.46774
83.26795
83.50639
83.30752
83.54607
83.34679
83.58554
83.38641
83.62424
83.42596
83.66389
83.46716
83.70127
83.50525
83.73997
83.54239
83.77859
83.58165
83.81693
83.62115
83.85641
83.65998
83.89455
83.69936
83.93403
83.73879
83.97171
83.7783
84.01136
83.81773
84.05099
83.85481
84.09007
83.89397
84.13132
83.93293
84.17074
83.97189
84.21038
84.01061
84.24891
84.05161
84.28806
84.09019
84.32604
84.12983
84.36548
84.16953
84.40463
84.20825
84.44371
84.24767
84.482
84.28508
84.52135
84.32616
84.56049
84.36397
84.59924
84.40258
84.63923
84.44118
84.67748
84.48091
84.71691
84.51984
84.75502
84.55778
84.79292
84.59605
84.83228
84.63532
84.87119
84.67502
84.91065
84.7144
84.95012
84.75384
84.98904
84.7933
85.02866
84.83282
85.06824
84.87247
85.10648
84.91211
85.14489
84.95053
85.18465
84.98946
85.22448
85.02836
85.26353
85.06989
85.30347
85.10982
85.34197
85.15121
85.38308
85.19104
85.42279
85.23209
85.46255
85.2718
85.50019
85.31065
85.53984
85.35035
85.58112
85.38922
85.62093
85.42735
85.65942
85.46774
85.69769
85.5074
85.73828
85.54631
85.77821
85.5863
85.8181
85.62618
85.85591
85.665
85.89564
85.7048
85.93531
85.74469
85.97509
85.78421
86.01358
85.82397
86.05325
85.86343
86.09208
85.90203
86.13138
85.94159
86.17034
85.98132
86.20808
86.01838
86.24756
86.05733
86.28432
86.09502
86.32433
86.13429
86.36403
86.17398
86.40413
86.21353
86.44315
86.25214
86.48425
86.28455
86.52398
86.31696
86.56404
86.3569
86.60385
86.39678
86.64194
86.43566
86.68182
86.47641
86.7235
86.50877
86.76283
86.54881
86.80403
86.58875
86.84382
86.62957
86.88521
86.66965
86.92508
86.71039
86.96491
86.75002
87.00463
86.78984
87.0455
86.86916
87.0848
86.91087
87.12429
86.95081
87.16376
86.98307
87.20369
87.02306
87.24364
87.05997
87.28252
87.09492
87.32242
87.12983
87.36223
87.16938
87.40204
87.20923
87.44172
87.24908
87.48083
87.2888
87.52048
87.32937
87.5601
87.36904
87.59978
87.40884
87.63849
87.44827
87.6776
87.48638
87.71633
87.52591
87.75594
87.56403
87.79599
87.60371
87.83431
87.64342
87.87354
87.68263
87.91344
87.72282
87.95296
87.75926
87.99345
87.79891
88.03321
87.83775
88.07311
87.87511
88.11294
87.91483
88.14956
87.95474
88.18927
87.99512
88.22836
88.03403
88.26789
88.07453
88.30717
88.11442
88.34695
88.15415
88.38734
88.1919
88.42698
88.23052
88.46593
88.27004
88.50365
88.31007
88.54356
88.34927
88.58197
88.38927
88.62119
88.42764
88.66065
88.46424
88.70071
88.50412
88.74077
88.54492
88.77978
88.58404
88.82104
88.62301
88.86055
88.66353
88.89994
88.70284
88.93935
88.74233
88.98029
88.78171
89.01961
88.82261
89.05865
88.86089
89.09698
88.89951
89.1346
88.93798
89.17319
88.97581
89.21298
89.01499
89.25231
89.05341
89.29322
89.09274
89.3325
89.13352
89.37173
89.17281
89.40778
89.21141
89.44711
89.25075
89.48573
89.29007
89.52383
89.32581
89.56382
89.36522
89.6027
89.40303
89.64314
89.44236
89.72361
89.48107
89.7596
89.52032
89.79932
89.55803
89.8383
89.5977
89.87675
89.63728
89.91145
89.67236
89.95127
89.71127
89.98518
89.74915
90.02527
89.78876
90.05935
89.83022
90.06918
89.86527
90.10537
89.90525
90.14476
89.94298
90.18498
89.98482
90.21633
90.02369
90.23903
90.05796
90.26658
90.09207
90.30283
90.12403
90.33042
90.13401
90.3504
90.1591
90.36908
90.18422
90.37881
90.21819
90.41874
90.25037
90.45564
90.28046
90.48912
90.32191
90.52397
90.33176
90.56377
90.37125
90.60379
90.41252
90.6454
90.45216
90.68046
90.49142
90.72168
90.52908
90.75668
90.55534
90.78056
90.59002
90.81809
90.62166
90.84812
90.65176
90.88726
90.68937
90.92601
90.72904
90.967
90.75918
91.00695
90.79836
91.04617
90.83592
91.07847
90.876
91.11096
90.90675
91.14514
90.94682
91.17003
90.97813
91.1982
91.0107
91.23061
91.04168
91.26275
91.0792
91.29664
91.11909
91.33418
91.16069
91.37323
91.19265
91.41239
91.22536
91.44201
91.23532
91.46878
91.2579
91.50146
91.28356
91.51903
91.29363
91.54819
91.3311
91.57077
91.35128
91.60104
91.37838
91.61782
91.39368
91.64297
91.41637
91.66564
91.44677
91.67335
91.47119
91.70271
91.5041
91.7355
91.52767
91.74302
91.55305
91.77077
91.57332
91.7975
91.58356
91.82021
91.59886
91.84029
91.62318
91.85444
91.64854
91.86684
91.6663
91.89188
91.67396
91.917
91.69579
91.93952
91.71111
91.96121
91.72868
91.98364
91.73843
91.99349
91.77333
92.0284
91.81491
92.06226
91.85477
92.10207
91.89467
92.14198
91.92953
92.18182
91.97006
92.22287
92.01
92.2626
92.0499
92.29992
92.05955
92.3246
92.08692
92.36401
92.14914
92.40293
92.17641
92.44221
92.21545
92.48214
92.25524
92.52204
92.29512
92.56207
92.33513
92.59961
92.37482
92.63966
92.40992
92.67467
92.41986
92.71455
92.45253
92.7515
92.48993
92.76133
92.49992
92.78635
92.52496
92.82155
92.55578
92.86162
92.56573
92.90173
92.60597
92.93665
92.64783
92.9777
92.68786
93.01764
92.72815
93.04993
92.76806
93.08884
92.8079
93.12199
92.84682
93.16184
92.88827
93.20158
92.92783
93.24268
92.96916
93.28211
93.00874
93.32095
93.04994
93.36045
93.08924
93.39912
93.12901
93.43847
93.16718
93.47816
93.20654
93.51749
93.24623
93.55854
93.28574
93.59794
93.3268
93.63853
93.36618
93.67577
93.40588
93.71612
93.44524
93.748
93.48586
93.78754
93.52549
93.82623
93.56523
93.86605
93.60491
93.88728
93.63572
93.89684
93.65538
93.91138
93.665
93.93616
93.70229
93.94578
93.72705
93.97308
93.76202
94.00797
93.78259
94.04543
93.78867
94.08471
93.80856
94.10702
93.83343
94.14678
93.84078
94.16405
93.85812
94.19402
93.86519
94.23423
93.90031
94.24904
93.93963
94.2663
93.96957
94.27603
94.00195
94.30593
94.02429
94.32562
94.04929
94.35568
94.06676
94.38577
94.08413
94.41847
94.10935
94.44785
94.13723
94.47289
94.14733
94.50294
94.16765
94.51045
94.19563
94.53311
94.22699
94.54067
94.23731
94.57599
94.2628
94.58613
94.28979
94.60879
94.30009
94.64252
94.33305
94.66017
94.36838
94.66782
94.40271
94.67793
94.43546
94.70152
94.45731
94.72189
94.47758
94.73214
94.48782
94.74998
94.50568
94.76037
94.51929
94.78228
94.5295
94.80016
94.53993
94.81059
94.56277
94.82848
94.57325
94.84898
94.58629
94.8661
94.60435
94.88902
94.62885
94.89939
94.63931
94.91736
94.65735
94.92777
94.67786
94.94212
94.70261
94.96767
94.72815
94.99301
94.7512
95.01096
94.76923
95.01754
94.78893
95.02418
94.79944
95.04202
94.80995
95.04985
94.82044
95.07025
94.82847
95.08053
94.84375
95.09338
94.8659
95.10278
94.8764
95.11555
94.88938
95.12212
94.89739
95.12869
94.91521
95.14403
94.92572
95.1543
94.94278
95.17963
94.94939
95.20155
94.95596
95.21178
94.98129
95.23209
94.98907
95.25977
95.01434
95.27906
95.02368
95.30681
95.05405
95.31441
95.06181
95.33705
95.08214
95.34629
95.11244
95.37155
95.14185
95.37917
95.16216
95.4045
95.17244
95.42959
95.18673
95.44621
95.19686
95.47372
95.22195
95.48868
95.25201
95.49609
95.25825
95.51611
95.2645
95.52347
95.28693
95.55344
95.31454
95.58081
95.33701
95.61568
95.36189
95.64464
95.37168
95.67955
95.38893
95.71617
95.39873
95.75578
95.43861
95.7849
95.48029
95.81477
95.52036
95.83474
95.56018
95.86487
95.59512
95.87482
95.61662
95.90231
95.64416
95.92977
95.6716
95.95135
95.67903
95.96127
95.70151
95.97611
95.72901
95.98596
95.75147
96.00831
95.76125
96.0532
95.79789
96.08569
95.82777
96.11076
95.86515
96.14089
95.88925
96.16332
95.9167
96.18822
95.94816
96.21992
95.97976
96.24502
96.00715
96.26506
96.03951
96.27763
96.06935
96.30018
96.09681
96.30755
96.1157
96.33768
96.12545
96.36031
96.15267
96.37029
96.18488
96.38551
96.21363
96.39292
96.22322
96.4129
96.2454
96.4192
96.26508
96.42542
96.2887
96.44539
96.29569
96.45269
96.31026
96.46988
96.32479
96.47953
96.3343
96.49908
96.36167
96.5062
96.38394
96.52257
96.40637
96.5298
96.41375
96.54203
96.42855
96.54803
96.43472
96.55405
96.44097
96.56408
96.45333
96.57163
96.45952
96.57928
96.46565
96.58945
96.47807
96.6101
96.48551
96.61639
96.49804
96.62277
96.50439
96.64037
96.51364
96.64663
96.52126
96.65295
96.52772
96.66051
96.5876
96.67051
96.63751
96.67844
96.64388
96.68591
96.65031
96.69582
96.66428
96.71094
96.67987
96.71719
96.69739
96.72344
96.7049
96.73094
96.72508
96.73846
96.73135
96.74594
96.73759
96.75593
96.75763
96.76382
96.76387
96.77876
96.7701
96.78497
96.78008
96.79117
96.7863
96.80365
96.79255
96.81357
96.79999
96.81976
96.82764
96.82592
96.83382
96.83843
96.8401
96.84467
96.8606
96.85963
96.8668
96.86575
96.88181
96.8719
96.88807
96.87932
96.89423
96.88548
96.90039
96.89164
96.91543
96.91165
96.9216
96.91904
96.9278
96.9417
96.93522
96.94785
96.94514
96.954
96.96777
96.98177
96.97392
96.9879
97.00156
96.99404
97.00773
97.00653
97.02319
97.01268
97.02934
97.01882
97.0355
97.03378
97.04543
97.03996
97.05163
97.0461
97.05778
97.06353
97.07774
97.06973
97.08391
97.0759
97.09011
97.09344
97.11066
97.11647
97.11681
97.12262
97.12297
97.14775
97.14305
97.15387
97.15044
97.19418
97.18851
97.202
97.19467
97.22968
97.22205
97.23581
97.22817
97.24197
97.25335
97.25694
97.2595
97.26308
97.26566
97.2692
97.28064
97.28924
97.2868
97.29663
97.29294
97.31671
97.30542
97.32283
97.31155
97.32894
97.31768
97.34383
97.32761
97.35162
97.33375
97.36902
97.34869
97.37511
97.36099
97.38126
97.38086
97.39871
97.3983
97.40485
97.40441
97.411
97.41941
97.43098
97.42678
97.43834
97.43291
97.4482
97.43906
97.46576
97.45399
97.47189
97.47255
97.47807
97.4848
97.49809
97.49722
97.5042
97.5095
97.51034
97.52951
97.53042
97.53565
97.53656
97.5418
97.5427
97.55167
97.57263
97.58684
97.59381
97.5942
97.63395
97.63437
97.67465
97.67887
97.69073
97.68552
97.69775
97.69611
97.70451
97.70353
97.71147
97.71184
97.71844
97.71928
97.72547
97.72681
97.73391
97.74113
97.74104
97.74833
97.74813
97.75542
97.75496
97.76239
97.76162
97.77029
97.7685
97.77734
97.77821
97.79164
97.78416
97.81898
97.81163
97.825
97.84591
97.83058
97.85117
97.84212
97.85634
97.84769
97.88887
97.85304
97.89402
97.8909
97.90542
97.89735
97.91057
97.93398
97.91573
97.963
97.9296
97.98194
97.94631
97.98837
97.9527
98.00986
97.98051
98.01505
97.98688
98.02026
97.99575
98.03667
98.01263
98.04187
98.01898
98.04706
98.03029
98.05597
98.04055
98.06991
98.04941
98.0751
98.05456
98.08649
98.06485
98.09167
98.08911
98.09686
98.09425
98.11079
98.10574
98.11723
98.12234
98.12617
98.13261
98.13137
98.13774
98.13779
98.14288
98.14298
98.14802
98.14816
98.15939
98.15704
98.16965
98.16222
98.17771
98.16739
98.18285
98.17627
98.18798
98.18145
98.19312
98.18662
98.19823
98.19301
98.20459
98.19939
98.20972
98.20826
98.21484
98.2247
98.22117
98.22986
98.2275
98.23503
98.23637
98.2414
98.24272
98.25786
98.26312
98.26303
98.28221
98.2784
98.28733
98.28727
98.30383
98.30867
98.30896
98.31383
98.32536
98.31898
98.33046
98.34237
98.33556
98.36285
98.34066
98.36921
98.37874
98.37807
98.39381
98.3937
98.3989
98.39882
98.404
98.41516
98.41283
98.42027
98.41793
98.42536
98.42303
98.44215
98.42813
98.44727
98.43324
98.45237
98.43835
98.45749
98.44723
98.46261
98.45234
98.47271
98.45747
98.47782
98.46883
98.48294
98.47396
98.48806
98.47911
98.49946
98.48425
98.50458
98.50835
98.50969
98.51862
98.52061
98.525
98.52573
98.53139
98.53708
98.53654
98.5422
98.54167
98.54732
98.54683
98.55868
98.55198
98.5638
98.55712
98.56892
98.5635
98.57526
98.56865
98.58039
98.57379
98.58552
98.5852
98.59779
98.59035
98.60292
98.5955
98.60806
98.60065
98.6132
98.6058
98.61833
98.61095
98.62346
98.62234
98.62982
98.62749
98.63497
98.63263
98.6401
98.64153
98.64526
98.6479
98.66671
98.65427
98.67186
98.66455
98.67701
98.68874
98.69751
98.69901
98.70576
98.72784
98.73289
98.73298
98.73803
98.73812
98.74317
98.77821
98.75816
98.7885
98.76332
98.80132
98.76846
98.80648
98.79312
98.81161
98.79829
98.81675
98.80346
98.82188
98.81591
98.83151
98.82108
98.83665
98.82624
98.84178
98.84016
98.85191
98.84532
98.85704
98.85048
98.86217
98.85686
98.8673
98.86826
98.87367
98.87463
98.87879
98.88854
98.88392
98.89371
98.88905
98.89887
98.89417
98.90523
98.89931
98.91159
98.90443
98.91675
98.90958
98.9219
98.91592
98.92905
98.92104
98.93544
98.92617
98.94183
98.9313
98.95071
98.93764
98.95589
98.94403
98.96104
98.95037
98.96623
98.95554
98.97141
98.9836
98.97659
98.99155
98.98175
99.00305
98.98692
99.0082
98.99207
99.01459
99.00352
99.02351
99.01553
99.02989
99.02192
99.04392
99.03661
99.05446
99.05058
99.06838
99.07147
99.07354
99.08754
99.07867
99.09555
99.09156
99.10448
99.09872
99.11987
99.10509
99.12507
99.11898
99.13026
99.12413
99.14877
99.13568
99.15394
99.14456
99.15914
99.14973
99.16807
99.16631
99.17325
99.18299
99.17844
99.1973
99.18738
99.2076
99.20525
99.21649
99.21164
99.22289
99.22305
99.22926
99.22823
99.23708
99.23342
99.24347
99.23862
99.24863
99.24508
99.26001
99.2565
99.26516
99.26169
99.27032
99.26689
99.27668
99.27208
99.28185
99.28606
99.287
99.29127
99.29591
99.29645
99.31515
99.30284
99.3203
99.30804
99.32546
99.31321
99.33599
99.31962
99.34512
99.33077
99.35402
99.33595
99.35919
99.34114
99.36435
99.35007
99.36951
99.35904
99.38091
99.36797
99.38731
99.37441
99.39619
99.38333
99.40762
99.39227
99.41794
99.39751
99.42429
99.41087
99.43231
99.42233
99.44119
99.42915
99.4501
99.44216
99.4695
99.44738
99.47466
99.45258
99.47984
99.46986
99.49182
99.47507
99.49698
99.48028
99.50214
99.50124
99.5164
99.51019
99.52157
99.52666
99.52676
99.53187
99.54451
99.53707
99.55088
99.55107
99.5614
99.55749
99.56778
99.57268
99.57666
99.5779
99.58472
99.58313
99.58989
99.59203
99.59509
99.59725
99.60772
99.60247
99.61807
99.61928
99.62444
99.62451
99.63646
99.62974
99.6468
99.64834
99.65463
99.65355
99.66352
99.65879
99.66869
99.67403
99.67385
99.67925
99.68024
99.68444
99.68661
99.6934
99.69553
99.69859
99.70444
99.70381
99.70962
99.7143
99.71481
99.71948
99.72
99.7247
99.73288
99.73489
99.73807
99.7401
99.74323
99.74535
99.75214
99.7568
99.76196
99.77242
99.76841
99.77763
99.77733
99.7891
99.78252
99.79431
99.7877
99.79952
99.80038
99.81812
99.80931
99.82456
99.81826
99.8395
99.83257
99.8572
99.85313
99.86618
99.85831
99.87265
99.86349
99.87789
99.86868
99.88313
99.88173
99.88837
99.88953
99.8936
99.89595
99.90206
99.90488
99.91357
99.91127
99.91879
99.92406
99.92401
99.93111
99.9368
99.93871
99.94202
99.95166
99.94727
99.95684
99.9525
99.96843
99.963
99.98033
99.96822
99.98552
99.97345
99.99068
99.98241
100.0035
99.98882
100.0087
99.99776
100.0139
100.0067
100.0291
100.0195
100.0343
100.0247
100.0394
100.0332
100.0446
100.0396
100.0535
100.0448
100.0587
100.05
100.0639
100.0564
100.0753
100.0629
100.0805
100.0743
100.0857
100.0795
100.0926
100.0848
100.099
100.0937
100.113
100.1044
100.1182
100.1109
100.1234
100.1161
100.1335
100.1214
100.1387
100.1303
100.144
100.1356
100.1529
100.1409
100.1694
100.1498
100.1747
100.1563
100.1799
100.1715
100.1888
100.178
100.194
100.1845
100.1993
100.1911
100.2057
100.1964
100.211
100.2017
100.2162
100.2101
100.2214
100.2167
100.2279
100.2233
100.2344
100.2286
100.2409
100.2339
100.2617
100.243
100.267
100.2495
100.2722
100.2586
100.2885
100.2819
100.299
100.2909
100.313
100.2975
100.322
100.3028
100.3272
100.3093
100.3324
100.3158
100.3482
100.3223
100.3534
100.3275
100.3585
100.3327
100.3636
100.3465
100.3688
100.3517
100.3801
100.3568
100.3903
100.3619
100.4016
100.3758
100.4068
100.3846
100.4118
100.3934
100.4267
100.4023
100.4318
100.4085
100.4406
100.4149
100.4457
100.4313
100.4594
100.4363
100.4645
100.4414
100.4708
100.4465
100.4821
100.4543
100.4872
100.4594
100.4923
100.4645
100.5037
100.4733
100.5088
100.4822
100.5139
100.4885
100.5227
100.4973
100.5279
100.5137
100.533
100.5214
100.5444
100.5278
100.5507
100.5341
100.5596
100.543
100.5648
100.5494
100.5699
100.5658
100.5889
100.5723
100.5941
100.5812
100.5992
100.5876
100.6057
100.5956
100.6108
100.6046
100.6172
100.611
100.6337
100.6199
100.6389
100.6289
100.6453
100.6353
100.6542
100.6442
100.6673
100.6608
100.6725
100.666
100.6777
100.6712
100.693
100.6793
100.6982
100.6984
100.7035
100.7037
100.7099
100.7089
100.7189
100.718
100.7253
100.7233
100.7318
100.7285
100.7383
100.7337
100.7435
100.739
100.7487
100.748
100.7574
100.762
100.7626
100.7673
100.7679
100.7725
100.7794
100.7866
100.7846
100.7918
100.7899
100.7971
100.8234
100.8036
100.8286
100.8089
100.8338
100.8141
100.8403
100.8282
100.8548
100.8347
100.8601
100.8437
100.8653
100.8627
100.8705
100.8692
100.8769
100.8782
100.8859
100.8834
100.8948
100.8886
100.9013
100.8975
100.9065
100.904
100.9117
100.9176
100.9246
100.9266
100.9297
100.9397
100.935
100.9449
100.9402
100.9502
100.9491
100.9555
100.9556
100.9607
100.962
100.9727
100.971
100.9792
100.9762
100.9883
100.9815
100.9973
100.9904
101.0127
101.0039
101.018
101.0105
101.0233
101.0169
101.0298
101.0259
101.0413
101.0349
101.0466
101.0413
101.0519
101.0503
101.0649
101.0556
101.0714
101.071
101.0767
101.0775
101.082
101.084
101.0885
101.0904
101.0976
101.0969
101.1148
101.1074
101.1214
101.1139
101.1304
101.1203
101.1357
101.1293
101.1409
101.1423
101.155
101.1476
101.1615
101.1528
101.1731
101.1816
101.1796
101.1869
101.1885
101.1921
101.1976
101.1985
101.2041
101.205
101.2131
101.2102
101.229
101.2167
101.2343
101.2232
101.242
101.2372
101.2473
101.2424
101.2525
101.2529
101.2642
101.2694
101.2732
101.2746
101.2934
101.2798
101.2987
101.2952
101.3039
101.3083
101.313
101.3136
101.3182
101.3381
101.3287
101.3551
101.3352
101.3603
101.3461
101.3753
101.3546
101.3934
101.3661
101.4051
101.3714
101.4201
101.3766
101.4266
101.3906
101.4423
101.397
101.4527
101.4086
101.4644
101.4151
101.4697
101.4241
101.4749
101.4356
101.4814
101.4433
101.4893
101.4523
101.4983
101.4588
101.5073
101.4678
101.5138
101.4768
101.5203
101.4833
101.5268
101.4898
101.5333
101.4989
101.5397
101.5079
101.5462
101.5145
101.5552
101.531
101.5617
101.5464
101.5682
101.5529
101.5747
101.5594
101.5836
101.5685
101.5889
101.5738
101.5942
101.5803
101.6036
101.5868
101.6101
101.5935
101.6166
101.5999
101.623
101.6065
101.6294
101.6117
101.6347
101.617
101.6399
101.626
101.6509
101.635
101.6575
101.6403
101.6665
101.6456
101.6717
101.6547
101.683
101.6713
101.6948
101.6766
101.7
101.6819
101.709
101.6934
101.718
101.7013
101.7284
101.7103
101.7337
101.7155
101.739
101.7296
101.7455
101.7385
101.752
101.745
101.7643
101.7516
101.7708
101.7582
101.776
101.7635
101.7813
101.7701
101.7992
101.7791
101.812
101.7906
101.8173
101.8072
101.8226
101.8137
101.8341
101.8203
101.8406
101.8257
101.8512
101.831
101.8565
101.8364
101.8619
101.8417
101.8734
101.8471
101.88
101.8611
101.8852
101.8665
101.8905
101.8718
101.8958
101.8859
101.9011
101.895
101.9076
101.9015
101.9231
101.9081
101.9284
101.9134
101.9336
101.9268
101.939
101.9321
101.9494
101.9374
101.9547
101.9439
101.96
101.9504
101.969
101.9569
101.9754
101.9635
101.9845
101.9751
101.991
101.9816
101.9975
101.9868
102.0092
101.9922
102.0145
101.9987
102.031
102.0041
102.0453
102.0095
102.0507
102.0236
102.056
102.0301
102.0613
102.0367
102.0719
102.0527
102.0772
102.0593
102.0888
102.0783
102.0941
102.0874
102.0994
102.1006
102.1085
102.1098
102.1151
102.1152
102.1216
102.132
102.1373
102.1412
102.1427
102.1529
102.1481
102.1584
102.1572
102.1639
102.1625
102.173
102.1679
102.1785
102.1745
102.184
102.1827
102.2009
102.1882
102.2076
102.1936
102.2169
102.199
102.2237
102.2111
102.2329
102.2303
102.2384
102.2358
102.244
102.2412
102.256
102.2467
102.2644
102.2559
102.27
102.2615
102.2756
102.267
102.2825
102.2725
102.2893
102.2781
102.2949
102.2892
102.3007
102.2947
102.3064
102.3071
102.316
102.33
102.3218
102.3357
102.3276
102.3413
102.3334
102.3482
102.3392
102.3596
102.3477
102.3652
102.3535
102.3721
102.3593
102.3778
102.3649
102.3835
102.3707
102.3892
102.3777
102.3962
102.3848
102.402
102.392
102.4077
102.3979
102.4248
102.4038
102.4334
102.411
102.4393
102.4231
102.4451
102.4291
102.4605
102.4364
102.4676
102.4425
102.4734
102.4485
102.4805
102.4557
102.4864
102.4629
102.4923
102.4702
102.4983
102.4824
102.5054
102.4885
102.5114
102.4947
102.5174
102.5008
102.5234
102.5081
102.5294
102.5142
102.5355
102.5204
102.5416
102.5266
102.5476
102.5328
102.5537
102.539
102.5611
102.5452
102.5686
102.5527
102.5748
102.559
102.5812
102.5654
102.5875
102.5731
102.5938
102.5794
102.6001
102.586
102.6063
102.5924
102.6127
102.5991
102.619
102.6055
102.6267
102.612
102.6332
102.6186
102.6398
102.6254
102.6464
102.6334
102.6531
102.6402
102.6609
102.647
102.6675
102.6538
102.6742
102.6606
102.6809
102.6674
102.6876
102.6742
102.6942
102.6813
102.7009
102.6881
102.7075
102.6949
102.7142
102.7017
102.721
102.7085
102.7278
102.7154
102.7346
102.7222
102.7414
102.729
102.7481
102.7358
102.7549
102.7426
102.7617
102.7494
102.7685
102.7562
102.7753
102.7631
102.7833
102.7699
102.79
102.7767
102.7968
102.7835
102.8036
102.7904
102.8104
102.7972
102.8172
102.804
102.8239
102.8108
102.8307
102.8176
102.8375
102.8244
102.8443
102.8312
102.8511
102.838
102.8578
102.8449
102.8646
102.8517
102.8714
102.8597
102.8782
102.8665
102.885
102.8733
102.8918
102.8801
102.8985
102.887
102.9053
102.8938
102.9121
102.9006
102.9189
102.9074
102.9257
102.9143
102.9325
102.9211
102.9392
102.9279
102.946
102.9347
102.9528
102.9415
102.9596
102.9483
102.9664
102.9551
102.9732
102.962
102.9812
102.9688
102.9879
102.9756
102.9947
102.9824
103.0015
102.9892
103.0083
102.996
103.0151
103.0028
103.0218
103.0096
103.0286
103.0164
103.0354
103.0233
103.0422
103.0301
103.0489
103.0369
103.0557
103.0437
103.0625
103.0505
103.0693
103.0573
103.076
103.0641
103.0828
103.0709
103.0896
103.0777
103.0964
103.0845
103.1031
103.0913
103.1099
103.0982
103.1167
103.1049
103.1234
103.1117
103.1302
103.1186
103.137
103.1254
103.1438
103.1322
103.1505
103.139
103.1573
103.1458
103.1641
103.1526
103.1708
103.1594
103.1776
103.1662
103.1844
103.173
103.1911
103.1798
103.1979
103.1867
103.2047
103.1935
103.2115
103.2003
103.2182
103.2071
103.225
103.2139
103.2318
103.2207
103.2385
103.2275
103.2453
103.2343
103.2521
103.2411
103.2589
103.2479
103.2656
103.2547
103.2724
103.2615
103.2792
103.2683
103.2859
103.2751
103.2927
103.2819
103.2994
103.2887
103.3062
103.2955
103.313
103.3023
103.3197
103.3091
103.3265
103.3159
103.3332
103.3227
103.34
103.3295
103.3467
103.3362
103.3535
103.343
103.3603
103.3498
103.367
103.3566
103.3738
103.3634
103.3805
103.3702
103.3873
103.377
103.3941
103.3838
103.4008
103.3905
103.4076
103.3973
103.4143
103.4041
103.4211
103.4109
103.4278
103.4177
103.4346
103.4244
103.4413
103.4313
103.4481
103.438
103.4549
103.4448
103.4616
103.4516
103.4684
103.4584
103.4751
103.4651
103.4819
103.4719
103.4886
103.4787
103.4954
103.4854
103.5021
103.4922
103.5089
103.499
103.5156
103.5057
103.5224
103.5125
103.5291
103.5193
103.5359
103.5261
103.5426
103.5328
103.5494
103.5396
103.5561
103.5464
103.5629
103.5531
103.5696
103.5599
103.5764
103.5667
103.5831
103.5734
103.5899
103.5802
103.5966
103.587
103.6034
103.5937
103.6101
103.6005
103.6169
103.6073
103.6236
103.614
103.6304
103.6208
103.6371
103.6276
103.6439
103.6343
103.6506
103.6411
103.6573
103.6479
103.6641
103.6546
103.6708
103.6614
103.6776
103.6681
103.6843
103.6749
103.691
103.6817
103.6978
103.6884
103.7045
103.6952
103.7113
103.7019
103.718
103.7087
103.7247
103.7155
103.7315
103.7222
103.7382
103.729
103.745
103.7357
103.7517
103.7425
103.7585
103.7493
103.7652
103.756
103.7719
103.7628
103.7787
103.7696
103.7854
103.7763
103.7922
103.7831
103.7989
103.7898
103.8056
103.7966
103.8124
103.8033
103.8191
103.8101
103.8259
103.8168
103.8326
103.8236
103.8393
103.8303
103.8461
103.8371
103.8528
103.8438
103.8596
103.8506
103.8663
103.8573
103.873
103.8641
103.8798
103.8708
103.8865
103.8776
103.8933
103.8843
103.9
103.8911
103.9067
103.8978
103.9135
103.9046
103.9202
103.9113
103.9269
103.9181
103.9337
103.9248
103.9404
103.9315
103.9471
103.9383
103.9539
103.945
103.9606
103.9518
103.9673
103.9585
103.9741
103.9653
103.9808
103.972
103.9875
103.9788
103.9943
103.9855
104.001
103.9922
104.0077
103.999
104.0145
104.0057
104.0212
104.0125
104.028
104.0192
104.0347
104.026
104.0414
104.0327
104.0482
104.0395
104.0549
104.0474
104.0617
104.0542
104.0684
104.0609
104.0751
104.0676
104.0819
104.0744
104.0886
104.0811
104.0953
104.0879
104.1021
104.0946
104.1088
104.1014
104.1155
104.1081
104.1223
104.1148
104.129
104.1216
104.1357
104.1283
104.1425
104.1351
104.1492
104.1418
104.156
104.1486
104.1627
104.1553
104.1694
104.162
104.1762
104.1688
104.1829
104.1755
104.1896
104.1823
104.1964
104.189
104.2031
104.1958
104.2098
104.2025
104.2166
104.2093
104.2233
104.216
104.23
104.2227
104.2368
104.2295
104.2435
104.2362
104.2502
104.243
104.257
104.2497
104.2637
104.2565
104.2704
104.2632
104.2772
104.27
104.2839
104.2767
104.2906
104.2835
104.2973
104.2902
104.3041
104.297
104.3108
104.3037
104.3175
104.3104
104.3243
104.3172
104.331
104.3239
104.3377
104.3307
104.3445
104.3374
104.3512
104.3442
104.3579
104.3509
104.3647
104.3577
104.3714
104.3644
104.3781
104.3712
104.3849
104.3779
104.3916
104.3847
104.3983
104.3914
104.4051
104.3981
104.4118
104.4049
104.4185
104.4116
104.4253
104.4184
104.432
104.4251
104.4387
104.4319
104.4455
104.4386
104.4522
104.4454
104.4589
104.4521
104.4657
104.4589
104.4724
104.4656
104.4791
104.4724
104.4859
104.4791
104.4926
104.4858
104.4993
104.4926
104.5061
104.4994
104.5128
104.5061
104.5195
104.5128
104.5263
104.5196
104.533
104.5263
104.5397
104.5331
104.5465
104.5398
104.5532
104.5466
104.5599
104.5533
104.5667
104.5601
104.5734
104.5668
104.5801
104.5736
104.5869
104.5803
104.5936
104.5871
104.6003
104.5938
104.607
104.6005
104.6138
104.6073
104.6205
104.614
104.6272
104.6208
104.6339
104.6275
104.6407
104.6342
104.6474
104.641
104.6541
104.6477
104.6609
104.6545
104.6676
104.6612
104.6743
104.668
104.6811
104.6747
104.6878
104.6814
104.6945
104.6882
104.7013
104.6949
104.708
104.7017
104.7147
104.7084
104.7215
104.7152
104.7282
104.7219
104.7349
104.7287
104.7417
104.7354
104.7484
104.7422
104.7551
104.7489
104.7619
104.7557
104.7686
104.7624
104.7754
104.7692
104.7821
104.7759
104.7888
104.7827
104.7956
104.7894
104.8023
104.7961
104.809
104.8029
104.8158
104.8096
104.8225
104.8164
104.8292
104.8231
104.836
104.8299
104.8427
104.8366
104.8494
104.8434
104.8562
104.8501
104.8629
104.8569
104.8697
104.8636
104.8764
104.8704
104.8831
104.8771
104.8899
104.8839
104.8966
104.8906
104.9034
104.8973
104.9101
104.9041
104.9168
104.9109
104.9236
104.9176
104.9303
104.9243
104.937
104.9311
104.9438
104.9378
104.9505
104.9446
104.9572
104.9513
104.964
104.9581
104.9707
104.9648
104.9775
104.9715
104.9842
104.9783
104.9909
104.985
104.9977
104.9918
105.0044
104.9985
105.0111
105.0053
105.0179
105.012
105.0246
105.0187
105.0313
105.0255
105.038
105.0322
105.0448
105.039
105.0515
105.0457
105.0583
105.0525
105.065
105.0592
105.0717
105.066
105.0785
105.0727
105.0852
105.0795
105.0919
105.0862
105.0987
105.0929
105.1054
105.0997
105.1121
105.1064
105.1189
105.1132
105.1256
105.1199
105.1323
105.1267
105.1391
105.1334
105.1458
105.1402
105.1525
105.1469
105.1593
105.1537
105.166
105.1604
105.1728
105.1672
105.1795
105.1739
105.1862
105.1806
105.193
105.1874
105.1997
105.1941
105.2065
105.2009
105.2132
105.2076
105.2199
105.2144
105.2266
105.2211
105.2334
105.2279
105.2401
105.2346
105.2469
105.2414
105.2536
105.2481
105.2603
105.2549
105.2671
105.2616
105.2738
105.2683
105.2805
105.2751
105.2873
105.2818
105.294
105.2886
105.3008
105.2953
105.3075
105.3021
105.3142
105.3088
105.3209
105.3156
105.3277
105.3223
105.3344
105.329
105.3411
105.3358
105.3479
105.3426
105.3546
105.3493
105.3614
105.356
105.3681
105.3628
105.3748
105.3695
105.3815
105.3763
105.3883
105.383
105.395
105.3898
105.4017
105.3965
105.4085
105.4033
105.4152
105.41
105.4219
105.4168
105.4286
105.4235
105.4354
105.4303
105.4421
105.437
105.4489
105.4438
105.4556
105.4505
105.4623
105.4573
105.469
105.464
105.4758
105.4708
105.4825
105.4775
105.4892
105.4843
105.496
105.491
105.5027
105.4978
105.5095
105.5045
105.5162
105.5113
105.5229
105.518
105.5296
105.5247
105.5364
105.5315
105.5431
105.5382
105.5499
105.545
105.5566
105.5517
105.5633
105.5585
105.5701
105.5652
105.5768
105.572
105.5835
105.5787
105.5903
105.5855
105.597
105.5922
105.6037
105.599
105.6105
105.6057
105.6172
105.6125
105.6239
105.6192
105.6307
105.626
105.6374
105.6327
105.6441
105.6395
105.6509
105.6462
105.6576
105.653
105.6643
105.6597
105.6711
105.6665
105.6778
105.6732
105.6845
105.68
105.6913
105.6867
105.698
105.6935
105.7047
105.7002
105.7115
105.707
105.7182
105.7137
105.7249
105.7205
105.7317
105.7272
105.7384
105.7339
105.7451
105.7407
105.7519
105.7474
105.7586
105.7542
105.7653
105.7609
105.7721
105.7676
105.7788
105.7744
105.7855
105.7811
105.7922
105.7878
105.799
105.7946
105.8057
105.8013
105.8124
105.808
105.8192
105.8148
105.8259
105.8215
105.8326
105.8282
105.8394
105.835
105.8461
105.8417
105.8528
105.8485
105.8596
105.8552
105.8663
105.8619
105.873
105.8687
105.8798
105.8754
105.8865
105.8822
105.8932
105.8889
105.9
105.8957
105.9067
105.9024
105.9134
105.9091
105.9202
105.9159
105.9269
105.9226
105.9336
105.9294
105.9404
105.9361
105.9471
105.9429
105.9538
105.9496
105.9606
105.9563
105.9673
105.9631
105.9741
105.9698
105.9808
105.9766
105.9875
105.9833
105.9943
105.9901
106.001
105.9968
106.0077
106.0035
106.0145
106.0103
106.0212
106.017
106.0279
106.0238
106.0347
106.0305
106.0414
106.0372
106.0481
106.044
106.0549
106.0507
106.0616
106.0575
106.0683
106.0642
106.0751
106.0709
106.0818
106.0777
106.0885
106.0844
106.0953
106.0912
106.102
106.0979
106.1087
106.1047
106.1155
106.1114
106.1222
106.1181
106.1289
106.1248
106.1357
106.1316
106.1424
106.1383
106.1491
106.1451
106.1559
106.1518
106.1626
106.1585
106.1693
106.1653
106.1761
106.172
106.1828
106.1787
106.1895
106.1855
106.1963
106.1922
106.203
106.199
106.2097
106.2057
106.2165
106.2124
106.2232
106.2192
106.2299
106.2259
106.2366
106.2327
106.2434
106.2394
106.2501
106.2462
106.2568
106.2529
106.2635
106.2596
106.2703
106.2664
106.277
106.2731
106.2837
106.2799
106.2905
106.2866
106.2972
106.2934
106.3039
106.3001
106.3107
106.3068
106.3174
106.3136
106.3241
106.3203
106.3308
106.3271
106.3376
106.3338
106.3443
106.3405
106.351
106.3473
106.3577
106.354
106.3645
106.3608
106.3712
106.3675
106.3779
106.3743
106.3847
106.381
106.3914
106.3877
106.3981
106.3945
106.4048
106.4012
106.4116
106.408
106.4183
106.4147
106.425
106.4214
106.4317
106.4281
106.4385
106.4349
106.4452
106.4416
106.4519
106.4483
106.4587
106.4551
106.4654
106.4618
106.4721
106.4686
106.4788
106.4753
106.4856
106.4821
106.4923
106.4888
106.499
106.4955
106.5058
106.5023
106.5125
106.509
106.5192
106.5158
106.5259
106.5225
106.5327
106.5293
106.5394
106.536
106.5462
106.5427
106.5529
106.5495
106.5596
106.5562
106.5664
106.563
106.5731
106.5697
106.5798
106.5765
106.5866
106.5832
106.5933
106.59
106.6
106.5967
106.6068
106.6034
106.6135
106.6102
106.6202
106.6169
106.627
106.6237
106.6337
106.6304
106.6404
106.6372
106.6472
106.6439
106.6539
106.6507
106.6606
106.6574
106.6674
106.6641
106.6741
106.6709
106.6808
106.6777
106.6876
106.6844
106.6943
106.6911
106.701
106.6979
106.7078
106.7046
106.7145
106.7114
106.7212
106.7181
106.728
106.7248
106.7347
106.7316
106.7414
106.7383
106.7482
106.7451
106.7549
106.7518
106.7617
106.7585
106.7684
106.7653
106.7751
106.772
106.7818
106.7787
106.7886
106.7855
106.7953
106.7922
106.802
106.799
106.8088
106.8057
106.8155
106.8124
106.8222
106.8192
106.829
106.8259
106.8357
106.8327
106.8424
106.8394
106.8492
106.8461
106.8559
106.8529
106.8626
106.8596
106.8693
106.8664
106.8761
106.8731
106.8828
106.8799
106.8895
106.8866
106.8963
106.8933
106.903
106.9001
106.9097
106.9068
106.9165
106.9136
106.9232
106.9203
106.9299
106.9271
106.9367
106.9338
106.9434
106.9406
106.9501
106.9473
106.9569
106.954
106.9636
106.9608
106.9703
106.9675
106.9771
106.9743
106.9838
106.981
106.9905
106.9878
106.9973
106.9945
107.004
107.0012
107.0107
107.008
107.0174
107.0147
107.0242
107.0215
107.0309
107.0282
107.0376
107.035
107.0444
107.0417
107.0511
107.0484
107.0578
107.0552
107.0646
107.0619
107.0713
107.0687
107.078
107.0754
107.0847
107.0822
107.0915
107.0889
107.0982
107.0957
107.1049
107.1024
107.1117
107.1092
107.1184
107.1159
107.1252
107.1227
107.1319
107.1294
107.1386
107.1362
107.1453
107.1429
107.1521
107.1497
107.1588
107.1564
107.1655
107.1631
107.1723
107.1699
107.179
107.1766
107.1857
107.1834
107.1925
107.1901
107.1992
107.1969
107.2059
107.2036
107.2126
107.2104
107.2194
107.2171
107.2261
107.2238
107.2328
107.2306
107.2396
107.2373
107.2463
107.2441
107.253
107.2508
107.2598
107.2576
107.2665
107.2643
107.2732
107.271
107.28
107.2778
107.2867
107.2845
107.2934
107.2913
107.3001
107.298
107.3069
107.3047
107.3136
107.3115
107.3204
107.3182
107.3271
107.325
107.3338
107.3317
107.3406
107.3384
107.3473
107.3452
107.354
107.3519
107.3608
107.3587
107.3675
107.3654
107.3742
107.3722
107.381
107.3789
107.3877
107.3856
107.3944
107.3924
107.4012
107.3991
107.4079
107.4059
107.4146
107.4126
107.4214
107.4193
107.4281
107.4261
107.4348
107.4328
107.4416
107.4396
107.4483
107.4463
107.455
107.453
107.4618
107.4598
107.4685
107.4665
107.4752
107.4733
107.482
107.48
107.4887
107.4867
107.4954
107.4935
107.5022
107.5002
107.5089
107.507
107.5156
107.5137
107.5224
107.5205
107.5291
107.5272
107.5358
107.5339
107.5426
107.5407
107.5493
107.5474
107.556
107.5542
107.5628
107.5609
107.5695
107.5676
107.5762
107.5744
107.583
107.5811
107.5897
107.5879
107.5964
107.5946
107.6031
107.6013
107.6099
107.6081
107.6166
107.6148
107.6234
107.6215
107.6301
107.6283
107.6368
107.635
107.6435
107.6417
107.6503
107.6485
107.657
107.6552
107.6638
107.662
107.6705
107.6687
107.6772
107.6754
107.684
107.6822
107.6907
107.6889
107.6974
107.6956
107.7041
107.7024
107.7109
107.7091
107.7176
107.7159
107.7243
107.7226
107.7311
107.7293
107.7378
107.7361
107.7445
107.7428
107.7513
107.7496
107.758
107.7563
107.7647
107.763
107.7714
107.7698
107.7782
107.7765
107.7849
107.7833
107.7916
107.79
107.7984
107.7968
107.8051
107.8035
107.8118
107.8102
107.8186
107.817
107.8253
107.8237
107.832
107.8305
107.8387
107.8372
107.8455
107.8439
107.8522
107.8507
107.8589
107.8574
107.8656
107.8642
107.8724
107.8709
107.8791
107.8777
107.8858
107.8844
107.8926
107.8911
107.8993
107.8979
107.906
107.9046
107.9128
107.9114
107.9195
107.9181
107.9262
107.9249
107.9329
107.9316
107.9397
107.9383
107.9464
107.9451
107.9531
107.9518
107.9598
107.9586
107.9666
107.9653
107.9733
107.9721
107.98
107.9788
107.9867
107.9855
107.9935
107.9923
108.0002
107.999
108.0069
108.0057
108.0137
108.0125
108.0204
108.0192
108.0271
108.0259
108.0339
108.0327
108.0406
108.0394
108.0473
108.0462
108.054
108.0529
108.0608
108.0596
108.0675
108.0664
108.0742
108.0731
108.0809
108.0799
108.0877
108.0866
108.0944
108.0934
108.1011
108.1001
108.1079
108.1068
108.1146
108.1136
108.1213
108.1203
108.1281
108.1271
108.1348
108.1338
108.1415
108.1405
108.1482
108.1473
108.155
108.154
108.1617
108.1608
108.1684
108.1675
108.1751
108.1742
108.1819
108.181
108.1886
108.1877
108.1953
108.1945
108.2021
108.2012
108.2088
108.208
108.2155
108.2147
108.2223
108.2215
108.229
108.2282
108.2357
108.2349
108.2424
108.2417
108.2492
108.2484
108.2559
108.2552
108.2626
108.2619
108.2694
108.2686
108.2761
108.2754
108.2828
108.2821
108.2896
108.2889
108.2963
108.2956
108.303
108.3024
108.3098
108.3091
108.3165
108.3158
108.3232
108.3226
108.3299
108.3293
108.3367
108.3361
108.3434
108.3428
108.3501
108.3495
108.3568
108.3563
108.3636
108.363
108.3703
108.3698
108.377
108.3765
108.3838
108.3832
108.3905
108.39
108.3972
108.3967
108.404
108.4035
108.4107
108.4102
108.4174
108.4169
108.4241
108.4237
108.4309
108.4304
108.4376
108.4372
108.4443
108.4439
108.4511
108.4506
108.4578
108.4574
108.4645
108.4641
108.4713
108.4708
108.478
108.4776
108.4847
108.4843
108.4915
108.4911
108.4982
108.4978
108.5049
108.5045
108.5117
108.5113
108.5184
108.518
108.5251
108.5248
108.5319
108.5315
108.5386
108.5383
108.5453
108.545
108.552
108.5517
108.5588
108.5585
108.5655
108.5652
108.5723
108.572
108.579
108.5787
108.5857
108.5854
108.5924
108.5922
108.5992
108.5989
108.6059
108.6056
108.6126
108.6124
108.6194
108.6191
108.6261
108.6258
108.6328
108.6326
108.6396
108.6393
108.6463
108.646
108.653
108.6528
108.6598
108.6595
108.6665
108.6663
108.6732
108.673
108.6799
108.6797
108.6867
108.6864
108.6934
108.6932
108.7001
108.6999
108.7068
108.7066
108.7136
108.7134
108.7203
108.7201
108.727
108.7268
108.7337
108.7336
108.7405
108.7403
108.7472
108.747
108.754
108.7538
108.7607
108.7605
108.7674
108.7673
108.7741
108.774
108.7809
108.7807
108.7876
108.7875
108.7943
108.7942
108.8011
108.8009
108.8078
108.8077
108.8145
108.8144
108.8213
108.8212
108.828
108.8279
108.8347
108.8346
108.8415
108.8414
108.8482
108.8481
108.8549
108.8548
108.8616
108.8616
108.8684
108.8683
108.8751
108.8751
108.8818
108.8818
108.8886
108.8885
108.8953
108.8953
108.902
108.902
108.9088
108.9088
108.9155
108.9155
108.9222
108.9222
108.929
108.929
108.9357
108.9357
108.9424
108.9424
108.9492
108.9492
108.9559
108.9559
108.9626
108.9626
108.9694
108.9694
108.9761
108.9761
108.9828
108.9828
108.9895
108.9896
108.9963
108.9963
109.003
109.0031
109.0097
109.0098
109.0164
109.0165
109.0232
109.0233
109.0299
109.03
109.0366
109.0368
109.0434
109.0435
109.0501
109.0503
109.0568
109.057
109.0635
109.0637
109.0703
109.0705
109.077
109.0772
109.0837
109.0839
109.0904
109.0907
109.0972
109.0974
109.1039
109.1042
109.1106
109.1109
109.1174
109.1177
109.1241
109.1244
109.1309
109.1311
109.1376
109.1379
109.1443
109.1446
109.151
109.1514
109.1578
109.1581
109.1645
109.1648
109.1712
109.1716
109.178
109.1783
109.1847
109.1851
109.1915
109.1918
109.1982
109.1985
109.2049
109.2053
109.2116
109.212
109.2184
109.2188
109.2251
109.2255
109.2318
109.2323
109.2386
109.239
109.2453
109.2457
109.252
109.2525
109.2588
109.2592
109.2655
109.266
109.2722
109.2727
109.279
109.2794
109.2857
109.2862
109.2924
109.2929
109.2992
109.2997
109.3059
109.3064
109.3126
109.3132
109.3194
109.3199
109.3261
109.3267
109.3328
109.3334
109.3396
109.3401
109.3463
109.3469
109.353
109.3536
109.3597
109.3604
109.3665
109.3671
109.3732
109.3738
109.3799
109.3806
109.3867
109.3873
109.3934
109.3941
109.4001
109.4008
109.4068
109.4075
109.4136
109.4143
109.4203
109.421
109.427
109.4278
109.4337
109.4345
109.4405
109.4413
109.4472
109.448
109.4539
109.4547
109.4606
109.4615
109.4674
109.4682
109.4741
109.475
109.4808
109.4817
109.4876
109.4884
109.4943
109.4952
109.501
109.5019
109.5078
109.5087
109.5145
109.5154
109.5212
109.5221
109.528
109.5289
109.5347
109.5356
109.5414
109.5424
109.5481
109.5491
109.5549
109.5558
109.5616
109.5626
109.5683
109.5693
109.5751
109.5761
109.5818
109.5828
109.5885
109.5895
109.5953
109.5963
109.602
109.603
109.6087
109.6098
109.6154
109.6165
109.6222
109.6233
109.6289
109.63
109.6356
109.6367
109.6424
109.6435
109.6491
109.6502
109.6558
109.6569
109.6626
109.6637
109.6693
109.6704
109.676
109.6771
109.6827
109.6839
109.6895
109.6906
109.6962
109.6973
109.7029
109.7041
109.7097
109.7108
109.7164
109.7176
109.7231
109.7243
109.7299
109.731
109.7366
109.7378
109.7433
109.7445
109.75
109.7513
109.7568
109.758
109.7635
109.7647
109.7702
109.7715
109.777
109.7782
109.7837
109.785
109.7904
109.7917
109.7971
109.7984
109.8039
109.8052
109.8106
109.8119
109.8173
109.8186
109.8241
109.8254
109.8308
109.8321
109.8375
109.8389
109.8442
109.8456
109.851
109.8523
109.8577
109.8591
109.8644
109.8658
109.8712
109.8726
109.8779
109.8793
109.8846
109.886
109.8914
109.8928
109.8981
109.8995
109.9048
109.9062
109.9116
109.913
109.9183
109.9197
109.925
109.9265
109.9317
109.9332
109.9385
109.9399
109.9452
109.9467
109.9519
109.9534
109.9587
109.9602
109.9654
109.9669
109.9721
109.9736
109.9789
109.9804
109.9856
109.9871
109.9923
109.9939
109.999
110.0006
110.0058
110.0073
