10.01035
10.01069
10.01574
10.01658
10.02114
10.02244
10.02654
10.02827
10.03197
10.0341
10.03863
10.03991
10.04408
10.04572
10.04951
10.05152
10.05496
10.0573
10.06041
10.06313
10.06587
10.06893
10.07133
10.07474
10.07687
10.08054
10.08235
10.08634
10.08788
10.09212
10.09338
10.09794
10.09895
10.10382
10.10474
10.10972
10.11031
10.1156
10.11589
10.12144
10.12154
10.12727
10.12718
10.13309
10.13282
10.13895
10.13843
10.14482
10.14404
10.1507
10.14975
10.15654
10.15534
10.16239
10.16095
10.16823
10.16653
10.17409
10.17234
10.17996
10.17794
10.18583
10.18353
10.19177
10.18918
10.19769
10.19481
10.20363
10.20045
10.20955
10.20632
10.21547
10.21191
10.22138
10.21758
10.22728
10.22318
10.23324
10.22878
10.23912
10.23446
10.24505
10.24005
10.25091
10.2457
10.25679
10.25126
10.26268
10.25682
10.26861
10.26239
10.27452
10.26797
10.28044
10.27353
10.28638
10.27909
10.29236
10.28466
10.29828
10.29022
10.30422
10.29579
10.31011
10.30134
10.31596
10.30696
10.32187
10.31253
10.32778
10.3181
10.33372
10.32372
10.33968
10.32932
10.34566
10.33492
10.35161
10.3405
10.35753
10.3461
10.36351
10.35172
10.3695
10.35733
10.37547
10.3629
10.38138
10.36847
10.38733
10.37406
10.39336
10.37965
10.39937
10.38524
10.40532
10.39081
10.41126
10.39641
10.41718
10.40197
10.42311
10.40878
10.42889
10.41439
10.43482
10.41997
10.44078
10.42555
10.44669
10.43117
10.45257
10.43675
10.45849
10.44235
10.46438
10.44794
10.47028
10.45355
10.47624
10.45917
10.48213
10.46478
10.48805
10.47038
10.49397
10.47599
10.49995
10.4816
10.50587
10.48719
10.51178
10.49277
10.51775
10.49836
10.52369
10.50395
10.52964
10.50957
10.5356
10.5152
10.54154
10.5208
10.54756
10.52643
10.55357
10.53203
10.55958
10.53765
10.56556
10.54325
10.57154
10.54889
10.57758
10.55449
10.58362
10.56011
10.58965
10.56572
10.59573
10.57131
10.60177
10.57692
10.60788
10.58256
10.614
10.58817
10.62004
10.59379
10.62604
10.59938
10.63206
10.60498
10.63805
10.61059
10.64404
10.61625
10.65002
10.62189
10.65593
10.62751
10.66185
10.63313
10.6678
10.63875
10.67378
10.64434
10.67972
10.64997
10.68566
10.65558
10.69158
10.66121
10.69757
10.66684
10.70349
10.67247
10.70942
10.67808
10.71533
10.68372
10.72128
10.68935
10.72728
10.69496
10.73327
10.70057
10.7392
10.70621
10.7452
10.71182
10.75121
10.71745
10.75724
10.72304
10.76327
10.72868
10.7693
10.73429
10.77539
10.73993
10.78145
10.74553
10.78751
10.75112
10.79352
10.75673
10.7996
10.76232
10.80571
10.76795
10.81173
10.77358
10.81778
10.77919
10.82385
10.78601
10.82991
10.79163
10.83596
10.79723
10.84206
10.80285
10.84817
10.80846
10.85432
10.81408
10.86043
10.81973
10.86651
10.82536
10.87262
10.83099
10.87868
10.83663
10.8848
10.84228
10.89095
10.8479
10.89708
10.85354
10.90319
10.85921
10.90923
10.86484
10.91525
10.87045
10.92136
10.87611
10.92749
10.88173
10.93361
10.88739
10.93973
10.89301
10.94585
10.89864
10.95192
10.90428
10.95806
10.90988
10.96416
10.91548
10.97029
10.92108
10.97643
10.92669
10.98252
10.93231
10.9886
10.93795
10.9947
10.94355
11.00079
10.94919
11.00688
10.95479
11.01298
10.96042
11.01904
10.966
11.02508
10.97159
11.03117
10.97716
11.03726
10.98275
11.0433
10.98834
11.0494
10.99399
11.05548
10.99961
11.06155
11.00524
11.06763
11.01083
11.07373
11.01642
11.07984
11.02202
11.08597
11.02761
11.09211
11.03321
11.0982
11.03879
11.10432
11.04444
11.11041
11.05006
11.11651
11.05566
11.1226
11.06128
11.12869
11.06692
11.13482
11.07249
11.14091
11.07808
11.14697
11.08366
11.15307
11.08919
11.15912
11.09474
11.16523
11.10032
11.17128
11.10588
11.17735
11.11148
11.18347
11.11704
11.18955
11.12258
11.19561
11.12819
11.20162
11.13375
11.20769
11.14054
11.21374
11.14608
11.2198
11.15163
11.22588
11.1572
11.23198
11.16275
11.23796
11.16833
11.24407
11.1739
11.25018
11.17947
11.25623
11.18506
11.26233
11.19066
11.2685
11.19626
11.27462
11.20187
11.28071
11.20747
11.28673
11.21312
11.29275
11.21875
11.29879
11.22438
11.30484
11.23001
11.31089
11.23564
11.31695
11.24123
11.32299
11.24685
11.32902
11.25247
11.33511
11.25809
11.34117
11.26373
11.34728
11.26935
11.35337
11.275
11.35947
11.28066
11.36554
11.28635
11.37167
11.29199
11.37768
11.29766
11.3837
11.3033
11.38974
11.30899
11.39583
11.31469
11.40187
11.32039
11.40792
11.32605
11.41402
11.33171
11.42007
11.33735
11.4261
11.34298
11.43215
11.34862
11.43826
11.35423
11.44431
11.3599
11.45033
11.36553
11.45638
11.37113
11.4624
11.37674
11.4684
11.38235
11.47443
11.38795
11.48055
11.39354
11.48659
11.39915
11.49267
11.40475
11.49874
11.41033
11.50477
11.41591
11.51081
11.42153
11.51687
11.42714
11.52288
11.43275
11.52891
11.4384
11.53492
11.44409
11.5409
11.44975
11.54687
11.45543
11.55281
11.46112
11.55877
11.46681
11.56474
11.47252
11.57071
11.47826
11.57671
11.48398
11.58266
11.48967
11.58866
11.49539
11.59458
11.50108
11.60052
11.50681
11.60648
11.51252
11.61245
11.51824
11.61838
11.5252
11.62432
11.5309
11.63022
11.53663
11.63613
11.54239
11.64202
11.54813
11.6479
11.5539
11.6538
11.55961
11.65963
11.5654
11.66668
11.57113
11.67255
11.57686
11.67846
11.58259
11.68436
11.58833
11.69025
11.59409
11.69614
11.59985
11.70201
11.6056
11.70793
11.61134
11.71381
11.61709
11.71969
11.62284
11.72559
11.62858
11.73149
11.63434
11.73739
11.64008
11.74324
11.64582
11.74911
11.65159
11.75491
11.65731
11.76073
11.66306
11.76664
11.66881
11.77252
11.67458
11.77837
11.68032
11.78422
11.6861
11.79002
11.69188
11.79582
11.69765
11.80168
11.70343
11.80748
11.7092
11.81322
11.71496
11.81908
11.72071
11.8249
11.72649
11.8307
11.73226
11.83652
11.73803
11.84233
11.74378
11.84811
11.74954
11.85393
11.75531
11.85975
11.76107
11.8656
11.76682
11.8714
11.77262
11.8772
11.77841
11.88302
11.78422
11.89011
11.79002
11.89595
11.79583
11.90181
11.80164
11.90758
11.80748
11.91342
11.81328
11.91926
11.81909
11.92505
11.82487
11.93089
11.83065
11.93676
11.83642
11.94252
11.84221
11.94832
11.84801
11.95413
11.8538
11.95994
11.8596
11.96571
11.8666
11.97154
11.87243
11.97734
11.87823
11.98319
11.88404
11.98901
11.88986
11.99476
11.89569
12.00057
11.90152
12.00636
11.90733
12.01216
11.91315
12.01796
11.91899
12.02371
11.92478
12.02956
11.9306
12.03536
11.93645
12.04114
11.94228
12.04695
11.94811
12.05276
11.95396
12.05855
11.95983
12.06438
11.96567
12.07015
11.97153
12.07602
11.97736
12.08171
11.98321
12.08749
11.98905
12.09332
11.99486
12.09911
12.00069
12.10493
12.0065
12.11074
12.01232
12.11775
12.01816
12.12357
12.02397
12.12945
12.0298
12.13531
12.03565
12.14118
12.04147
12.14699
12.04728
12.15274
12.05309
12.15853
12.05892
12.16431
12.0647
12.17015
12.07049
12.17873
12.07629
12.18449
12.08209
12.19028
12.08793
12.19727
12.09379
12.20317
12.09964
12.20905
12.10548
12.2149
12.11133
12.22078
12.11715
12.22665
12.12298
12.23248
12.12878
12.23836
12.13458
12.24424
12.14026
12.25009
12.1459
12.25595
12.15148
12.26177
12.15708
12.26759
12.16261
12.27348
12.16813
12.27931
12.17366
12.28507
12.17918
12.29215
12.18471
12.29798
12.19027
12.30377
12.19583
12.30958
12.2014
12.31539
12.20818
12.32122
12.21377
12.32708
12.21936
12.3329
12.22498
12.33872
12.23061
12.34456
12.23623
12.35038
12.24186
12.35621
12.24755
12.36211
12.25321
12.36799
12.25887
12.37384
12.26455
12.37968
12.27024
12.3855
12.27596
12.39138
12.28167
12.39726
12.28739
12.4031
12.29309
12.40896
12.2988
12.41477
12.30452
12.42058
12.31026
12.42634
12.31598
12.43215
12.32174
12.43797
12.32748
12.44376
12.33317
12.44958
12.33887
12.45543
12.34458
12.46126
12.3503
12.46712
12.35604
12.47288
12.36178
12.47866
12.36752
12.48448
12.37329
12.4903
12.37903
12.49611
12.38478
12.50191
12.39054
12.50768
12.39631
12.51346
12.40209
12.5205
12.40786
12.52627
12.41364
12.53212
12.41943
12.53913
12.4252
12.545
12.43098
12.5508
12.4368
12.55665
12.44262
12.56254
12.44844
12.56843
12.45424
12.57432
12.46005
12.58017
12.46585
12.586
12.47166
12.59184
12.47747
12.59768
12.48328
12.60352
12.48907
12.6094
12.49489
12.6152
12.50069
12.62104
12.50649
12.62689
12.5123
12.63271
12.5181
12.63853
12.52388
12.64436
12.52965
12.65136
12.53543
12.65717
12.54122
12.66301
12.54821
12.66879
12.55402
12.67578
12.55981
12.68163
12.56557
12.6875
12.57136
12.69332
12.57713
12.69914
12.5829
12.70495
12.58867
12.71083
12.59444
12.71671
12.60021
12.72257
12.60598
12.7284
12.61175
12.73427
12.61747
12.74014
12.62325
12.74603
12.62903
12.75189
12.63482
12.75779
12.64061
12.76364
12.64639
12.76952
12.65219
12.77538
12.65797
12.78126
12.66374
12.78708
12.66952
12.7929
12.67531
12.79876
12.6811
12.80462
12.6869
12.81054
12.6927
12.81639
12.69847
12.82226
12.70426
12.82814
12.71001
12.83402
12.71577
12.83994
12.72154
12.84579
12.7273
12.85169
12.73304
12.85756
12.73878
12.86339
12.74452
12.86924
12.75027
12.87509
12.75601
12.88099
12.76175
12.88688
12.76747
12.8927
12.77321
12.89855
12.77896
12.90436
12.78469
12.91019
12.79048
12.91604
12.79625
12.92189
12.802
12.92771
12.80778
12.93356
12.81355
12.93946
12.81932
12.94651
12.82508
12.95237
12.83086
12.95816
12.83664
12.96395
12.84241
12.96975
12.84821
12.97682
12.854
12.98266
12.85982
12.98856
12.86564
12.99443
12.87142
13.00026
12.87722
13.00612
12.88301
13.01194
12.88883
13.0178
12.89583
13.02486
12.90165
13.03072
12.90746
13.0366
12.91327
13.04249
12.91908
13.04841
12.92489
13.05429
12.93071
13.06013
12.93653
13.06603
12.94237
13.07191
12.94818
13.0778
12.95402
13.08373
12.95984
13.08964
12.96566
13.09561
12.97148
13.10147
12.97732
13.1074
12.98313
13.11329
12.98894
13.1192
12.99478
13.12508
13.00062
13.131
13.00642
13.13684
13.01225
13.14269
13.01808
13.14979
13.0239
13.15567
13.02971
13.16154
13.03553
13.1674
13.04131
13.17328
13.04712
13.18198
13.05292
13.18792
13.05874
13.19386
13.06454
13.19972
13.07037
13.2056
13.07619
13.21151
13.082
13.21742
13.08779
13.22334
13.09363
13.22925
13.09946
13.23516
13.10526
13.24109
13.11107
13.24704
13.11687
13.25294
13.12266
13.25883
13.1285
13.26469
13.13426
13.27063
13.14003
13.27652
13.14581
13.28247
13.1516
13.28839
13.15737
13.29431
13.16314
13.30025
13.1689
13.30616
13.17465
13.31207
13.18046
13.31798
13.18625
13.3239
13.19203
13.32979
13.19785
13.33574
13.20365
13.34171
13.20945
13.34765
13.21523
13.35359
13.22099
13.35951
13.22679
13.36541
13.23254
13.37133
13.2383
13.37726
13.24405
13.38319
13.24987
13.38913
13.25565
13.39506
13.2614
13.401
13.26719
13.40689
13.27299
13.41278
13.27882
13.41869
13.28467
13.42455
13.2905
13.4305
13.29635
13.43648
13.30219
13.44245
13.30803
13.44839
13.31392
13.45428
13.3198
13.46028
13.3257
13.46618
13.33161
13.47216
13.33757
13.47814
13.34352
13.48403
13.34944
13.48999
13.3554
13.49599
13.36137
13.50189
13.36735
13.50782
13.37334
13.51378
13.37935
13.51975
13.38538
13.52573
13.3914
13.5317
13.39743
13.53769
13.4034
13.54364
13.40941
13.54968
13.41545
13.55569
13.42147
13.56167
13.42749
13.56763
13.43349
13.5736
13.43952
13.57956
13.44554
13.58547
13.45153
13.59135
13.45753
13.59729
13.46348
13.60327
13.46941
13.60921
13.47529
13.61514
13.48119
13.62109
13.4871
13.62712
13.49288
13.63311
13.4987
13.63906
13.50453
13.64497
13.51035
13.6509
13.51622
13.65684
13.52199
13.66283
13.52776
13.66882
13.53352
13.67476
13.53928
13.68074
13.54504
13.68671
13.55083
13.69273
13.55667
13.6987
13.5625
13.70474
13.56834
13.71084
13.57426
13.71684
13.58025
13.72406
13.58619
13.73004
13.5922
13.73608
13.59818
13.74217
13.60418
13.74811
13.61016
13.75412
13.61618
13.76015
13.62221
13.76607
13.62823
13.77211
13.63435
13.77812
13.64041
13.78415
13.64653
13.79013
13.65264
13.79613
13.65876
13.80214
13.66489
13.80819
13.67105
13.8142
13.67717
13.82021
13.68334
13.8262
13.68955
13.83225
13.69579
13.83827
13.70204
13.84435
13.70838
13.85041
13.71469
13.8565
13.72104
13.86247
13.7274
13.86848
13.73498
13.87448
13.74126
13.8805
13.74751
13.88649
13.7538
13.89256
13.76011
13.89858
13.76647
13.90453
13.77279
13.91045
13.77908
13.91648
13.78534
13.92252
13.79168
13.92857
13.79799
13.93461
13.80426
13.94065
13.81057
13.94665
13.81693
13.95267
13.8244
13.95871
13.83077
13.96478
13.8372
13.97067
13.84349
13.97671
13.84979
13.98271
13.85612
13.98879
13.86244
13.99484
13.86871
14.00085
13.87492
14.00689
13.88112
14.01287
13.8873
14.01888
13.89345
14.02481
13.89956
14.03082
13.90552
14.0368
13.91147
14.04281
13.91743
14.04884
13.9234
14.05487
13.92939
14.06081
13.93537
14.06804
13.94143
14.07405
13.94754
14.0801
13.95356
14.08609
13.95968
14.09339
13.9657
14.09945
13.97167
14.10549
13.98146
14.11159
13.98757
14.11771
13.99365
14.12379
13.99981
14.13354
14.00597
14.13965
14.01211
14.14565
14.0183
14.15172
14.02438
14.15776
14.03044
14.1639
14.03655
14.16997
14.04272
14.17607
14.04894
14.18215
14.05505
14.18814
14.06117
14.1942
14.06729
14.20025
14.07344
14.20627
14.07955
14.21346
14.08564
14.21946
14.0917
14.22545
14.09772
14.23147
14.10379
14.23761
14.10991
14.2437
14.11602
14.24979
14.12213
14.25585
14.12826
14.26188
14.13441
14.26799
14.14056
14.27404
14.14672
14.28006
14.15287
14.28622
14.15904
14.29231
14.1652
14.2984
14.17139
14.30449
14.17879
14.31058
14.185
14.31666
14.19123
14.32269
14.19745
14.32878
14.20488
14.33488
14.21106
14.34096
14.21726
14.34705
14.22349
14.35311
14.22972
14.35931
14.23591
14.36547
14.24338
14.37162
14.24957
14.37782
14.25582
14.38395
14.26189
14.39003
14.26803
14.39609
14.27418
14.40218
14.28035
14.40832
14.28653
14.41448
14.29274
14.42059
14.29887
14.42675
14.30505
14.43294
14.31122
14.43908
14.31739
14.44512
14.32364
14.45129
14.32989
14.45736
14.33614
14.46351
14.34236
14.46957
14.34856
14.47567
14.35471
14.48177
14.36089
14.48785
14.36705
14.49394
14.3732
14.49999
14.38048
14.50597
14.38666
14.51205
14.39284
14.51932
14.39902
14.52542
14.40517
14.53156
14.41135
14.53764
14.41746
14.54376
14.42352
14.54993
14.42961
14.55606
14.43575
14.5622
14.44305
14.56841
14.44928
14.57455
14.45549
14.58073
14.4617
14.5881
14.46799
14.59433
14.47424
14.60053
14.48176
14.60663
14.488
14.61279
14.49426
14.61891
14.50172
14.62516
14.50917
14.63127
14.51532
14.63736
14.5215
14.64462
14.52776
14.65073
14.53763
14.6569
14.54503
14.66306
14.55124
14.66911
14.5574
14.67512
14.56966
14.68119
14.57577
14.68728
14.58309
14.69346
14.58924
14.69961
14.59536
14.7056
14.60149
14.71173
14.60756
14.71775
14.61366
14.7251
14.62099
14.7312
14.6271
14.73733
14.63324
14.74355
14.63944
14.7497
14.64562
14.75578
14.65181
14.76186
14.65799
14.76809
14.66538
14.77439
14.67279
14.78166
14.67902
14.78772
14.68527
14.7938
14.69146
14.79984
14.69764
14.80599
14.70379
14.81201
14.70991
14.81809
14.71607
14.82414
14.72224
14.83133
14.72846
14.83736
14.73466
14.84339
14.74092
14.8493
14.74842
14.85651
14.75587
14.86372
14.76213
14.87089
14.76954
14.87808
14.7757
14.88414
14.78189
14.89018
14.78926
14.89619
14.79547
14.90338
14.80169
14.90941
14.80785
14.91541
14.81411
14.92141
14.8203
14.9275
14.82647
14.93358
14.83269
14.93959
14.83884
14.94565
14.84499
14.95286
14.85234
14.95891
14.8585
14.96496
14.86463
14.97098
14.87076
14.9783
14.87687
14.9857
14.89038
14.99181
14.89641
14.99788
14.96593
15.00399
15.02185
15.01004
15.03504
15.01609
15.04115
15.02353
15.04722
15.02968
15.05332
15.03568
15.05937
15.0419
15.06549
15.0481
15.0716
15.05435
15.07765
15.06063
15.08486
15.06666
15.14115
15.07289
15.23221
15.07903
15.30652
15.08514
15.34643
15.09134
15.35592
15.09752
15.36296
15.10367
15.36876
15.10989
15.37459
15.11606
15.39161
15.12344
15.39742
15.12966
15.40322
15.13587
15.41778
15.14189
15.42485
15.14811
15.44097
15.15422
15.44806
15.16034
15.4576
15.16643
15.46466
15.17257
15.47055
15.17864
15.47645
15.18471
15.48603
15.19087
15.49193
15.19705
15.49778
15.20333
15.50483
15.20942
15.58265
15.21552
15.66442
15.22158
15.73695
15.22773
15.79937
15.23394
15.80897
15.24616
15.82368
15.2523
15.82963
15.25843
15.83564
15.2657
15.84531
15.27182
15.85128
15.27788
15.86103
15.28393
15.8758
15.28998
15.88178
15.29725
15.88781
15.30329
15.89505
15.30931
15.90229
15.31533
15.90953
15.32133
15.91683
15.32857
15.92659
15.3346
15.93266
15.34061
15.93873
15.34661
15.94603
15.35252
15.95582
15.36468
15.9631
15.37059
15.96917
15.37649
15.97523
15.38855
15.98995
15.39434
15.99956
15.40009
16.00557
15.40957
16.01148
15.41531
16.02109
15.4211
16.02698
15.42807
16.03286
15.43378
16.04237
15.43949
16.09574
15.4539
16.17502
15.46083
16.25493
15.46657
16.29431
15.47232
16.30146
15.47812
16.31107
15.48383
16.31818
15.48952
16.3277
15.49526
16.33472
15.50107
16.34676
15.5068
16.35257
15.51255
16.35839
15.51826
16.37284
15.52402
16.37876
15.52977
16.38466
15.5355
16.39429
15.54122
16.40147
15.54698
16.41361
15.55277
16.42074
15.55859
16.42796
15.56441
16.43766
15.57023
16.44365
15.57613
16.44959
15.58322
16.45674
15.5903
16.46272
15.59616
16.46868
15.60201
16.47463
15.60914
16.48434
15.61519
16.49151
15.62115
16.49754
15.62716
16.50342
15.63309
16.50936
15.64028
16.53043
15.64632
16.53632
15.65232
16.54223
15.65834
16.55928
15.66432
16.5689
15.67027
16.58852
15.67742
16.59561
15.68357
16.60272
15.68957
16.62229
15.69561
16.62826
15.70282
16.63421
15.70893
16.64631
15.71495
16.65221
15.72713
16.65817
15.73312
16.66538
15.7392
16.67502
15.74536
16.68094
15.75255
16.69562
15.75853
16.70156
15.76447
16.70755
15.7705
16.72228
15.77778
16.7282
15.79018
16.73413
15.7963
16.74616
15.80245
16.75323
15.80871
16.76524
15.8208
16.77232
15.82702
16.7868
15.83321
16.79255
15.83916
16.79829
15.84517
16.81016
15.85762
16.81588
15.86367
16.82161
15.86977
16.84351
15.87576
16.85045
15.88794
16.8573
15.89401
16.87165
15.90011
16.88104
15.90621
16.88788
15.92363
16.89475
15.92969
16.91121
15.93565
16.91686
15.94541
16.93621
15.95147
16.9571
15.95745
16.96276
15.98689
16.96846
15.99374
16.97413
16.02299
16.98107
16.0298
16.98797
16.05839
16.99752
16.06388
17.0044
16.06935
17.01705
16.08853
17.02274
16.09395
17.02846
16.09937
17.04039
16.1284
17.04616
16.13375
17.05187
16.13906
17.06143
16.16209
17.06836
16.16854
17.08782
16.17502
17.11324
16.1949
17.12266
16.20018
17.13954
16.20546
17.14522
16.24198
17.16379
16.24733
17.20053
16.2765
17.2098
16.28186
17.23147
16.28722
17.24066
16.3113
17.256
16.31797
17.26143
16.35429
17.28196
16.38613
17.28853
16.39519
17.30758
16.43218
17.31296
16.46075
17.32452
16.46732
17.32989
16.52386
17.33523
16.53034
17.35431
16.56612
17.36255
16.57144
17.37164
16.57675
17.40546
16.60691
17.43612
16.63562
17.45154
16.64222
17.4582
16.67001
17.47488
16.69647
17.48155
16.73202
17.49733
16.74096
17.50652
16.77707
17.51199
16.81518
17.51746
16.8485
17.52967
16.86794
17.54636
16.87454
17.55556
16.90108
17.56974
16.90765
17.57524
16.92072
17.5808
16.92606
17.6016
16.93147
17.6773
16.95222
17.68275
16.9576
17.69922
16.96296
17.70838
16.98508
17.72752
17.01142
17.73667
17.04921
17.75325
17.07515
17.75869
17.0842
17.76414
17.10503
17.78253
17.12545
17.80169
17.13203
17.80844
17.16536
17.82269
17.17442
17.82946
17.21195
17.84428
17.24217
17.85269
17.26666
17.87851
17.27321
17.88776
17.3107
17.90205
17.33953
17.90763
17.34719
17.97474
17.38166
18.00247
17.39062
18.01882
17.41278
18.0245
17.42171
18.03886
17.45033
18.04576
17.4568
18.05268
17.48829
18.05961
17.49595
18.06904
17.52515
18.07602
17.53219
18.083
17.55814
18.09994
17.56463
18.10567
17.59013
18.11142
17.62676
18.13775
17.63963
18.14717
17.64488
18.16413
17.65014
18.17105
17.68055
18.18787
17.70672
18.19355
17.7432
18.22077
17.74954
18.23013
17.78369
18.24649
17.80295
18.25216
17.80926
18.25778
17.82562
18.26965
17.83073
18.2765
17.85205
18.2908
17.8672
18.29765
17.88603
18.30446
17.89115
18.31748
17.90496
18.32615
17.91129
18.33546
17.93762
18.35115
17.944
18.36548
17.96286
18.37107
17.98553
18.3767
17.99067
18.38351
18.02776
18.39032
18.06832
18.39718
18.09215
18.4065
18.10016
18.41335
18.17163
18.41897
18.32939
18.42465
18.50858
18.43546
18.66243
18.44237
18.66764
18.44921
18.68914
18.45607
18.71173
18.46745
18.73181
18.47307
18.74456
18.47994
18.74976
18.48926
18.75496
18.5043
18.78209
18.50991
18.80721
18.52676
18.82867
18.53356
18.85218
18.53919
18.85744
18.54477
18.86267
18.56399
18.88454
18.59742
18.89251
18.69798
18.92273
18.78868
18.96081
18.9719
18.96981
19.09953
18.99072
19.19693
18.99722
19.20814
19.0181
19.21491
19.04515
19.2317
19.07691
19.23724
19.09694
19.25444
19.10456
19.26271
19.12506
19.39736
19.14063
19.50273
19.14706
19.61678
19.16249
19.74001
19.18016
19.87264
19.20479
19.98205
19.21002
20.0189
19.21525
20.04553
19.23405
20.05222
19.2393
20.06143
19.24456
20.07561
19.2666
20.08486
19.28409
20.10332
19.29059
20.11001
19.29705
20.12416
19.31604
20.13083
19.32132
20.13634
19.33727
20.1569
19.34386
20.16356
19.35289
20.18383
19.36689
20.25788
19.37959
20.35677
19.3861
20.3632
19.39764
20.39209
19.40804
20.39852
19.41456
20.42016
19.4387
20.44111
19.45379
20.47486
19.47909
20.49678
19.49702
20.50444
19.52115
20.5165
19.53009
20.52176
19.54861
20.54011
19.55503
20.55905
19.56394
20.5821
19.58323
20.58857
19.60221
20.60914
19.61856
20.61559
19.62377
20.63565
19.63865
20.64213
19.64384
20.65109
19.65797
20.66
19.67841
20.6686
19.6836
20.68654
19.70391
20.70093
19.7091
20.71989
19.735
20.74106
19.7414
20.74998
19.7641
20.77579
19.78564
20.79716
19.79815
20.81109
19.81457
20.83107
19.83338
20.8387
19.86138
20.87231
19.87562
20.8812
19.88324
20.88761
19.89214
20.90401
19.90518
20.90921
19.91405
20.92179
19.9308
20.92699
19.93602
20.9322
19.94123
20.95108
19.96079
20.95628
19.97469
20.96528
19.98408
20.97049
19.98928
20.97568
20.01097
20.99405
20.01738
21.02843
20.04599
21.04229
20.0524
21.05054
20.0576
21.06192
20.06283
21.0683
20.08313
21.08453
20.08953
21.09088
20.09593
21.11384
20.11607
21.11899
20.12446
21.12413
20.15028
21.14668
20.18583
21.168
20.20851
21.19934
20.21655
21.21674
20.24615
21.22302
20.25508
21.24931
20.27791
21.25809
20.30725
21.28724
20.33038
21.29354
20.33681
21.30141
20.35011
21.32021
20.35656
21.32532
20.36183
21.33042
20.36707
21.33553
20.3747
21.34433
20.38912
21.35065
20.41348
21.35697
20.4327
21.36578
20.43917
21.37961
20.45322
21.40211
20.45971
21.41018
20.47039
21.42654
20.4794
21.43544
20.48841
21.45202
20.49745
21.46092
20.51396
21.46863
20.52308
21.48419
20.54871
21.49308
20.55524
21.51449
20.56429
21.54493
20.5856
21.56756
20.59211
21.58264
20.6128
21.60901
20.62808
21.62906
20.65943
21.63424
20.69288
21.6506
20.71724
21.67066
20.72372
21.67583
20.74749
21.68101
20.7565
21.70357
20.78178
21.71115
20.80554
21.71872
20.82544
21.72758
20.83197
21.73646
20.86027
21.75034
20.87855
21.75852
20.88383
21.77401
20.88912
21.78155
20.90857
21.80408
20.92685
21.80923
20.94894
21.82252
20.97047
21.82888
20.98942
21.84714
20.99838
21.85765
21.01879
21.87348
21.03163
21.87862
21.0406
21.98853
21.05147
22.00737
21.05674
22.02137
21.06195
22.02654
21.06837
22.04322
21.07708
22.0496
21.09855
22.07097
21.10756
22.08605
21.12789
22.09495
21.14184
22.11373
21.17091
22.12264
21.17852
22.13156
21.2018
22.15105
21.21069
22.15747
21.22197
22.1782
21.22713
22.18484
21.23601
22.19376
21.24237
22.20016
21.25493
22.22404
21.26632
22.23043
21.27268
22.24106
21.27907
22.24747
21.28676
22.27412
21.29472
22.29358
21.40788
22.29996
21.49302
22.30885
21.5854
22.32226
21.71934
22.32741
21.83751
22.33257
21.85557
22.34143
21.86448
22.36441
21.88391
22.38698
21.90431
22.40708
21.91069
22.41594
21.91708
22.43241
21.95098
22.4504
21.98428
22.46375
22.10138
22.47265
22.20557
22.48153
22.29876
22.50545
22.32652
22.51185
22.34191
22.52827
22.34828
22.5372
22.37093
22.54613
22.37729
22.56255
22.39458
22.5715
22.39975
22.59911
22.40489
22.61799
22.41743
22.63603
22.43389
22.66752
22.44275
22.67283
22.45663
22.67814
22.46302
22.69431
22.4801
22.69962
22.49389
22.70494
22.50275
22.72476
22.5254
22.74344
22.53177
22.76247
22.54786
22.77773
22.55425
22.78305
22.57486
22.87855
22.5962
22.99998
22.60509
23.00905
22.61671
23.03396
22.62312
23.03933
22.63954
23.04468
22.64596
23.06241
22.66196
23.08266
22.6796
23.10105
22.68721
23.13021
22.70204
23.14606
22.70847
23.1647
22.71491
23.17119
22.72255
23.19405
22.73392
23.21465
22.73918
23.21992
22.74443
23.2252
22.75334
23.23917
22.77212
23.24443
22.78648
23.29991
22.79292
23.4728
22.81503
23.50006
22.8215
23.52765
22.83781
23.55326
22.84308
23.55846
22.85203
23.56368
22.8726
23.5836
22.88163
23.59491
22.89698
23.60143
22.90599
23.61284
22.92194
23.61805
22.93978
23.62325
22.94875
23.63861
22.9643
23.64752
22.98228
23.66312
22.98871
23.66832
22.99765
23.67352
23.0041
23.67993
23.02826
23.7026
23.04478
23.7112
23.0512
23.71761
23.05881
23.73899
23.06772
23.74538
23.08328
23.75429
23.0897
23.76818
23.10612
23.78709
23.12528
23.79349
23.15384
23.79992
23.1771
23.81548
23.19786
23.86415
23.20555
23.87305
23.22709
23.89134
23.24536
23.89774
23.25177
23.91142
23.26943
23.91971
23.27704
23.92611
23.30265
23.93871
23.32513
23.94763
23.334
23.96156
23.34789
23.96797
23.35427
23.98327
23.37566
23.99111
23.39566
24.00003
23.40205
24.00894
23.40843
24.01696
23.4223
24.02509
23.43117
24.03402
23.57951
24.04819
23.68943
24.05464
23.82835
24.06854
23.95952
24.07686
23.99
24.10225
24.01016
24.11119
24.02938
24.16373
24.03459
24.21183
24.04976
24.22081
24.06869
24.23399
24.07511
24.24209
24.0978
24.25105
24.10429
24.25632
24.1338
24.26158
24.14139
24.27758
24.15031
24.28655
24.17713
24.30759
24.18553
24.31652
24.19959
24.32802
24.2085
24.33455
24.2399
24.34358
24.27036
24.35773
24.29432
24.46967
24.31577
24.48972
24.33091
24.50107
24.33608
24.51274
24.35041
24.51815
24.35678
24.52354
24.37561
24.53877
24.38077
24.54538
24.39834
24.55914
24.41116
24.57569
24.4229
24.5876
24.43087
24.59511
24.44778
24.6167
24.45294
24.63072
24.47177
24.65203
24.48063
24.6673
24.50331
24.6764
24.52603
24.68966
24.54421
24.6963
24.55309
24.71519
24.57388
24.7243
24.58959
24.73747
24.60704
24.75314
24.61343
24.77572
24.62653
24.79108
24.65306
24.79652
24.67301
24.80796
24.68109
24.81339
24.69868
24.81883
24.70704
24.83299
24.72476
24.84214
24.73116
24.8588
24.7551
24.86541
24.77172
24.8745
24.77692
24.88111
24.80231
24.89405
24.82763
24.90236
24.84909
24.91146
24.85553
24.93174
24.879
24.96577
24.90425
25.14302
24.91318
25.26641
24.93255
25.27538
24.94898
25.2896
24.95543
25.30573
24.97058
25.31101
24.98201
25.31627
24.98845
25.32825
25.00632
25.34938
25.02272
25.36723
25.03045
25.38236
25.03569
25.38881
25.04094
25.39775
25.05392
25.40671
25.06036
25.4207
25.0786
25.43377
25.08505
25.4402
25.0915
25.44664
25.10548
25.4556
25.11365
25.46202
25.12913
25.46846
25.13718
25.48658
25.15508
25.5107
25.16398
25.52202
25.18484
25.52845
25.19504
25.54488
25.20144
25.55752
25.22147
25.56393
25.2633
25.58615
25.35642
25.59137
25.45199
25.60644
25.57058
25.61537
25.71365
25.63555
25.85517
25.64448
25.96914
25.64971
26.0728
25.65493
26.08151
25.67137
26.10125
25.6918
26.11087
25.69824
26.11596
25.72018
26.12225
25.73819
26.13974
25.74341
26.15218
25.74865
26.17315
25.75761
26.18331
25.77716
26.18957
25.79907
26.19806
25.80553
26.21131
25.81447
26.21757
25.83138
26.22603
25.84033
26.24469
25.85312
26.25303
25.86712
26.26939
25.87482
26.27567
25.88379
26.30532
25.90068
26.32241
25.92105
26.32868
25.93941
26.34841
25.94472
26.35588
25.95
26.37094
25.96351
26.37723
25.97002
26.39647
25.97903
26.41048
25.99489
26.42476
26.00141
26.44265
26.01043
26.45094
26.02196
26.47197
26.02847
26.48673
26.03498
26.49755
26.05235
26.51597
26.05886
26.54599
26.0679
26.55228
26.08117
26.56987
26.08647
26.58859
26.09178
26.60493
26.11496
26.61373
26.12837
26.63271
26.13703
26.6498
26.15641
26.65861
26.19073
26.66989
26.21225
26.68792
26.23223
26.69426
26.25172
26.70312
26.25936
26.72439
26.28306
26.73315
26.2908
26.75453
26.30723
26.77832
26.31487
26.80585
26.32381
26.81468
26.34023
26.82603
26.34666
26.84234
26.36202
26.8637
26.37097
26.87255
26.38492
26.88389
26.39881
26.89023
26.41439
26.89812
26.4233
26.91814
26.44353
26.93661
26.44992
26.94173
26.46296
26.94685
26.46814
26.96816
26.47955
26.9906
26.48845
26.99938
26.49731
27.02285
26.51691
27.03179
26.53765
27.052
26.54891
27.06085
26.5553
27.0755
26.56539
27.09184
26.57178
27.1007
26.58068
27.12101
26.60026
27.12859
26.62308
27.14616
26.63197
27.15504
26.64794
27.1814
26.65683
27.20201
26.67237
27.2203
26.68145
27.22672
26.69996
27.23561
26.71973
27.2717
26.72868
27.30719
26.7533
27.31507
26.77442
27.33573
26.78245
27.34467
26.79007
27.36361
26.8078
27.37006
26.81673
27.38337
26.83692
27.38985
26.84214
27.41126
26.84735
27.4297
26.86626
27.45313
26.88516
27.47793
26.90168
27.49994
26.92691
27.50895
26.94416
27.53794
26.96053
27.56216
26.9683
27.58695
26.98199
27.60683
26.9884
27.61336
27.00774
27.63426
27.01415
27.64079
27.02309
27.66095
27.04075
27.66995
27.04596
27.69674
27.05116
27.71474
27.07009
27.73353
27.0765
27.74124
27.09375
27.76025
27.09896
27.77712
27.11818
27.78609
27.14017
27.80714
27.16231
27.84228
27.17779
27.90906
27.18682
28.0419
27.20193
28.13754
27.21084
28.1464
27.22709
28.16031
27.23469
28.17479
27.25369
28.18281
27.26222
28.21168
27.28619
28.23929
27.30713
28.26063
27.32044
28.28086
27.32567
28.29886
27.33091
28.3218
27.34867
28.3434
27.36664
28.3523
27.3771
28.37582
27.40281
28.39623
27.42694
28.41117
27.45701
28.41764
27.47079
28.42657
27.48719
28.43954
27.49475
28.44851
27.51103
28.45499
27.52519
28.46648
27.53403
28.47455
27.54697
28.49374
27.55215
28.50275
27.56849
28.52753
27.57733
28.54927
27.5837
28.55829
27.60002
28.58512
27.60793
28.60499
27.62556
28.61712
27.64307
28.62243
27.66318
28.62775
27.68081
28.65916
27.6986
28.69234
27.7365
28.72355
27.7697
28.74558
27.78543
28.77337
27.79435
28.7815
27.83644
28.81442
27.84538
28.83128
27.86434
28.85535
27.87965
28.87644
27.91969
28.89826
27.94177
28.90738
27.96964
28.93862
27.97864
28.95662
28.00029
28.96318
28.01545
28.97222
28.02446
28.99028
28.04956
28.99683
28.15231
29.01587
28.17717
29.03619
28.19614
29.06054
28.2027
29.08461
28.21675
29.10537
28.22582
29.11345
28.24244
29.12656
28.25151
29.13509
28.27054
29.16171
28.28356
29.18684
28.29265
29.22104
28.31506
29.24565
28.33091
29.27878
28.34156
29.29486
28.34926
29.3039
28.35747
29.32041
28.36649
29.32943
28.38469
29.33847
28.39124
29.35661
28.39654
29.3854
28.40185
29.39193
28.42235
29.41476
28.44595
29.44291
28.48058
29.46655
28.50051
29.48969
28.52224
29.51208
28.56403
29.53434
28.65015
29.54086
28.79066
29.56663
28.79707
29.57561
28.82102
29.60176
28.85297
29.637
28.86725
29.64598
28.87364
29.66895
28.88482
29.6754
28.89118
29.69613
28.89754
29.70263
28.91395
29.72092
28.92169
29.7274
28.94528
29.74892
28.96812
29.7542
29.11676
29.77736
29.13192
29.78382
29.15226
29.79885
29.16122
29.80785
29.18092
29.82803
29.19978
29.84698
29.20625
29.87103
29.22273
29.90246
29.228
29.91057
29.23325
29.9302
29.24595
29.96129
29.25121
29.9874
29.25647
29.99394
29.28064
30.00754
29.29539
30.01656
29.30436
30.04457
29.38903
30.06173
29.47598
30.0858
29.58606
30.09482
29.71266
30.1133
29.83005
30.11859
29.94191
30.14785
30.02907
30.15574
30.12397
30.18932
30.24449
30.21612
30.3464
30.25041
30.42938
30.2688
30.5894
30.29058
30.71522
30.31662
30.84085
30.34188
30.86412
30.34973
30.87309
30.37216
30.88773
30.39795
30.8954
30.43129
30.90599
30.43656
30.91126
30.44183
30.92836
30.47725
30.94889
30.49953
30.96539
30.53351
30.98059
30.56019
30.98958
30.58032
31.00482
30.58929
31.01289
30.61571
31.03309
30.64085
31.05552
30.66615
31.06442
30.68387
31.07916
30.69282
31.08555
30.71806
31.11204
30.73196
31.13443
30.74093
31.16133
30.75997
31.16769
30.78893
31.19676
30.81034
31.21322
30.82385
31.21959
30.83029
31.23299
30.85518
31.25451
30.87741
31.26959
30.89947
31.31289
30.90849
31.33843
30.92698
31.34642
30.93347
31.37534
30.9545
31.38291
30.96355
31.40671
30.98668
31.41558
31.01462
31.43552
31.05217
31.44187
31.07872
31.45379
31.11174
31.46492
31.13888
31.47129
31.16284
31.49808
31.19796
31.52074
31.23613
31.52873
31.26411
31.61206
31.2867
31.69473
31.29328
31.82952
31.31541
31.93295
31.3245
32.06678
31.34737
32.21909
31.37626
32.31252
31.40731
32.40915
31.428
32.43042
31.45069
32.44839
31.45978
32.4961
31.49691
32.50246
31.52922
32.53073
31.54979
32.57547
31.57869
32.59555
31.61321
32.60443
31.64332
32.62917
31.67226
32.6458
31.69581
32.65215
31.72678
32.66922
31.75241
32.67702
31.76151
32.69832
31.7964
32.71591
31.82553
32.73582
31.86191
32.74215
31.89215
32.75716
31.9194
32.76472
31.95782
32.78855
31.98545
32.79488
31.99193
32.81117
32.02987
32.8163
32.03633
32.83261
32.06407
32.8389
32.09789
32.85577
32.12056
32.86994
32.1516
32.87625
32.39126
32.89327
32.43246
32.8996
32.43768
32.91569
32.46084
32.922
32.47725
32.94205
32.50832
32.94836
32.53197
32.96462
32.55575
32.97345
32.58302
32.99665
32.7589
33.02238
32.89595
33.05619
32.90244
33.06498
33.06997
33.0912
33.2906
33.1201
33.32043
33.1441
33.34068
33.15042
33.36593
33.16858
33.37485
33.1749
33.4093
33.19423
33.43067
33.21199
33.43961
33.22075
33.46983
33.2383
33.50536
33.25514
33.53805
33.27934
33.57114
33.29685
33.60879
33.30202
33.64167
33.30719
33.66212
33.32609
33.68352
33.34085
33.69254
33.36874
33.72156
33.38968
33.7268
33.3986
33.74997
33.43012
33.75891
33.60156
33.78413
33.74577
33.80737
33.87009
33.81631
34.00536
33.84597
34.15248
33.85241
34.27069
33.88026
34.35133
33.90253
34.35825
33.92885
34.38673
33.94911
34.40645
33.97595
34.42802
34.00996
34.44937
34.03006
34.45596
34.03651
34.47928
34.06333
34.50586
34.08486
34.52291
34.11608
34.54581
34.14693
34.57089
34.16434
34.58772
34.1839
34.61714
34.21788
34.63618
34.24332
34.66149
34.26728
34.66801
34.29302
34.69887
34.31709
34.72194
34.34307
34.73461
34.3779
34.74108
34.40316
34.7668
34.43093
34.78982
34.4362
34.81419
34.44144
34.82313
34.46994
34.84196
34.49758
34.85001
34.52699
34.87147
34.54263
34.90031
34.54903
34.93176
34.56463
34.96173
34.58236
34.97886
34.58752
34.99672
34.60873
35.00189
34.61509
35.01827
34.63049
35.03322
34.63937
35.04214
34.65577
35.06294
34.66212
35.07938
34.67846
35.10082
34.68361
35.10742
34.70495
35.12871
34.73951
35.14601
34.7739
35.17535
34.80931
35.18294
34.81816
35.20435
34.84708
35.21075
34.87567
35.21966
34.91192
35.24981
34.94716
35.26753
34.96966
35.27397
35.00653
35.29345
35.02844
35.30237
35.03484
35.32132
35.05125
35.34269
35.06857
35.35828
35.08622
35.36472
35.10255
35.53141
35.13145
35.549
35.1391
35.55799
35.15551
35.58453
35.16195
35.6076
35.18748
35.62408
35.19644
35.6406
35.22899
35.64969
35.2568
35.67145
35.29391
35.693
35.31931
35.7181
35.35376
35.73631
35.38737
35.75903
35.39392
35.77417
35.4253
35.7933
35.45956
35.79995
35.49137
35.82659
35.5151
35.85137
35.52211
35.87453
35.55621
35.91119
35.57726
35.92944
35.60882
35.94584
35.62043
35.95503
35.62941
35.97093
35.65959
35.98005
35.68043
35.99534
35.71862
36.01707
35.75419
36.03384
35.78688
36.04192
35.80832
36.06108
35.83868
36.07484
35.84771
36.08334
35.8687
36.11511
35.88791
36.13371
35.89697
36.1429
35.91856
36.17175
35.95058
36.19313
35.96686
36.19985
35.97589
36.20906
35.99873
36.22578
36.00779
36.24176
36.04226
36.25097
36.07819
36.26744
36.11504
36.28934
36.13841
36.3119
36.17609
36.32666
36.20887
36.33582
36.24172
36.36498
36.27548
36.39345
36.30395
36.41153
36.31033
36.44019
36.32671
36.46183
36.3485
36.47605
36.35604
36.49465
36.38485
36.50246
36.39122
36.52295
36.42223
36.55405
36.45337
36.57813
36.46219
36.60084
36.48478
36.62505
36.49362
36.64758
36.50741
36.66346
36.5854
36.67259
36.82767
36.70147
36.85815
36.70807
36.901
36.73038
36.93428
36.73944
36.97095
36.76488
36.97733
36.77353
37.00526
36.79147
37.01326
36.79802
37.04942
36.81754
37.08542
36.84669
37.12136
36.86822
37.16039
37.05177
37.19086
37.05817
37.22383
37.0766
37.25033
37.129
37.28475
37.14777
37.3165
37.16828
37.32547
37.19608
37.36432
37.21912
37.39443
37.24598
37.43258
37.27041
37.46441
37.30581
37.50126
37.33908
37.52287
37.37025
37.56256
37.46537
37.59912
37.48198
37.62987
37.50048
37.66325
37.51947
37.66855
37.53987
37.67385
37.54646
37.70902
37.56684
37.74738
37.5812
37.78232
37.58778
37.81025
37.60753
37.81914
37.63441
37.84553
37.73279
37.87428
37.76427
37.88321
37.79239
37.9179
37.80904
37.95222
37.83018
37.98811
37.85547
38.01714
37.8786
38.02612
37.90287
38.04745
37.92503
38.05643
37.93991
38.083
37.96032
38.10646
38.08146
38.1364
38.24576
38.16553
38.4529
38.18992
38.69178
38.21449
38.85094
38.22102
38.88577
38.25016
38.91756
38.2816
38.95094
38.31545
38.98578
38.34986
39.00983
38.3864
39.05072
38.42089
39.08696
38.44524
39.11591
38.47789
39.15054
38.50489
39.1593
38.54014
39.19339
38.81699
39.21516
39.11631
39.24986
39.35138
39.27419
39.38429
39.30585
39.41256
39.34343
39.448
39.37562
39.45699
39.40532
39.48615
39.4367
39.51537
39.46822
39.55015
39.50057
39.58227
39.50966
39.61951
39.53767
39.65291
39.68235
39.69136
39.71503
39.71837
39.75102
39.74419
39.8147
39.76645
39.84681
39.79455
39.8841
39.801
39.91665
39.82918
39.95329
39.86069
39.98774
39.89362
39.99418
39.91403
40.02452
39.93633
40.05059
39.96096
40.0719
39.97356
40.1029
40.00008
40.12454
40.00901
40.14486
40.04757
40.18037
40.08158
40.2547
40.12009
40.54117
40.15428
40.78828
40.19232
40.79481
40.23074
40.82797
40.26875
40.85858
40.30477
40.88299
40.34038
40.91855
40.3469
40.95732
40.38351
40.98309
40.39254
41.01042
40.4141
41.02942
40.44641
41.03852
40.48438
41.06649
40.51885
41.09731
40.55839
41.1062
40.59631
41.13654
40.62661
41.16789
40.66181
41.43047
40.69825
41.68225
40.72848
41.71552
40.73748
41.74781
40.77397
41.77734
40.81008
41.80633
40.84725
41.84128
40.87833
41.85031
40.91741
41.87033
40.95478
41.87929
41.2258
41.90291
41.25487
41.92115
41.28962
41.9411
41.31895
41.94757
41.35187
41.97339
41.38074
41.98233
41.41632
42.00282
41.42525
42.02608
41.45621
42.04728
41.49178
42.06462
41.51516
42.07233
41.55027
42.10005
41.58394
42.12538
41.5929
42.1344
41.6291
42.1572
41.63808
42.18922
41.67673
42.19576
41.71243
42.2204
41.72146
42.25135
41.75868
42.27784
41.78452
42.31462
41.79354
42.34221
41.81842
42.36806
41.85656
42.40299
42.0683
42.43956
42.34735
42.46795
42.37899
42.49838
42.41507
42.51529
42.44868
42.54684
42.47549
42.55572
42.50507
42.63442
42.5257
42.83524
42.53467
43.0126
42.57335
43.19432
42.61004
43.39291
42.6488
43.40191
42.67712
43.43438
42.71502
43.46181
42.74048
43.49126
42.77774
43.51089
42.81259
43.54131
42.85088
43.56039
42.88467
43.56691
42.9208
43.58852
42.95977
43.60905
42.99193
43.62612
43.02972
43.6551
43.06059
43.68942
43.09938
43.72194
43.13565
43.75466
43.17138
43.92441
43.20832
43.9561
43.23422
43.97634
43.24329
44.00263
43.27379
44.03497
43.30853
44.05854
43.3327
44.07489
43.34177
44.08004
43.37329
44.08518
43.44344
44.1056
43.71786
44.12107
43.93726
44.14364
44.14193
44.14996
44.16797
44.16892
44.2285
44.17523
44.25922
44.19921
44.28686
44.20554
44.31546
44.22529
44.32452
44.23163
44.36222
44.25293
44.39472
44.26299
44.43232
44.26809
44.46527
44.28689
44.47432
44.31215
44.50536
44.32849
44.53187
44.34946
44.55094
44.36851
44.57686
44.37485
44.60345
44.39263
44.63035
44.41647
44.66195
44.42284
44.6871
44.44046
44.72364
44.44931
44.75677
44.47939
44.7914
44.49424
44.82732
44.50309
44.86602
44.52787
44.87514
44.55825
44.90387
44.58002
44.93925
44.60559
44.9712
44.62787
45.00913
44.64619
45.04893
44.67191
45.08595
44.68842
45.11989
44.71228
45.12811
44.72113
45.16724
44.75
45.20555
44.75885
45.24393
44.94149
45.27826
45.19921
45.30829
45.23311
45.33942
45.27151
45.37524
45.30415
45.40747
45.34076
45.44066
45.37835
45.47148
45.41621
45.51027
45.45462
45.54989
45.49106
45.58838
45.53033
45.62919
45.56005
45.66645
45.59574
45.70411
45.63339
45.74042
45.67092
45.77732
45.70544
45.81636
45.74321
45.85437
45.7776
45.89434
46.08883
45.93302
46.11938
45.97092
46.15432
46.04599
46.19173
46.07426
46.22577
46.11339
46.26167
46.14557
46.29462
46.17439
46.32919
46.20303
46.36198
46.23052
46.39868
46.26834
46.43055
46.30195
46.45231
46.3394
46.46135
46.37509
46.66389
46.41412
46.69687
46.44863
46.73424
46.48214
46.76716
46.50991
46.78988
46.54147
46.81885
46.56712
46.82783
46.60323
46.8468
46.64085
46.86963
46.66846
46.8946
46.70299
46.91092
46.74281
46.91985
46.77818
46.95524
46.81493
46.98561
46.83561
47.02142
46.871
47.05449
46.909
47.11942
46.93366
47.41625
46.95978
47.50498
46.98768
47.53616
47.02525
47.54517
47.05527
47.57713
47.06416
47.61318
47.08807
47.64753
47.11368
47.67604
47.13384
47.71338
47.16946
47.74713
47.18589
47.78251
47.1948
47.81702
47.22006
47.85617
47.24276
47.89413
47.26931
47.92926
47.30319
47.97445
47.33623
48.24079
47.36633
48.36697
47.40547
48.39354
47.44363
48.40246
47.48265
48.43532
47.51972
48.46852
47.55722
48.50316
47.58559
48.54154
47.62482
48.57711
47.66207
48.61631
47.69897
48.65231
47.73602
48.66138
47.77033
48.69535
47.79591
48.70359
47.82008
48.74244
47.85654
48.77909
47.88866
48.8143
47.92701
48.85001
48.1737
48.88807
48.21024
48.92532
48.246
48.95414
48.27267
48.96329
48.31115
49.00158
48.34317
49.03834
48.37958
49.05772
48.41687
49.06689
48.45059
49.09102
48.48142
49.11522
48.49058
49.13688
48.52945
49.16303
48.72764
49.18782
49.05674
49.20861
49.09318
49.23666
49.39677
49.2614
49.70383
49.28376
49.72659
49.31993
49.80004
49.34669
50.12169
49.38077
50.16019
49.41266
50.19563
49.44304
50.20367
49.47749
50.24276
49.50666
50.27678
49.5408
50.31243
49.57745
50.35091
49.61554
50.38173
49.80459
50.42086
49.83112
50.45115
49.86214
50.48497
49.89332
50.52159
49.93017
50.55751
49.96151
50.56644
50.00002
50.60041
50.03728
50.62944
50.06329
50.6672
50.07237
50.6955
50.09642
50.72094
50.13154
50.75002
50.16814
50.78417
50.43274
50.82495
50.45703
50.86181
50.493
50.89942
50.52724
50.93721
50.55938
50.97567
50.59521
51.12184
50.62889
51.15322
50.65618
51.191
50.68559
51.22905
50.94899
51.26519
51.23456
51.30219
51.29079
51.34139
51.44429
51.37722
51.76854
51.41643
52.08757
51.45276
52.40061
51.48796
52.52284
51.526
52.55199
51.56468
52.57862
51.60373
52.61431
51.64146
52.65054
51.68084
52.67801
51.71159
52.71598
51.7486
52.75002
51.78572
52.78844
51.81994
52.82711
52.1376
52.8638
52.4188
52.9029
52.64276
52.93974
52.68191
52.97041
52.72071
53.00816
52.75805
53.14883
52.79728
53.18641
52.83352
53.29691
52.86207
53.59303
52.88938
53.61361
52.92746
53.6323
52.96543
53.66152
53.00153
53.68409
53.03895
53.71433
53.07988
53.73362
53.1162
53.75281
53.15235
53.75838
53.18928
53.76397
53.23014
53.78579
53.2694
53.80759
53.30733
53.83693
53.34664
53.86398
53.38425
53.89288
53.4236
53.92166
53.46317
53.96236
53.49937
54.00007
53.5376
54.03916
53.57715
54.07867
53.60394
54.11724
53.63239
54.15661
53.6673
54.19305
53.70643
54.23397
53.97042
54.27338
54.00974
54.29536
54.0482
54.30459
54.07935
54.32135
54.15212
54.35539
54.19054
54.38615
54.22569
54.39529
54.26202
54.41937
54.30193
54.44617
54.34098
54.47847
54.36939
54.51224
54.40872
54.54852
54.44808
54.58002
54.48603
54.61719
54.52431
54.6445
54.56364
54.67226
54.60292
54.71241
54.90047
54.74967
55.23979
54.78892
55.27813
54.8195
55.31894
54.85698
55.35315
54.89358
55.39138
54.9227
55.42943
54.96241
55.46375
54.98583
55.50053
55.02314
55.53924
55.06243
55.5766
55.08854
55.61578
55.36538
55.64883
55.70711
55.68704
56.03072
55.72546
56.20543
55.76387
56.49702
55.8013
56.74328
55.84078
56.77252
55.87946
56.8117
55.91271
56.85073
55.94014
56.88957
55.9695
56.92516
55.99876
56.96191
56.03318
56.99596
56.07306
57.01808
56.10654
57.04072
56.1374
57.12887
56.15915
57.16815
56.19817
57.20757
56.23928
57.24044
56.27796
57.24963
56.31741
57.2764
56.35434
57.31622
56.38879
57.35219
56.42831
57.38836
56.45362
57.42622
56.47547
57.45044
56.48481
57.48714
56.51393
57.52559
56.53395
57.56219
56.57949
57.59357
56.60365
57.63283
56.6615
57.67162
56.70093
57.70853
56.7394
57.74645
56.77855
57.77064
57.10002
57.77987
57.26735
57.80922
57.30693
57.84286
57.34
57.88055
57.37909
57.91346
57.41628
57.94763
57.4542
57.98676
57.71461
58.02338
58.0528
58.06106
58.09195
58.09884
58.1299
58.13796
58.16528
58.17591
58.19858
58.20861
58.23801
58.21765
58.27652
58.241
58.31575
58.27317
58.35387
58.29568
58.39349
58.32457
58.43283
58.35217
58.47126
58.3878
58.50061
58.42532
58.53455
58.46336
58.5752
58.65559
58.61213
58.69498
58.64159
58.73186
58.67994
58.76928
58.72028
58.80769
58.75965
58.84697
58.80056
58.88615
58.83747
58.91975
58.87682
58.95839
58.91603
58.99435
59.01953
59.03275
59.05884
59.05968
59.09805
59.09792
59.13376
59.13737
59.16041
59.17618
59.19468
59.40112
59.22334
59.44028
59.24146
59.47733
59.26569
59.51558
59.42075
59.55236
59.45502
59.5913
59.49272
59.62931
59.53105
59.66848
59.57004
59.70423
59.60851
59.7436
59.64769
59.78165
59.68691
60.00537
59.7221
60.04404
59.75557
60.07858
59.79485
60.19412
59.83325
60.231
59.87233
60.26982
59.91032
60.30099
59.94922
60.33393
59.98708
60.37074
60.02628
60.40884
60.1049
60.4449
60.17615
60.48383
60.23875
60.52314
60.24794
60.55976
60.27828
60.59746
60.31404
60.63592
60.35308
60.9749
60.38889
61.01405
60.50602
61.05097
60.54525
61.08991
60.58437
61.12892
60.62216
61.16563
60.65604
61.2046
60.69474
61.22675
60.73158
61.26455
60.76424
61.30071
60.77722
61.33965
60.80877
61.37728
60.81511
61.41477
60.84528
61.45399
60.8683
61.49274
60.8772
61.52594
60.90614
61.55264
60.93109
61.59133
60.96919
61.62939
60.99624
61.66831
61.03456
61.70663
61.07455
61.74446
61.11283
61.78363
61.15246
61.81792
61.1915
61.85569
61.22438
61.89263
61.26257
61.92254
61.30007
61.95517
61.33786
61.98924
61.37784
62.02078
61.40462
62.06081
61.43386
62.09764
61.46102
62.13697
61.49525
62.17546
61.53401
62.21257
61.57157
62.2513
61.61044
62.28931
61.65012
62.3275
61.68697
62.3641
61.724
62.4033
61.75592
62.44238
61.79188
62.48169
61.82594
62.52067
61.86526
62.55877
61.90443
62.58941
61.94328
62.62612
61.98284
62.66277
62.02032
62.70208
62.0601
62.74024
62.09936
62.77755
62.1387
62.81611
62.17251
62.84539
62.21077
62.88565
62.2475
62.92516
62.28676
62.95333
62.32542
62.99184
62.36371
63.03126
62.40296
63.07154
62.43969
63.11077
62.47858
63.1487
62.51674
63.18818
62.55486
63.22813
62.57643
63.26738
62.62225
63.30587
62.65809
63.34376
62.69673
63.37991
62.73448
63.41174
62.77282
63.41854
62.8102
63.45787
62.84938
63.48609
62.88289
63.49538
62.92229
63.52987
62.9591
63.56942
62.96827
63.89749
63.00763
64.01389
63.03802
64.05324
63.07708
64.09129
63.11637
64.13067
63.14458
64.16947
63.17154
64.20882
63.22442
64.24694
63.53176
64.28446
63.84312
64.32227
64.17974
64.36105
64.21358
64.39527
64.2523
64.42474
64.29118
64.45879
64.32712
64.48562
64.36622
64.51505
64.69103
64.52448
64.91719
64.55645
65.04459
64.57536
65.06904
64.58486
65.08592
64.60187
65.10284
64.62798
65.10848
64.64498
65.16429
64.66331
65.17123
64.68719
65.21876
64.71326
65.3097
64.72768
65.33355
64.73344
65.37415
64.73923
65.3912
64.75879
65.46746
64.78489
65.47698
64.80947
65.48637
64.83887
65.50081
64.85979
65.51025
64.86921
65.5263
64.88872
65.53319
64.90572
65.54763
64.92765
65.56704
64.95277
65.60546
64.98727
65.62395
65.02077
65.64085
65.04524
65.65784
65.07681
65.66724
65.10374
65.67665
65.12726
65.70023
65.1366
65.79417
65.16824
65.82353
65.19005
65.85287
65.21568
65.88062
65.25477
65.90491
65.29395
66.06514
65.3331
66.14779
65.37136
66.16966
65.40903
66.17522
65.44626
66.19952
65.48508
66.22387
65.5238
66.23319
65.56468
66.25256
65.60333
66.28121
65.6442
66.5208
65.68276
66.52757
65.7222
66.55626
65.75922
66.57509
65.79671
66.60385
65.83523
66.66604
65.8742
66.6729
65.91482
66.69646
65.94125
66.71841
65.9807
66.74538
66.02007
66.75473
66.04968
66.80479
66.08911
66.82923
66.1217
66.85123
66.15334
66.87666
66.18679
66.88611
66.22768
66.90566
66.26713
66.92507
66.29064
66.94609
66.31503
66.95544
66.32196
66.97743
66.34898
66.98691
66.37756
67.00642
66.40934
67.01493
66.44847
67.02434
66.48952
67.03629
66.52699
67.08954
66.56049
67.10555
66.59972
67.14613
66.64059
67.18241
66.67899
67.22683
66.71819
67.26237
66.7563
67.27171
66.79714
67.28111
66.83327
67.31304
66.86886
67.36989
66.90758
67.42578
66.93699
67.45426
66.95885
67.6423
66.99059
67.76153
67.01756
67.85584
67.0494
67.8627
67.08717
67.88203
67.11281
67.9114
67.14711
67.93823
67.17654
67.96124
67.21193
68.02719
67.25133
68.23865
67.28074
68.2709
67.31177
68.30014
67.34623
68.33297
67.3772
68.37245
67.41689
68.41187
67.44603
68.43139
67.46213
68.4533
67.48888
68.46262
67.51328
68.48195
67.54192
68.50135
67.57115
68.50816
67.6006
68.52906
67.60904
68.53838
67.62833
68.55527
67.64767
68.56463
67.65706
68.58145
67.68388
68.60598
67.71237
68.62042
67.73673
68.63734
67.76369
68.66171
67.79012
68.68358
67.81705
68.70563
67.85141
68.71509
67.88248
68.73399
67.90942
68.74079
67.94648
68.75775
67.98001
68.77631
68.01947
68.78323
68.05803
68.79012
68.09509
68.80948
68.13371
68.82829
68.17292
68.84779
68.21212
68.85468
68.25166
68.87407
68.28606
68.88348
68.32555
68.90295
68.36389
68.90981
68.40315
68.91931
68.44173
68.94125
68.48055
68.96237
68.51962
68.97931
68.56023
69.0062
68.59916
69.03311
68.63827
69.06006
68.67226
69.06944
68.70313
69.08887
68.74131
69.09828
68.77972
69.11974
68.81685
69.14165
68.85542
69.1485
69.20811
69.16537
69.24832
69.19223
69.28757
69.21421
69.32414
69.22358
69.36294
69.24539
69.39999
69.2722
69.43806
69.30428
69.47736
69.32618
69.51588
69.35052
69.55531
69.37724
69.58929
69.38911
69.62867
69.39844
69.66806
69.43716
69.70499
69.46074
69.74429
69.49188
69.78238
69.52984
69.82191
69.54675
69.8513
69.57112
69.86
69.59303
69.88943
69.61998
69.92381
69.64936
69.95567
69.66873
69.99516
69.68308
70.00973
69.72617
70.0384
69.77406
70.07284
69.9058
70.09234
70.03149
70.12703
70.15545
70.16653
70.27096
70.20618
70.40309
70.24668
70.53536
70.28629
70.60622
70.32234
70.71292
70.35623
70.73734
70.39594
70.78571
70.43534
70.80014
70.47601
70.81897
70.51448
70.83588
70.5379
70.84272
70.57742
70.87165
70.61703
70.88354
70.649
70.8961
70.68849
70.91243
70.72811
70.9991
70.76605
71.02365
70.80701
71.03314
70.8439
71.06889
70.88316
71.0977
70.91512
71.10458
70.94451
71.13788
70.98182
71.16423
71.02139
71.1837
71.05826
71.20293
71.08778
71.22493
71.11906
71.25385
71.14854
71.26074
71.17554
71.27767
71.20399
71.304
71.23831
71.35918
71.26767
71.40731
71.30791
71.43419
71.34711
71.46098
71.38638
71.47025
71.42057
71.49465
71.46048
71.52155
71.49838
71.54839
71.53755
71.63731
71.5771
71.75329
71.61494
71.85063
71.6527
71.99072
71.69211
72.1273
71.73163
72.25285
71.76104
72.39004
71.788
72.5144
71.82755
72.5792
71.85922
72.71198
71.89478
72.7365
71.92606
72.76727
71.9521
72.78678
71.9866
72.80621
72.01873
72.81316
72.05388
72.90547
72.09069
73.02779
72.12525
73.11285
72.16463
73.13198
72.20291
73.18055
72.24294
73.22373
72.28218
73.23322
72.32022
73.2568
72.35926
73.26543
72.39862
73.28946
72.4377
73.30649
72.47851
73.31927
72.51273
73.33832
72.55353
73.35773
72.58069
73.36722
72.61481
73.39081
72.65321
73.45445
72.69119
73.60424
72.73194
73.70844
72.77136
73.71412
72.81227
73.75687
72.84914
73.76822
72.88844
73.78966
72.92764
73.81354
72.9656
73.86134
72.99346
73.89778
73.03265
73.90723
73.07292
73.92673
73.11201
73.97176
73.15234
73.98122
73.19067
73.99816
73.23004
74.07561
73.26927
74.09261
73.30923
74.16895
73.348
74.18034
73.38728
74.26078
73.42629
74.41029
73.46441
74.41712
73.49632
74.48528
73.5257
74.5198
73.56525
74.55054
73.59972
74.5935
73.63821
74.61697
73.67271
74.66048
73.71373
74.66995
73.75314
74.73676
73.79001
74.75826
73.82185
74.76775
73.85628
74.77729
73.88316
74.78426
73.91753
74.79119
73.92689
74.79814
73.96281
74.80508
74.002
74.8146
74.03645
74.83405
74.07752
74.84349
74.11591
74.86306
74.15528
74.88253
74.18704
74.89198
74.21058
74.89892
74.23994
74.91341
74.27907
74.92799
74.30855
74.93747
74.34021
74.9519
74.37701
74.95889
74.40643
74.96831
74.4402
74.97528
74.48044
74.99474
74.51726
75.00167
74.54333
75.02114
74.56526
75.03529
74.57973
75.04472
74.58659
75.06171
74.60356
75.06863
74.62213
75.07819
74.65091
75.09022
74.68042
75.09713
74.70155
75.10655
74.72608
75.11225
74.74066
75.11796
74.7477
75.12742
74.7623
75.13316
74.78355
75.13892
74.79311
75.15334
74.81517
75.16028
74.82227
75.17221
74.83935
75.18173
74.86552
75.19369
74.8894
75.2006
74.91652
75.22265
74.93609
75.23217
74.95239
75.24662
74.97206
75.256
75.00175
75.27309
75.0209
75.28002
75.04466
75.29448
75.07433
75.30142
75.09903
75.32088
75.11531
75.33031
75.12492
75.34981
75.13961
75.36436
75.15931
75.37586
75.18396
75.38534
75.20771
75.4048
75.22705
75.42427
75.25922
75.44378
75.29288
75.45326
75.33252
75.47022
75.65294
75.47592
75.69245
75.48164
75.72177
75.50114
75.75121
75.51312
76.03935
75.52267
76.09721
75.53211
76.10661
75.54161
76.13349
75.55353
76.16305
75.55923
76.17242
75.56492
76.19434
75.58679
76.2037
75.60033
76.2256
75.61727
76.2476
75.62675
76.25451
75.64117
76.27898
75.64808
76.30508
75.65738
76.33169
75.67184
76.35867
75.6787
76.38824
75.68805
76.42533
75.7049
76.46467
75.71172
76.49674
75.73853
76.51871
75.75784
76.54235
75.77627
76.56435
75.7831
76.5788
75.80247
76.59327
75.81185
76.60186
75.83372
76.61139
75.84303
76.62835
75.8574
76.64289
75.86677
76.65992
75.88364
76.67687
75.90301
76.69057
75.90986
76.72007
75.92673
76.73962
75.93359
76.76382
75.953
76.78262
75.97
76.80482
75.98695
76.81196
75.9939
76.83661
76.00333
76.85373
76.01523
76.87508
76.02212
76.89226
76.02905
76.91953
76.03595
76.93678
76.04285
76.95316
76.04975
76.96288
76.06436
76.98502
76.07129
76.99484
76.08835
77.00705
76.09409
77.0234
76.09979
77.03311
76.1142
77.0528
76.14451
77.06509
76.15593
77.07469
76.17036
77.08198
76.19417
77.09904
76.20366
77.11045
76.2206
77.12024
76.23508
77.14008
76.24451
77.1624
76.25397
77.17967
76.26353
77.19614
76.27301
77.21594
76.27874
77.22578
76.28834
77.2431
76.29781
77.26046
76.30718
77.27696
76.32167
77.28926
76.33116
77.29666
76.34063
77.30649
76.34641
77.3213
76.35213
77.32863
76.35909
77.33849
76.36861
77.34745
76.39001
77.36475
76.3994
77.37949
76.40634
77.39426
76.41325
77.40154
76.4436
77.41376
76.46053
77.42097
76.47941
77.43732
76.49091
77.46204
76.49664
77.48179
76.50861
77.49146
76.51557
77.51372
76.53
77.54
76.55161
77.55724
76.56103
77.57693
76.58802
77.58656
76.60999
77.59623
76.66729
77.60748
76.69803
77.61714
76.70494
77.63432
76.71684
77.65653
76.72817
77.6637
76.74261
77.68073
76.7634
77.68952
76.78549
77.70167
76.7912
77.70879
76.81254
77.72344
76.85473
77.73807
76.86919
77.74514
76.89306
77.7674
77.02008
77.77617
77.12823
77.79324
77.21359
77.82291
77.22295
77.85262
77.2426
77.87642
77.26448
77.89858
77.29779
77.91824
77.34032
77.93781
77.41338
77.9598
77.42477
77.96936
77.47016
77.99146
77.51299
78.01846
77.51874
78.04457
77.52442
78.06646
77.54332
78.09845
77.58177
78.12753
77.60376
78.14696
77.70229
78.17145
77.71925
78.20845
77.75081
78.23795
77.76033
78.25993
77.76974
78.27943
77.77922
78.30384
77.78614
78.32582
77.79566
78.33279
77.80515
78.34978
77.81091
78.36935
77.81665
78.38637
77.82864
78.39588
77.83812
78.42297
77.86057
78.45497
77.86628
78.48189
77.87568
78.509
77.93067
78.5351
77.94583
78.56961
77.99171
78.59657
78.01778
78.62606
78.03687
78.65305
78.05133
78.67495
78.06075
78.68192
78.08018
78.70392
78.09973
78.72837
78.11922
78.74229
78.13114
78.75888
78.14063
78.76461
78.14632
78.79393
78.15206
78.81093
78.15778
78.82803
78.16726
78.83755
78.17674
78.85718
78.18625
78.88114
78.19566
78.9033
78.20261
78.92039
78.21954
78.93997
78.242
78.95955
78.25646
78.97417
78.26335
78.98873
78.27023
79.00082
78.27712
79.01803
78.32282
79.02516
78.3403
79.03478
78.36456
79.05193
78.44227
79.06904
78.48813
79.07616
78.5582
79.09571
78.56516
79.11672
78.58528
79.13378
78.68815
79.14091
78.69389
79.16547
78.71596
79.1877
78.725
79.20642
78.74199
79.22843
78.7514
79.25315
78.82417
79.26777
78.89983
79.28741
78.97533
79.30705
79.01531
79.32425
79.02962
79.34139
79.05008
79.36523
79.10078
79.37492
79.10774
79.38449
79.12966
79.39921
79.13658
79.40639
79.15858
79.41357
79.22215
79.42073
79.22901
79.42796
79.2729
79.43763
79.29611
79.44728
79.30552
79.46178
79.31741
79.47136
79.3288
79.48602
79.3382
79.49563
79.34762
79.51023
79.36017
79.52503
79.37702
79.53464
79.3865
79.55436
79.43531
79.56395
79.54486
79.58105
79.61268
79.5957
79.65694
79.60446
79.72476
79.6216
79.73861
79.63881
79.74805
79.65848
79.75746
79.66431
79.78394
79.67899
79.79589
79.7003
79.80537
79.70747
79.81112
79.71701
79.82317
79.72656
79.83013
79.73244
79.83714
79.74957
79.85078
79.75925
79.85778
79.77303
79.86989
79.78013
79.87564
79.78974
79.89008
79.80445
79.91841
79.81405
79.94122
79.82363
79.94702
79.83828
79.95652
79.857
79.96355
79.87422
79.9731
79.88136
79.98759
79.90346
79.99456
79.91309
80.0041
79.94276
80.0111
79.96153
80.02055
79.97865
80.02998
79.98578
80.047
80.01788
80.05646
80.0425
80.07094
80.0696
80.08046
80.07909
80.08994
80.10864
80.10107
80.13237
80.10802
80.16189
80.12001
80.18131
80.12703
80.2057
80.13658
80.22522
80.14609
80.23468
80.15192
80.2541
80.16148
80.26862
80.16851
80.29055
80.17431
80.32498
80.18016
80.34444
80.19213
80.37536
80.20164
80.40469
80.22124
80.44398
80.23071
80.47616
80.24528
80.51535
80.25229
80.5435
80.25926
80.57532
80.27386
80.59968
80.28345
80.62063
80.29045
80.63757
80.29628
80.65446
80.30579
80.68886
80.31158
80.71787
80.31738
80.74977
80.32685
80.76918
80.33886
80.78778
80.34469
80.80966
80.35048
80.83402
80.3575
80.85854
80.36951
80.86797
80.3765
80.88493
80.39607
80.89191
80.4131
80.91383
80.42006
80.92834
80.43454
80.95203
80.44149
80.97661
80.44849
80.99353
80.46808
81.01311
80.48005
81.03258
80.48952
81.04706
80.49648
81.07161
80.5035
81.09345
80.50927
81.12065
80.51504
81.14514
80.52204
81.16219
80.53905
81.18172
80.54852
81.19637
80.56297
81.21591
80.5687
81.23538
80.57442
81.24994
80.59639
81.257
80.60332
81.27148
80.61778
81.29367
80.62472
81.30329
80.63411
81.31792
80.65293
81.32746
80.69052
81.34457
80.69741
81.36679
80.71616
81.38388
80.74316
81.39348
80.75508
81.4081
80.76077
81.42529
80.77233
81.44499
80.78864
81.45464
80.81316
81.46929
80.82514
81.48649
80.83205
81.49364
80.84151
81.50579
80.84854
81.51532
80.85542
81.52248
80.86241
81.53214
80.89854
81.53927
80.90431
81.55896
80.91009
81.57857
80.91582
81.59818
80.92279
81.60543
80.93729
81.61752
80.94424
81.62717
80.95876
81.64442
80.96456
81.66167
80.97034
81.67635
81.00204
81.68236
81.01153
81.68827
81.02813
81.70551
81.04723
81.72515
81.06375
81.74231
81.07323
81.75189
81.08024
81.77908
81.09224
81.81037
81.13177
81.83002
81.13877
81.84708
81.14458
81.85582
81.15041
81.87796
81.16249
81.89265
81.16951
81.91483
81.17653
81.93446
81.1836
81.95151
81.1906
81.95863
81.20022
81.96828
81.20604
81.99532
81.22392
82.01743
81.23342
82.03584
81.25493
82.05043
81.26071
82.0676
81.26651
82.08724
81.27231
82.1009
81.30341
82.128
81.30916
82.14754
81.31495
82.16969
81.33643
82.18673
81.3435
82.21046
81.35052
82.22755
81.36503
82.24461
81.3848
82.26168
81.39058
82.27119
81.40246
82.28822
81.42394
82.30529
81.43092
82.31979
81.4405
82.32926
81.44624
82.3513
81.45197
82.37646
81.46413
82.4085
81.46992
82.43314
81.47572
82.45522
81.48772
82.47975
81.49355
82.50183
81.54531
82.51896
81.55105
82.53857
81.61848
82.55827
81.67141
82.5779
81.6785
82.59757
81.68548
82.60718
81.69246
82.62177
81.702
82.63137
81.71642
82.64098
81.72336
82.66064
81.72907
82.67025
81.73477
82.68491
81.74649
82.69463
81.76092
82.70427
81.77784
82.71889
81.78351
82.72852
81.78919
82.7457
81.79483
82.75536
81.81802
82.77174
81.85373
82.78142
81.92178
82.79862
81.99403
82.81825
82.03289
82.82783
82.11153
82.84746
82.13035
82.85958
82.15624
82.86668
82.16195
82.89141
82.16891
82.90868
82.19992
82.92336
82.20936
82.94473
82.2278
82.95696
82.23351
82.96667
82.24512
82.9727
82.25211
82.98492
82.26417
82.99718
82.27273
83.00691
82.27849
83.01421
82.28423
83.02403
82.29874
83.03118
82.31025
83.05087
82.3625
83.06329
82.41853
83.07307
82.43052
83.0853
82.44164
83.09249
82.44862
83.10733
82.45806
83.1134
82.46746
83.1232
82.48196
83.13299
82.48891
83.1478
82.50041
83.16761
82.50993
83.1798
82.51688
83.19625
82.52387
83.216
82.53333
83.23574
82.54033
83.25305
82.55239
83.26033
82.55939
83.27422
82.56517
83.28155
82.57098
83.29868
82.57674
83.31592
82.5825
83.32314
82.5883
83.33788
82.59536
83.34663
82.60741
83.36131
82.61319
83.36843
82.61898
83.37808
82.62844
83.38771
82.63415
83.40984
82.63985
83.41945
82.64557
83.42536
82.65753
83.44003
82.66451
83.44965
82.67896
83.46931
82.68851
83.48142
82.69796
83.48742
82.71495
83.49447
82.72447
83.50406
82.73394
83.5177
82.74342
83.52733
82.75037
83.54203
82.75737
83.55914
82.76691
83.56878
82.77887
83.59344
82.78835
83.60559
82.80277
83.61272
82.82291
83.62737
82.8349
83.63702
82.84061
83.65673
82.85174
83.67639
82.8587
83.69113
82.89589
83.69822
82.90525
83.71786
82.92908
83.73505
82.9707
83.75214
82.98013
83.76934
82.98705
83.77903
82.99398
83.78619
83.00089
83.79581
83.00776
83.813
83.01881
83.82768
83.0257
83.83368
83.03528
83.83963
83.04219
83.8568
83.0517
83.86646
83.06111
83.88364
83.07554
83.89328
83.085
83.91042
83.09695
83.92004
83.10265
83.92965
83.11461
83.94835
83.13111
83.95798
83.14051
83.98006
83.17248
83.99964
83.17822
84.02187
83.18517
84.03144
83.20991
84.05599
83.21936
84.06551
83.22514
84.07753
83.23087
84.08704
83.24285
84.10568
83.26132
84.12028
83.28607
84.12727
83.29182
84.1443
83.29884
84.15136
83.31274
84.15845
83.32915
84.16795
83.34618
84.175
83.35576
84.18455
83.36527
84.19411
83.37105
84.20361
83.37801
84.21568
83.38376
84.23029
83.38953
84.24738
83.39532
84.25449
83.40228
84.26164
83.41174
84.27122
83.42122
84.28584
83.42818
84.29549
83.4446
84.3101
83.51188
84.32719
83.51764
84.33932
83.53201
84.34895
83.53898
84.37357
83.54845
84.38316
83.55545
84.40031
83.56124
84.41747
83.56705
84.42714
83.5728
84.43687
83.58927
84.44653
83.60907
84.46117
83.67136
84.47591
83.70615
84.4856
83.71567
84.50771
83.7272
84.51741
83.73917
84.52711
83.74605
84.54182
83.75304
84.55652
83.76999
84.56618
83.77569
84.58591
83.78139
84.60568
83.78706
84.61292
83.80151
84.62012
83.80722
84.62724
83.88251
84.64433
83.95328
84.66397
84.03037
84.6836
84.10632
84.70322
84.17284
84.71783
84.2495
84.72738
84.29076
84.74201
84.33311
84.75162
84.3873
84.7613
84.46032
84.77096
84.52499
84.78061
84.55539
84.8002
84.5698
84.82986
84.62485
84.84943
84.63063
84.86902
84.63636
84.8811
84.64332
84.89064
84.64906
84.8977
84.6676
84.91969
84.70067
84.92927
84.73608
84.94397
84.74803
84.95353
84.76643
84.96306
84.77338
84.98018
84.78532
84.99233
84.81172
84.99945
84.842
85.00901
84.92429
85.02363
84.96964
85.03329
85.01546
85.0504
85.0705
85.06506
85.12249
85.07212
85.20405
85.08664
85.25681
85.09373
85.28471
85.11092
85.33083
85.11805
85.34802
85.12521
85.35497
85.13229
85.3607
85.14186
85.36644
85.15639
85.3784
85.16602
85.3841
85.18063
85.38985
85.20278
85.39558
85.22498
85.41004
85.23457
85.41698
85.24675
85.42892
85.26636
85.43464
85.27594
85.44038
85.2881
85.44611
85.29768
85.45307
85.3148
85.45881
85.32442
85.46456
85.33897
85.47153
85.34613
85.48102
85.36332
85.48796
85.37045
85.49489
85.37759
85.50443
85.39473
85.52049
85.40441
85.52621
85.41413
85.53191
85.42134
85.54385
85.42857
85.55083
85.43824
85.57018
85.44799
85.5797
85.45527
85.58915
85.46497
85.60358
85.47093
85.62064
85.47696
85.62641
85.49164
85.63221
85.49763
85.63798
85.50979
85.64741
85.52361
85.66436
85.53076
85.67125
85.55038
85.67826
85.57005
85.69273
85.5872
85.69846
85.60189
85.70414
85.61148
85.70984
85.62612
85.71553
85.64317
85.72744
85.66282
85.73312
85.67735
85.73884
85.69359
85.75069
85.69941
85.75761
85.70645
85.76453
85.71851
85.77146
85.72554
85.77838
85.73267
85.78406
85.74215
85.78976
85.74923
85.8366
85.76634
85.90186
85.77333
85.97817
85.79539
86.05555
85.80254
86.13131
85.81213
86.1959
85.81799
86.26112
85.82758
86.31953
85.84216
86.33223
85.8494
86.33917
85.85901
86.34612
85.8661
86.35306
85.87569
86.38099
85.88281
86.39751
85.90245
86.40702
85.91712
86.41653
85.92681
86.45855
85.94406
86.46433
85.9612
86.47012
85.97086
86.47713
85.98553
86.48412
85.99522
86.49361
86.00242
86.50311
86.00964
86.51263
86.0195
86.51965
86.02676
86.52666
86.03653
86.53249
86.04384
86.53831
86.05112
86.55039
86.05838
86.55745
86.0681
86.56451
86.07793
86.59059
86.08757
86.61466
86.09727
86.64774
86.11205
86.65475
86.12177
86.6606
86.13148
86.68349
86.14116
86.69553
86.15091
86.7013
86.15823
86.72482
86.16549
86.74834
86.17277
86.75787
86.18266
86.77574
86.18878
86.78275
86.19485
86.7923
86.20219
86.79935
86.21703
86.80514
86.22429
86.81098
86.24149
86.81805
86.25126
86.82384
86.26106
86.82966
86.26994
86.84168
86.27721
86.85529
86.2869
86.86228
86.31166
86.87179
86.33139
86.87762
86.35119
86.88342
86.36748
86.89542
86.37725
86.90247
86.38946
86.912
86.39661
86.91895
86.40379
86.92595
86.4235
86.94829
86.4408
86.95778
86.45802
86.96478
86.48029
87.00363
86.48996
87.0094
86.49969
87.01514
86.51192
87.02726
86.52075
87.03677
86.53541
87.04376
86.5414
87.04958
86.54861
87.05537
86.55826
87.06232
86.573
87.06809
86.58517
87.07388
86.59233
87.08589
86.607
87.09535
86.61655
87.12181
86.63374
87.13132
86.65586
87.13827
86.66798
87.15535
86.68263
87.16109
86.69235
87.16685
86.71203
87.17257
86.72924
87.18463
86.73889
87.1916
86.74857
87.20863
86.7582
87.2156
86.77535
87.22135
86.79253
87.2271
86.80721
87.23408
86.82934
87.24106
86.84399
87.25056
86.85371
87.25752
86.86842
87.2645
86.87805
87.27027
86.88525
87.27603
86.89235
87.29515
86.90192
87.30464
86.91651
87.31165
86.93619
87.31865
86.95079
87.32439
86.96529
87.33016
86.97495
87.34545
86.98205
87.35123
86.99664
87.36395
87.0037
87.3867
87.02325
87.39613
87.03298
87.40187
87.05259
87.40763
87.05971
87.41455
87.0743
87.42029
87.08392
87.42606
87.10102
87.43805
87.11057
87.45006
87.13269
87.4595
87.1422
87.46641
87.17427
87.47915
87.1963
87.48487
87.20316
87.49059
87.2176
87.49632
87.22705
87.55711
87.23649
87.597
87.24339
87.67511
87.26021
87.76442
87.26871
87.83365
87.27815
87.90627
87.29507
87.98209
87.31362
88.03049
87.32313
88.04569
87.34245
88.05713
87.35974
88.09998
87.37411
88.11148
87.38098
88.1172
87.40548
88.12296
87.41997
88.16718
87.42948
88.17285
87.44996
88.18647
87.46697
88.20042
87.48896
88.25135
87.50352
88.26954
87.52813
88.2882
87.55192
88.29772
87.55899
88.30354
87.56604
88.30933
87.5781
88.31882
87.58392
88.33546
87.59596
88.34505
87.6018
88.35457
87.61383
88.36036
87.61973
88.36991
87.62936
88.38642
87.63523
88.39342
87.64732
88.41746
87.66191
88.44112
87.67155
88.44814
87.68771
88.46268
87.69981
88.4685
87.70943
88.47433
87.72905
88.48013
87.75117
88.49716
87.77087
88.50916
87.77799
88.51496
87.79013
88.52074
87.79611
88.53028
87.80824
88.53733
87.81537
88.54937
87.82755
88.55637
87.83467
88.56218
87.84934
88.568
87.85918
88.57381
87.86887
88.58089
87.87483
88.58793
87.89197
88.60002
87.90911
88.60699
87.92128
88.61403
87.92848
88.62107
87.95062
88.63385
87.95783
88.63961
87.97255
88.6454
87.98225
88.65746
87.98824
88.66692
88.00041
88.67892
88.01258
88.68597
88.01981
88.69301
88.0295
88.70004
88.04914
88.70585
88.06625
88.71165
88.0722
88.71866
88.07821
88.72448
88.09787
88.73029
88.12176
88.73609
88.12894
88.75016
88.14365
88.76224
88.15335
88.76803
88.16547
88.77383
88.17518
88.79037
88.19238
88.7974
88.21204
88.8032
88.22176
88.80901
88.23138
88.81599
88.24355
88.82299
88.24952
88.83005
88.2616
88.83588
88.27283
88.84171
88.29494
88.85114
88.30449
88.8606
88.31906
88.89616
88.3262
88.90564
88.33578
88.91139
88.35041
88.9172
88.35636
88.92669
88.36226
88.93626
88.37943
88.96362
88.39906
88.96938
88.42355
89.00205
88.43816
89.02363
88.44531
89.04771
88.4649
89.0593
88.47456
89.07381
88.49424
89.0808
88.50388
89.09497
88.51768
89.1008
88.52481
89.10663
88.53948
89.11366
88.54652
89.11947
88.56623
89.12896
88.58083
89.13842
88.59046
89.14541
88.61011
89.15488
88.61975
89.16435
88.63183
89.17633
88.64149
89.18205
88.65108
89.18901
88.65819
89.19846
88.66779
89.20542
88.68227
89.21117
88.69194
89.21692
88.70148
89.22887
88.70727
89.23454
88.7131
89.24025
88.72515
89.24596
88.73971
89.25289
88.74674
89.25978
88.76882
89.26662
88.78085
89.27599
88.78796
89.28547
88.81004
89.29108
88.81706
89.29787
88.84159
89.30469
88.85622
89.31027
88.86572
89.31583
88.87778
89.32516
88.89492
89.33073
88.90203
89.3363
88.91666
89.34469
88.9287
89.35389
88.93826
89.3632
88.94785
89.37254
88.95493
89.38185
88.96456
89.38865
88.97419
89.39797
88.98134
89.40473
88.9934
89.41148
89.00304
89.41824
89.01022
89.4238
89.02499
89.42935
89.03096
89.43491
89.03693
89.4458
89.04654
89.45139
89.05251
89.45696
89.06715
89.46255
89.07679
89.46815
89.09396
89.48238
89.10365
89.48917
89.11332
89.50601
89.12555
89.51543
89.1352
89.52225
89.14113
89.53158
89.15329
89.53838
89.16048
89.54773
89.17023
89.55338
89.18494
89.55904
89.2022
89.5684
89.21185
89.57406
89.23151
89.57973
89.24874
89.58537
89.25597
89.59104
89.27065
89.59675
89.29034
89.60607
89.29757
89.61543
89.30727
89.6223
89.317
89.62916
89.33437
89.63859
89.34413
89.64545
89.35896
89.65113
89.36615
89.66054
89.37337
89.66619
89.38063
89.6718
89.38673
89.67747
89.39285
89.69189
89.40004
89.70132
89.40606
89.71084
89.41217
89.72528
89.41944
89.73102
89.43667
89.73675
89.44641
89.74367
89.46131
89.75813
89.47854
89.76667
89.48586
89.77608
89.50061
89.78565
89.51043
89.80498
89.52031
89.81191
89.52635
89.82886
89.53606
89.83582
89.55079
89.84784
89.55798
89.85487
89.57269
89.86189
89.58244
89.8689
89.59216
89.87587
89.60106
89.88286
89.61826
89.88866
89.63546
89.89445
89.64271
89.90024
89.6524
89.91228
89.66711
89.9181
89.67683
89.92389
89.68286
89.9297
89.68887
89.93549
89.70111
89.95254
89.71082
89.96702
89.72047
89.97651
89.72775
89.98235
89.73502
89.98821
89.74107
89.99527
89.74704
90.00487
89.76688
90.01191
89.78223
90.01894
89.792
90.02595
89.80917
90.03179
89.81641
90.0438
89.83615
90.05339
89.84215
90.06287
89.84936
90.06867
89.86147
90.07452
89.8687
90.08403
89.88587
90.08983
89.89559
90.09695
89.9028
90.10398
89.91751
90.11102
89.92726
90.11681
89.93713
90.12264
89.9444
90.12847
89.96156
90.14052
89.98129
90.15249
89.9885
90.16196
89.99812
90.17149
90.00789
90.18103
90.02254
90.18681
90.0297
90.19261
90.04684
90.20467
90.06653
90.21394
90.07368
90.22345
90.08839
90.23049
90.09431
90.23752
90.10027
90.24334
90.11498
90.24915
90.13461
90.26366
90.15428
90.2694
90.16642
90.27516
90.17606
90.28214
90.18321
90.29913
90.19285
90.31109
90.20245
90.32063
90.21206
90.3276
90.22659
90.33462
90.23247
90.34046
90.24209
90.34627
90.24917
90.35579
90.2562
90.36279
90.27085
90.36977
90.29297
90.37678
90.31255
90.3838
90.33217
90.39584
90.35175
90.40161
90.3588
90.40742
90.37836
90.42192
90.40292
90.42899
90.41496
90.43474
90.422
90.44051
90.42918
90.44749
90.43505
90.45444
90.44091
90.46644
90.45042
90.47216
90.45746
90.47795
90.47698
90.49002
90.4865
90.50451
90.49614
90.51901
90.51321
90.52601
90.52028
90.53307
90.52606
90.54259
90.53188
90.55209
90.54391
90.56414
90.54974
90.56995
90.55555
90.57571
90.56764
90.58273
90.5897
90.58852
90.60181
90.59811
90.61134
90.60511
90.62339
90.61091
90.63049
90.61672
90.6476
90.62373
90.65715
90.63576
90.67174
90.64274
90.68641
90.65482
90.70106
90.66436
90.71075
90.67013
90.72033
90.67588
90.73253
90.68168
90.7421
90.68862
90.74918
90.69557
90.76641
90.70516
90.77359
90.71459
90.77957
90.7215
90.78552
90.72846
90.79145
90.73803
90.79738
90.74493
90.80452
90.75183
90.81416
90.76123
90.82376
90.76691
90.83342
90.77259
90.84306
90.77947
90.85275
90.78637
90.86486
90.79201
90.87081
90.79763
90.87676
90.8045
90.88892
90.81133
90.89494
90.81816
90.90082
90.83939
90.91042
90.86973
90.91759
90.91801
90.92352
90.9782
90.92953
91.01478
90.9417
91.02979
90.95145
91.03549
90.95868
91.04236
90.96841
91.048
90.9781
91.06558
90.99781
91.07246
91.00755
91.08692
91.02229
91.09262
91.03201
91.09954
91.04167
91.11642
91.05901
91.12335
91.0738
91.13029
91.08352
91.13601
91.09325
91.1417
91.10556
91.15115
91.11165
91.15684
91.11773
91.16252
91.1275
91.1744
91.13483
91.18295
91.1496
91.19239
91.15931
91.1993
91.16911
91.21372
91.17886
91.22316
91.18778
91.23264
91.19752
91.24201
91.2048
91.2514
91.21215
91.26334
91.22195
91.26907
91.22923
91.27473
91.25144
91.29168
91.26123
91.2986
91.26847
91.3043
91.27818
91.31001
91.29527
91.3219
91.30252
91.33126
91.3172
91.34567
91.32432
91.35516
91.33398
91.36456
91.3561
91.37398
91.3849
91.38087
91.40457
91.38656
91.42578
91.39223
91.43279
91.40412
91.44743
91.416
91.45324
91.42541
91.45908
91.43108
91.46615
91.43678
91.48068
91.4437
91.48939
91.45059
91.49888
91.45627
91.51588
91.46816
91.53308
91.47384
91.54014
91.47951
91.54961
91.4852
91.55541
91.49092
91.56116
91.49784
91.57807
91.50475
91.58382
91.51048
91.59078
91.51619
91.60691
91.52308
91.61391
91.53001
91.62094
91.53577
91.62797
91.54149
91.63996
91.54723
91.64955
91.55915
91.67413
91.56611
91.68368
91.57302
91.69575
91.57996
91.70273
91.58943
91.70981
91.59515
91.72444
91.60088
91.73399
91.6078
91.75369
91.61353
91.77001
91.61931
91.78626
91.62878
91.79337
91.63573
91.80805
91.64519
91.81403
91.65218
91.82002
91.65792
91.82963
91.66367
91.84679
91.67316
91.86051
91.68273
91.87027
91.69477
91.88988
91.70052
91.89585
91.70625
91.9018
91.71326
91.9089
91.72523
91.91605
91.73103
91.92577
91.73676
91.93549
91.74877
91.95273
91.75826
91.95991
91.76526
91.9696
91.77102
91.97679
91.77679
91.98407
91.78377
91.99014
91.79587
91.99617
91.80285
92.00851
91.80977
92.01469
91.81931
92.02193
91.82512
92.02923
91.83094
92.03899
91.83796
92.04869
91.84493
92.05467
91.85065
92.06067
91.85644
92.07037
91.8634
92.07764
91.87038
92.0899
91.87733
92.09875
91.88306
92.11097
91.88881
92.1207
91.89454
92.13042
91.9015
92.14005
91.91358
92.14724
91.92056
92.15321
91.93005
92.15932
91.93581
92.17152
91.94158
92.18129
91.94736
92.19366
91.95691
92.20343
91.9639
92.21323
91.97836
92.22045
91.98533
92.23513
91.99107
92.24118
91.99681
92.24725
92.00255
92.25697
92.01453
92.26583
92.02155
92.27307
92.02851
92.28031
92.04053
92.29006
92.0463
92.31496
92.05208
92.32475
92.05785
92.33955
92.07227
92.35097
92.07804
92.35824
92.08997
92.37564
92.09694
92.38541
92.1064
92.39154
92.11331
92.39768
92.12022
92.40994
92.12713
92.41977
92.13406
92.42706
92.14349
92.43317
92.15038
92.43931
92.15605
92.44926
92.16171
92.45918
92.16733
92.46898
92.17422
92.47628
92.19569
92.48363
92.22852
92.48985
92.30466
92.49617
92.36211
92.50236
92.42007
92.51221
92.47831
92.52277
92.50871
92.53022
92.56315
92.54257
92.63569
92.55246
92.70684
92.56981
92.76814
92.57719
92.83089
92.58337
92.88787
92.58945
92.95506
92.59673
93.00342
92.60651
93.05315
92.62386
93.09312
92.63124
93.0987
92.63861
93.12249
92.64597
93.12933
92.65339
93.13876
92.6608
93.14449
92.67065
93.15017
92.68052
93.15711
92.69542
93.16402
92.71027
93.17095
92.71752
93.1779
92.73227
93.18361
92.73834
93.18935
92.74807
93.19507
92.75777
93.20075
92.78005
93.2077
92.78733
93.2197
92.79459
93.22542
92.8018
93.23116
92.80782
93.23806
92.81383
93.2438
92.82604
93.24955
92.8332
93.25528
92.8404
93.26102
92.84636
93.27055
92.85234
93.28007
92.85951
93.28586
92.86921
93.29162
92.88641
93.29738
92.90112
93.30435
92.91087
93.31132
92.91685
93.32072
92.92282
93.33778
92.92876
93.34361
92.93839
93.34949
92.94805
93.35899
92.95399
93.36477
92.96118
93.37052
92.97585
93.3775
92.98547
93.38326
92.99139
93.38904
92.99738
93.39858
93.00952
93.40436
93.0217
93.41018
93.02881
93.41718
93.03852
93.42667
93.0532
93.43245
93.05915
93.43826
93.07874
93.44401
93.09586
93.45534
93.10548
93.4611
93.11516
93.46683
93.12474
93.47378
93.13929
93.48828
93.14636
93.49391
93.15347
93.49962
93.16055
93.50903
93.16646
93.51594
93.18353
93.5228
93.18937
93.54227
93.19526
93.54913
93.21239
93.55601
93.22198
93.56289
93.23161
93.56855
93.24622
93.57417
93.25592
93.58099
93.26304
93.59031
93.27258
93.59593
93.2785
93.60152
93.29063
93.61336
93.29776
93.62769
93.31483
93.63326
93.32436
93.63886
93.33144
93.64561
93.34114
93.65241
93.34835
93.65801
93.35794
93.66361
93.37256
93.66919
93.37971
93.67854
93.39185
93.68786
93.39896
93.69713
93.40609
93.70956
93.41588
93.71639
93.42802
93.72202
93.43524
93.72765
93.4525
93.7395
93.46728
93.74886
93.47709
93.75823
93.48692
93.76518
93.49303
93.77203
93.49914
93.77894
93.50645
93.78462
93.51255
93.79029
93.52236
93.79868
93.52847
93.80438
93.53454
93.81008
93.54433
93.81698
93.55164
93.82893
93.55889
93.83588
93.56876
93.8416
93.57609
93.84734
93.59093
93.85674
93.59715
93.86369
93.60318
93.86948
93.61046
93.87524
93.61655
93.88467
93.6227
93.89043
93.6325
93.89738
93.63991
93.90435
93.64979
93.91013
93.65955
93.91593
93.66944
93.92539
93.67558
93.93113
93.68185
93.93691
93.69672
93.94269
93.70653
93.95225
93.72138
93.9617
93.73122
93.96868
93.74107
93.97442
93.75341
93.98021
93.76077
93.98716
93.76981
93.9941
93.7847
94.00361
93.79208
94.01559
93.8069
94.02259
93.81674
94.03462
93.82909
94.04419
93.83514
94.04999
93.84129
94.05947
93.84863
94.06528
93.85591
94.07105
93.862
94.07681
93.86813
94.08262
93.87794
94.09211
93.88407
94.10172
93.90135
94.11369
93.90866
94.11943
93.91605
94.12522
93.9259
94.13475
93.93742
94.14053
93.94356
94.14632
93.94962
94.15213
93.95573
94.16162
93.96306
94.17119
93.97028
94.17693
93.98009
94.18272
93.9874
94.18851
93.99711
94.19556
94.00436
94.20509
94.01566
94.21088
94.02179
94.21669
94.02776
94.22372
94.05001
94.22952
94.06725
94.23533
94.07449
94.24737
94.08418
94.25317
94.09894
94.25901
94.10506
94.26604
94.111
94.27306
94.11817
94.27885
94.13033
94.28465
94.14502
94.29173
94.15726
94.29877
94.16697
94.30461
94.17422
94.31042
94.18895
94.31624
94.19863
94.32202
94.2084
94.33146
94.21563
94.33843
94.22164
94.34422
94.22768
94.34999
94.23997
94.3558
94.24716
94.3616
94.25437
94.36861
94.26743
94.37553
94.27717
94.38512
94.28446
94.39462
94.29053
94.4041
94.29661
94.40987
94.30264
94.41563
94.30873
94.42136
94.31478
94.42712
94.32207
94.43406
94.33434
94.44099
94.34406
94.45795
94.35131
94.4649
94.36105
94.48186
94.36708
94.48882
94.37319
94.50069
94.37931
94.50765
94.38908
94.52121
94.39637
94.52693
94.40862
94.53265
94.41592
94.53959
94.43059
94.54901
94.44292
94.5547
94.44901
94.56042
94.455
94.56728
94.46226
94.57671
94.46945
94.58613
94.47668
94.593
94.48394
94.59993
94.4937
94.60949
94.50847
94.619
94.5183
94.62469
94.52811
94.63664
94.54293
94.64354
94.54906
94.64925
94.55644
94.65502
94.5637
94.66077
94.57098
94.6665
94.57704
94.67342
94.58313
94.68044
94.58914
94.68731
94.59654
94.69297
94.60885
94.69864
94.61871
94.70554
94.63097
94.71241
94.63702
94.7193
94.64312
94.72504
94.65043
94.73073
94.65777
94.75169
94.66512
94.75857
94.67117
94.76798
94.67726
94.77485
94.68958
94.78053
94.70183
94.78618
94.70913
94.79187
94.71655
94.80629
94.72395
94.81561
94.7338
94.82124
94.7437
94.82687
94.75353
94.83625
94.7633
94.84315
94.77317
94.84999
94.78298
94.85933
94.78909
94.86866
94.7953
94.87544
94.80765
94.88979
94.81496
94.89664
94.82234
94.90602
94.83475
94.91167
94.84211
94.91727
94.85691
94.93158
94.86423
94.9435
94.87411
94.94912
94.88656
94.95595
94.89391
94.9678
94.90124
94.97963
94.9086
94.98651
94.91841
94.99339
94.92458
94.99905
94.93077
95.00471
94.93813
95.01034
94.94561
95.01726
94.95552
95.02913
94.96547
95.03486
94.9753
95.04058
94.98267
95.04752
94.99249
95.05323
94.99989
95.05898
95.00969
95.06591
95.01594
95.07289
95.02208
95.08229
95.02953
95.09427
95.03688
95.10287
95.04674
95.10865
95.06163
95.11563
95.07146
95.12139
95.0789
95.12714
95.09115
95.13293
95.10263
95.14249
95.10986
95.15199
95.11962
95.15897
95.12688
95.16844
95.13415
95.17423
95.14144
95.18002
95.14871
95.18946
95.156
95.19648
95.16322
95.20354
95.173
95.21576
95.18433
95.22532
95.19042
95.23236
95.19648
95.23937
95.20876
95.24514
95.21605
95.25095
95.22578
95.25678
95.2318
95.26546
95.23783
95.27247
95.24386
95.2795
95.25357
95.28529
95.25962
95.2911
95.26564
95.29812
95.27283
95.31524
95.28247
95.32725
95.29968
95.33427
95.30939
95.34594
95.31901
95.35174
95.32626
95.35883
95.33345
95.36829
95.34315
95.37414
95.35197
95.39534
95.35793
95.40116
95.36396
95.40819
95.37355
95.41519
95.37955
95.42102
95.38554
95.43269
95.39274
95.44472
95.40735
95.46128
95.41708
95.46828
95.42921
95.47986
95.44377
95.48563
95.45343
95.49267
95.46558
95.49969
95.47279
95.50917
95.48492
95.52821
95.49461
95.5353
95.50182
95.54237
95.51148
95.54936
95.52121
95.55517
95.53078
95.56467
95.54035
95.5705
95.54989
95.57633
95.55696
95.58842
95.56654
95.59422
95.5724
95.6
95.57824
95.607
95.58406
95.61643
95.59351
95.63172
95.6005
95.63749
95.60631
95.64449
95.61211
95.65028
95.62412
95.65729
95.63358
95.6718
95.64059
95.6804
95.65015
95.68742
95.65961
95.69321
95.66658
95.69901
95.6761
95.706
95.68819
95.71307
95.69515
95.7226
95.7009
95.7284
95.70663
95.73418
95.71607
95.74614
95.72181
95.75315
95.72755
95.75894
95.7345
95.77432
95.74143
95.78132
95.75097
95.78828
95.76292
95.79774
95.77239
95.80969
95.78431
95.81543
95.79373
95.82121
95.80326
95.82823
95.81271
95.83772
95.82221
95.8435
95.83672
95.84925
95.84621
95.85871
95.85586
95.86445
95.86292
95.8702
95.87247
95.8848
95.87952
95.89171
95.88907
95.90364
95.90359
95.90932
95.91063
95.91497
95.91647
95.92434
95.92233
95.95316
95.92817
95.96259
95.94025
95.98819
95.94994
96.06999
95.95583
96.12305
95.96171
96.1916
95.97626
96.21483
95.98334
96.22179
95.99291
96.22873
95.99997
96.2382
96.01456
96.24523
96.02178
96.26408
96.02888
96.28316
96.03844
96.28897
96.05314
96.32527
96.06029
96.37866
96.06741
96.39143
96.07452
96.40419
96.0841
96.43926
96.09109
96.45322
96.10481
96.459
96.12185
96.48248
96.13142
96.49448
96.14844
96.50028
96.16309
96.5061
96.17268
96.51322
96.19221
96.52267
96.20937
96.52962
96.21896
96.53664
96.23604
96.5461
96.25559
96.55556
96.26427
96.56507
96.28887
96.57207
96.31093
96.57905
96.3204
96.58604
96.34993
96.59303
96.37695
96.59879
96.40392
96.60452
96.43559
96.61648
96.44512
96.62595
96.47711
96.6317
96.50657
96.63738
96.52852
96.64436
96.56805
96.65133
96.59761
96.65704
96.63461
96.66274
96.65779
96.67464
96.68722
96.68564
96.71406
96.69252
96.75345
96.70941
96.79247
96.71877
96.832
96.74323
96.87142
96.75016
96.91068
96.75579
96.94997
96.76144
96.97424
96.77076
97.01364
96.78007
97.05446
96.78941
97.09364
96.79624
97.13257
96.80184
97.38089
96.8086
97.53185
96.81538
97.53708
96.82713
97.57107
96.83639
97.58
96.85664
97.60845
96.87596
97.62224
96.88264
97.62746
96.89686
97.64749
96.90606
97.65395
96.92023
97.66287
96.92571
97.74261
96.93115
97.81303
96.93791
97.92007
96.94717
97.94743
96.9539
97.95258
96.96808
97.95771
96.97476
97.97016
96.98142
97.99017
97.00419
97.99531
97.01096
98.01865
97.03018
98.02885
97.03684
98.034
97.04591
98.03915
97.05509
98.04722
97.06922
98.05358
97.07461
98.06306
97.07999
98.06944
97.08912
98.07584
97.10767
98.08221
97.12178
98.12408
97.12843
98.1425
97.14755
98.15404
97.15414
98.15919
97.17274
98.16673
97.17812
98.1756
97.18351
98.19027
97.20775
98.19665
97.21434
98.21193
97.24326
98.21708
97.26399
98.22222
97.27171
98.23468
97.29509
98.23981
97.30161
98.24494
97.3285
98.25993
97.33497
98.26506
97.34151
98.2702
97.34812
98.29427
97.36961
98.30065
97.37608
98.30949
97.39561
98.32403
97.40089
98.33039
97.41813
98.34368
97.42339
98.34885
97.42866
98.354
97.45361
98.36332
97.45883
98.36849
97.46409
98.37365
97.48367
98.38001
97.48889
98.38639
97.4941
98.39156
97.51174
98.39674
97.51697
98.4019
97.5222
98.40829
97.53741
98.41719
97.54385
98.42236
97.56029
98.42753
97.56553
98.43525
97.57075
98.44041
97.58414
98.44559
97.59063
98.45076
97.61354
98.45715
97.61875
98.46231
97.62397
98.46748
97.63168
98.47265
97.64766
98.47782
97.66784
98.48299
97.67306
98.48817
97.67829
98.49335
97.69265
98.49851
97.69789
98.50369
97.70314
98.50887
97.71802
98.51403
97.72852
98.5192
97.74637
98.52436
97.75282
98.52953
97.75926
98.53468
97.76821
98.54104
97.77695
98.54621
97.78218
98.55138
97.78741
98.55656
97.79827
98.56174
97.8035
98.56693
97.81113
98.57329
97.81755
98.57846
97.82278
98.58364
97.82801
98.58881
97.83326
98.59399
97.83968
98.59916
97.84873
98.60432
97.85518
98.60948
97.86162
98.61465
97.86684
98.61983
97.87207
98.625
97.88013
98.63137
97.89066
98.63654
97.89588
98.64171
97.9011
98.64689
97.90631
98.65206
97.91153
98.65723
97.91674
98.66241
97.92195
98.66759
97.92715
98.67278
97.93237
98.67795
97.94135
98.68312
97.94655
98.68829
97.95174
98.69346
97.95692
98.69865
97.9633
98.70383
97.96848
98.71024
97.97368
98.71667
97.97885
98.72186
97.98403
98.72707
97.98922
98.73228
97.99438
98.73746
97.99957
98.74265
98.00474
98.74907
98.00993
98.75549
98.01631
98.76067
98.0215
98.76585
98.02668
98.77103
98.03186
98.77618
98.03705
98.78136
98.04224
98.78652
98.04743
98.79169
98.05261
98.79808
98.0578
98.80447
98.06299
98.80965
98.0682
98.81482
98.07341
98.82374
98.07863
98.8289
98.08384
98.83408
98.08905
98.83925
98.09428
98.84574
98.10072
98.85092
98.10594
98.85611
98.11116
98.86501
98.11639
98.87018
98.12162
98.87537
98.1604
98.88055
98.16563
98.88573
98.17706
98.89966
98.18229
98.90485
98.18752
98.91002
98.19273
98.9152
98.20118
98.92037
98.20641
98.93124
98.21165
98.9364
98.21688
98.94158
98.23
98.94675
98.23521
98.95191
98.24043
98.95708
98.25188
98.96227
98.2571
98.96864
98.26231
98.97382
98.26754
98.979
98.27277
98.98418
98.28425
98.99059
98.2907
98.99577
98.29964
99.00095
98.30607
99.00734
98.31248
99.01251
98.31889
99.01769
98.3241
99.02409
98.33305
99.02925
98.33824
99.03442
98.34344
99.0396
98.34862
99.04478
98.35502
99.04996
98.36022
99.05512
98.36543
99.0603
98.37436
99.06546
98.37959
99.07063
98.3848
99.07578
98.40128
99.08095
98.40648
99.08611
98.41171
99.09126
98.41692
99.09767
98.42213
99.10284
98.43019
99.10802
98.43661
99.11319
98.44181
99.11835
98.44701
99.12353
98.45221
99.1287
98.45741
99.13387
98.46381
99.13902
98.46902
99.1442
98.47421
99.14937
98.47942
99.15453
98.48462
99.16093
98.48981
99.16609
98.49502
99.17127
98.50023
99.17645
98.50542
99.18163
98.5106
99.1868
98.51703
99.19318
98.52222
99.19958
98.52743
99.20477
98.53264
99.20994
98.53783
99.21512
98.54301
99.22028
98.5482
99.22546
98.5534
99.23063
98.55858
99.2358
98.56377
99.24097
98.5752
99.24615
98.58039
99.25132
98.58559
99.25649
98.59077
99.26289
98.59727
99.26807
98.60246
99.27322
98.60769
99.2784
98.6129
99.28356
98.61932
99.28873
98.6245
99.29389
98.62971
99.29906
98.63612
99.30423
98.64507
99.3094
98.65401
99.31457
98.66547
99.31973
98.67068
99.3249
98.67587
99.33006
98.68105
99.33524
98.68996
99.34042
98.69515
99.34559
98.70033
99.35076
98.7055
99.35593
98.71333
99.36111
98.71851
99.36629
98.72371
99.37147
98.73011
99.37666
98.73529
99.38184
98.74046
99.38702
98.74563
99.39221
98.75201
99.39739
98.75716
99.40258
98.76233
99.40777
98.76749
99.41294
98.77266
99.41811
98.77783
99.42326
98.783
99.42842
98.78817
99.43731
98.79333
99.44372
98.79851
99.45261
98.80367
99.45898
98.80882
99.46415
98.814
99.47556
98.81916
99.48071
98.82807
99.48587
98.83323
99.49749
98.83839
99.50266
98.84356
99.50783
98.84872
99.51299
98.8539
99.51936
98.85908
99.52451
98.86426
99.53914
98.86942
99.54429
98.87462
99.54944
98.87981
99.55458
98.88872
99.57169
98.89393
99.57806
98.89911
99.59083
98.90802
99.59597
98.91442
99.60111
98.92836
99.60988
98.93359
99.61504
98.93881
99.62018
98.95274
99.62773
98.95795
99.63289
98.96316
99.63804
98.97728
99.64833
98.98718
99.65349
98.99241
99.65864
98.99759
99.66763
99.00831
99.67278
99.01348
99.67793
99.01865
99.6904
99.03094
99.69555
99.03611
99.70068
99.04127
99.70703
99.04644
99.71336
99.0528
99.71849
99.06609
99.72363
99.07124
99.72996
99.07639
99.73775
99.09029
99.74289
99.09544
99.74802
99.10059
99.75558
99.11655
99.76267
99.1217
99.81115
99.12684
99.86523
99.13952
99.87038
99.14464
99.87553
99.14974
99.88437
99.1673
99.8907
99.17245
99.89582
99.17763
99.90094
99.18772
99.91008
99.19297
99.91519
99.19814
99.92037
99.20583
99.93038
99.21098
99.93571
99.21614
99.94081
99.22647
99.95293
99.23164
99.95803
99.23681
99.96333
99.2497
99.96961
99.25484
99.97551
99.25996
99.98072
99.26517
99.98717
99.27032
99.99361
99.27548
99.99881
99.28062
100.004
99.28696
100.0183
99.29221
100.0235
99.29742
100.0323
99.30377
100.0387
99.31262
100.0438
99.31783
100.049
99.32301
100.0571
99.33057
100.0622
99.33571
100.0674
99.34084
100.0762
99.3476
100.0826
99.35275
100.089
99.35793
100.0941
99.36308
100.0993
99.36825
100.1056
99.37466
100.117
99.38103
100.1221
99.38741
100.1273
99.39381
100.1361
99.39899
100.1425
99.40417
100.1476
99.41305
100.1528
99.41819
100.1591
99.42339
100.1655
99.4314
100.1706
99.43777
100.1758
99.44417
100.1809
99.45056
100.1861
99.45573
100.1913
99.46093
100.1976
99.46731
100.2028
99.47621
100.2079
99.48444
100.2131
99.48965
100.2195
99.49485
100.2246
99.50128
100.2298
99.50768
100.2349
99.52004
100.2413
99.52526
100.2465
99.53047
100.2517
99.53568
100.2569
99.5446
100.2693
99.55355
100.2744
99.55878
100.2797
99.56403
100.2849
99.5775
100.29
99.58276
100.2953
99.58798
100.3005
99.6
100.3057
99.60525
100.3109
99.62173
100.3173
99.62699
100.3237
99.63225
100.3301
99.63753
100.3366
99.65151
100.3418
99.65678
100.347
99.66204
100.3584
99.67953
100.3637
99.68481
100.3689
99.69007
100.3741
99.70156
100.383
99.70686
100.3883
99.71214
100.3935
99.73122
100.4
99.73654
100.4052
99.74182
100.4104
99.75084
100.4194
99.75614
100.4246
99.76142
100.4299
99.77542
100.4404
99.78069
100.4456
99.78594
100.4509
99.80894
100.4573
99.81423
100.4638
99.81956
100.4703
99.85516
100.4793
99.86172
100.4845
99.89306
100.4898
99.89842
100.4988
99.90376
100.5053
99.92771
100.5134
99.9343
100.5198
99.94334
100.5251
99.96684
100.5303
99.97215
100.5368
99.97746
100.5433
100.0041
100.5497
100.0093
100.555
100.0146
100.5602
100.0285
100.5655
100.0338
100.5708
100.0473
100.5797
100.0526
100.585
100.0579
100.5903
100.0734
100.5956
100.0787
100.6009
100.084
100.6074
100.0955
100.6138
100.1008
100.6278
100.1061
100.6331
100.1126
100.6385
100.1191
100.6544
100.1256
100.6598
100.1417
100.6651
100.1482
100.6704
100.1572
100.682
100.175
100.6873
100.1803
100.6927
100.1856
100.7042
100.197
100.7096
100.206
100.7149
100.2222
100.7202
100.2311
100.7287
100.2493
100.734
100.2558
100.7431
100.2717
100.7597
100.277
100.765
100.2823
100.7704
100.296
100.7852
100.3013
100.7917
100.3066
100.7983
100.3223
100.8149
100.3275
100.8203
100.3328
100.8257
100.3484
100.8348
100.3537
100.8414
100.3591
100.8497
100.3775
100.8713
100.3865
100.8767
100.4041
100.8821
100.4095
100.8912
100.4148
100.8978
100.4331
100.9069
100.4385
100.921
100.4439
100.9264
100.4649
100.9318
100.4702
100.9409
100.4756
100.9475
100.5004
100.9529
100.5057
100.9582
100.511
100.9723
100.5266
100.9777
100.5331
100.9831
100.5614
100.9947
100.5667
101.0001
100.572
101.0055
100.586
101.0135
100.5926
101.02
100.6204
101.0266
100.6269
101.0382
100.6446
101.0448
100.6499
101.0612
100.6552
101.0666
100.6606
101.0719
100.6695
101.0772
100.6748
101.0863
100.6801
101.0953
100.6854
101.1034
100.6962
101.1124
100.7027
101.119
100.717
101.128
100.7223
101.1332
100.7276
101.1385
100.7572
101.1451
100.8242
101.1504
100.881
101.1557
100.9419
101.1646
101.0089
101.1699
101.0678
101.1827
101.096
101.188
101.1424
101.1934
101.1477
101.2064
101.1542
101.213
101.1632
101.222
101.1722
101.2311
101.2203
101.2377
101.2268
101.2467
101.2333
101.2559
101.2398
101.2716
101.2463
101.277
101.2736
101.2825
101.2789
101.291
101.2854
101.2976
101.2944
101.3067
101.3008
101.3133
101.3073
101.3224
101.3241
101.3278
101.3979
101.3331
101.4594
101.3537
101.5
101.3591
101.5065
101.3645
101.53
101.371
101.5602
101.3764
101.5655
101.3818
101.5783
101.3884
101.6485
101.395
101.7184
101.4041
101.743
101.4228
101.8078
101.431
101.8713
101.4517
101.9338
101.4583
101.9861
101.4648
102.0435
101.4873
102.0986
101.4926
102.1548
101.4979
102.2061
101.5032
102.2624
101.5085
102.3388
101.5201
102.3942
101.5254
102.4531
101.5308
102.4984
101.5542
102.5531
101.5608
102.5585
101.5791
102.5639
101.5845
102.5811
101.5899
102.5865
101.6058
102.5919
101.6124
102.6093
101.6215
102.6212
101.6356
102.6266
101.6447
102.6321
101.6501
102.6375
101.6554
102.6491
101.662
102.6599
101.6711
102.669
101.6829
102.681
101.6882
102.6865
101.6936
102.6931
101.7047
102.6986
101.7101
102.704
101.7154
102.7107
101.722
102.7162
101.7311
102.727
101.7376
102.7324
101.7467
102.7377
101.7557
102.7431
101.7623
102.7602
101.7832
102.7711
101.7885
102.7777
101.7938
102.7843
101.8128
102.7898
101.8193
102.7952
101.8419
102.8007
101.8473
102.8061
101.8526
102.8116
101.8642
102.817
101.8696
102.8291
101.8749
102.8383
101.884
102.8466
101.8894
102.8533
101.8947
102.8587
101.9058
102.8641
101.9124
102.8696
101.9338
102.8749
101.9392
102.8804
101.9576
102.8858
101.963
102.8913
101.9684
102.8967
101.9842
102.9022
101.9909
102.9076
102.0024
102.9143
102.0078
102.9209
102.0145
102.9264
102.0286
102.9318
102.034
102.9463
102.0394
102.9518
102.046
102.9572
102.0615
102.9626
102.0669
103.008
102.0723
103.0134
102.0812
103.0188
102.0866
103.0242
102.092
103.0309
102.101
103.0363
102.1151
103.0418
102.1217
103.0472
102.1407
103.0526
102.1461
103.0592
102.1552
103.0684
102.1617
103.0751
102.175
103.0805
102.1841
103.0859
102.1907
103.0913
102.196
103.0996
102.2013
103.105
102.2078
103.1104
102.2243
103.1157
102.2308
103.1212
102.246
103.1266
102.3129
103.1321
102.3834
103.1375
102.3888
103.1429
102.3978
103.1483
102.4032
103.1537
102.4085
103.1592
102.4192
103.1646
102.4245
103.1699
102.4298
103.1766
102.4351
103.1832
102.4466
103.1887
102.4577
103.1941
102.4642
103.2007
102.4707
103.2061
102.4772
103.2115
102.4854
103.2169
102.4944
103.2235
102.4997
103.2289
102.505
103.2344
102.5145
103.2398
102.5198
103.2452
102.5251
103.2506
102.5342
103.256
102.5395
103.2614
102.5448
103.2668
102.5538
103.2722
102.5629
103.2775
102.5682
103.2829
102.5735
103.2883
102.5789
103.2937
102.5842
103.3003
102.5896
103.3057
102.5973
103.3382
102.6064
103.3868
102.6129
103.4404
102.627
103.4632
102.6323
103.498
102.6377
103.5034
102.6468
103.517
102.6533
103.5224
102.6587
103.5721
102.664
103.5829
102.6731
103.5938
102.6822
103.5993
102.6912
103.6047
102.7003
103.6102
102.7056
103.6155
102.711
103.6209
102.7163
103.6276
102.7279
103.633
102.7333
103.6384
102.7387
103.6439
102.744
103.6493
102.7521
103.6546
102.7633
103.6601
102.7686
103.6654
102.774
103.6721
102.783
103.6854
102.7883
103.6908
102.7936
103.6963
102.7989
103.7017
102.808
103.7071
102.817
103.7125
102.826
103.7179
102.8313
103.7232
102.8367
103.7286
102.8457
103.7378
102.851
103.7444
102.8564
103.7498
102.8702
103.7553
102.8767
103.7607
102.8832
103.7662
102.8886
103.7717
102.8939
103.7771
102.8993
103.7825
102.9046
103.7891
102.9137
103.7958
102.919
103.8012
102.9243
103.8067
102.9384
103.8133
102.9449
103.82
102.9515
103.8254
102.963
103.8308
102.9696
103.8363
102.9762
103.8417
102.9852
103.8472
102.9993
103.8538
103.0046
103.8592
103.01
103.8646
103.0165
103.87
103.0231
103.8766
103.0296
103.882
103.0361
103.8875
103.0452
103.8928
103.0517
103.8983
103.0583
103.9037
103.0636
103.9091
103.0688
103.9145
103.0933
103.9211
103.1737
103.9266
103.2334
103.932
103.3104
103.9374
103.3773
103.9441
103.4277
103.9507
103.5025
103.9561
103.563
103.9615
103.6224
103.9669
103.6859
103.9722
103.7456
103.9789
103.8022
103.9844
103.8697
103.9897
103.9283
103.9963
103.9959
104.0017
