10.01064
10.00985
10.01737
10.01657
10.0241
10.0233
10.03201
10.03002
10.03874
10.03674
10.04547
10.04347
10.05219
10.05019
10.05892
10.05691
10.06565
10.06364
10.07238
10.07036
10.07911
10.07709
10.08584
10.08381
10.09256
10.09054
10.09929
10.09726
10.10602
10.10399
10.11275
10.11071
10.11948
10.11744
10.12621
10.12416
10.13294
10.13089
10.13968
10.13762
10.14641
10.14434
10.15313
10.15107
10.15987
10.1578
10.16659
10.16453
10.17332
10.17125
10.18006
10.17798
10.18679
10.18471
10.19472
10.19144
10.20145
10.19817
10.20817
10.2049
10.2149
10.21163
10.22163
10.21836
10.22837
10.233
10.2351
10.23973
10.24183
10.24646
10.24856
10.25318
10.25529
10.25991
10.26202
10.26665
10.26876
10.28011
10.27549
10.28684
10.28222
10.29356
10.28895
10.30029
10.29568
10.30702
10.30241
10.31374
10.30913
10.32047
10.31586
10.32719
10.32259
10.33392
10.32932
10.34064
10.33605
10.34737
10.34278
10.35409
10.34951
10.36082
10.35625
10.36754
10.36298
10.37427
10.36971
10.38099
10.37763
10.38772
10.38435
10.39445
10.39109
10.40118
10.39782
10.4079
10.40455
10.41463
10.41128
10.42135
10.41922
10.42808
10.42594
10.4348
10.43267
10.44153
10.43941
10.45498
10.44614
10.46171
10.45287
10.46844
10.4596
10.47517
10.46633
10.4819
10.47306
10.48863
10.47979
10.49536
10.48652
10.50209
10.49325
10.50882
10.49999
10.51555
10.50671
10.52228
10.51345
10.52901
10.52018
10.53575
10.52691
10.54248
10.53364
10.54921
10.54037
10.55594
10.5471
10.56267
10.55503
10.5694
10.56175
10.57612
10.56848
10.58286
10.57522
10.58958
10.58195
10.59631
10.58868
10.60304
10.5954
10.60977
10.60212
10.6165
10.60885
10.62322
10.61558
10.62994
10.62231
10.63667
10.62904
10.6434
10.63577
10.65012
10.6425
10.65685
10.64923
10.66358
10.65596
10.6703
10.66268
10.67703
10.66941
10.68375
10.67614
10.69048
10.68288
10.69721
10.68961
10.70394
10.69634
10.71067
10.70307
10.7174
10.7098
10.72413
10.71772
10.73085
10.72445
10.73758
10.73118
10.74431
10.73791
10.75223
10.74465
10.75896
10.75137
10.76569
10.75811
10.77242
10.76484
10.78588
10.77157
10.79261
10.77831
10.79933
10.78504
10.80606
10.79177
10.81279
10.7985
10.81952
10.80523
10.82625
10.81197
10.83298
10.81869
10.83971
10.82542
10.84644
10.83215
10.85316
10.83888
10.85989
10.8456
10.86661
10.85233
10.87334
10.85906
10.88006
10.8658
10.88679
10.87252
10.89351
10.87926
10.90024
10.88599
10.90696
10.89272
10.91369
10.89946
10.92041
10.90619
10.92713
10.91293
10.93386
10.91966
10.94058
10.92639
10.94731
10.93313
10.95403
10.93986
10.96076
10.94659
10.96748
10.95333
10.97421
10.96006
10.98093
10.96679
10.98766
10.97352
10.99438
10.98026
11.00111
10.98699
11.00784
10.99372
11.01457
11.00045
11.0213
11.00719
11.02802
11.01676
11.03475
11.02349
11.04148
11.03023
11.04821
11.03696
11.05493
11.04369
11.06166
11.05043
11.06839
11.05716
11.07511
11.0639
11.08184
11.07063
11.08856
11.07736
11.09529
11.08527
11.10202
11.09201
11.10875
11.09874
11.11547
11.10547
11.1222
11.1122
11.12892
11.11892
11.13565
11.12564
11.14238
11.13238
11.1491
11.13911
11.15583
11.14583
11.16255
11.15256
11.16928
11.15928
11.176
11.16601
11.18272
11.17274
11.18944
11.17946
11.19617
11.18619
11.20289
11.19292
11.20961
11.19965
11.21633
11.20638
11.22305
11.21311
11.22978
11.21984
11.2365
11.22657
11.25668
11.2333
11.2634
11.24003
11.27012
11.24676
11.27685
11.25348
11.28357
11.26021
11.29029
11.26694
11.29702
11.27366
11.31046
11.28039
11.31718
11.28711
11.3239
11.29383
11.33062
11.30056
11.33733
11.30728
11.34406
11.31401
11.37766
11.32073
11.43948
11.32746
11.45965
11.33418
11.46637
11.3409
11.4731
11.34763
11.47982
11.35436
11.48654
11.36108
11.49998
11.36781
11.5067
11.37453
11.51342
11.38126
11.52015
11.38798
11.52687
11.39471
11.53359
11.40143
11.54031
11.40816
11.54703
11.41488
11.55375
11.4216
11.56047
11.42832
11.56718
11.43505
11.5739
11.44178
11.58061
11.4485
11.58733
11.45641
11.59405
11.46313
11.60077
11.46986
11.60749
11.47659
11.6142
11.48331
11.62092
11.49004
11.62764
11.49676
11.63436
11.5035
11.64108
11.51022
11.6478
11.51694
11.65452
11.52367
11.66124
11.53039
11.66796
11.53712
11.67468
11.54385
11.6814
11.55057
11.68813
11.55729
11.69485
11.56402
11.70157
11.57073
11.70829
11.57746
11.71501
11.58417
11.72174
11.59089
11.72845
11.59761
11.73517
11.60433
11.74189
11.61105
11.74861
11.61777
11.75533
11.62449
11.76205
11.63121
11.76877
11.63792
11.77549
11.64464
11.78221
11.65136
11.78893
11.65808
11.79565
11.6648
11.80237
11.67152
11.80908
11.67824
11.8158
11.68495
11.82253
11.69167
11.82924
11.69839
11.83596
11.70511
11.84268
11.71183
11.8494
11.71855
11.85612
11.72527
11.86284
11.73199
11.86956
11.73871
11.87628
11.74543
11.883
11.75214
11.88972
11.75886
11.89644
11.76558
11.90316
11.7723
11.90987
11.77901
11.91659
11.78573
11.92331
11.79244
11.93003
11.79916
11.93675
11.80588
11.94347
11.8126
11.95019
11.81931
11.95691
11.82603
11.96363
11.83275
11.97034
11.83946
11.97706
11.84618
11.98378
11.8529
11.99049
11.85962
11.99721
11.86634
12.00393
11.87306
12.01064
11.87978
12.01736
11.8865
12.02408
11.89322
12.03079
11.89993
12.03751
11.90665
12.04423
11.91337
12.05095
11.92009
12.05767
11.9268
12.06438
11.93352
12.07109
11.94024
12.0778
11.94696
12.08453
11.95368
12.09124
11.9604
12.09796
11.96711
12.10468
11.97383
12.1114
11.98055
12.11812
11.98726
12.12484
11.99398
12.13156
12.0007
12.13827
12.00742
12.14499
12.01414
12.15171
12.02086
12.15843
12.02758
12.16515
12.0343
12.17187
12.04101
12.17859
12.04773
12.18531
12.05445
12.19203
12.06117
12.19874
12.06789
12.20546
12.07461
12.21218
12.08132
12.2189
12.08803
12.22562
12.09475
12.23234
12.10147
12.23906
12.10819
12.24578
12.11491
12.25249
12.12163
12.25921
12.12835
12.26593
12.13506
12.27265
12.14178
12.27937
12.1485
12.28608
12.15522
12.2928
12.16193
12.29952
12.16865
12.30624
12.17537
12.31296
12.18209
12.31968
12.18881
12.32639
12.19552
12.33311
12.20224
12.33983
12.20896
12.34655
12.21568
12.35326
12.2224
12.35998
12.22911
12.3667
12.23583
12.37342
12.24254
12.38014
12.24926
12.38686
12.25597
12.39357
12.26269
12.40029
12.2694
12.40701
12.27612
12.41372
12.28284
12.42044
12.28955
12.42716
12.29627
12.43388
12.30299
12.4406
12.30971
12.44732
12.31643
12.45404
12.32315
12.46075
12.32987
12.46747
12.33659
12.47419
12.34331
12.48091
12.35003
12.48763
12.35675
12.49434
12.36347
12.50107
12.37019
12.50778
12.37691
12.51451
12.38363
12.52123
12.39035
12.52795
12.39707
12.53467
12.40379
12.54138
12.41051
12.5481
12.41723
12.55482
12.42395
12.56154
12.43067
12.56826
12.43739
12.57498
12.44411
12.58169
12.45082
12.58841
12.45754
12.59513
12.46426
12.60185
12.47098
12.60857
12.4777
12.61528
12.48442
12.622
12.49114
12.62872
12.49786
12.63544
12.50457
12.64216
12.5113
12.64888
12.51801
12.6556
12.52474
12.66231
12.53145
12.66903
12.53817
12.67575
12.54491
12.68247
12.55163
12.68919
12.55953
12.69592
12.56625
12.70264
12.57297
12.70936
12.57969
12.71609
12.5864
12.7228
12.59313
12.72952
12.59985
12.73625
12.60657
12.74296
12.61329
12.74969
12.62001
12.75641
12.62673
12.76313
12.63345
12.76985
12.64017
12.77658
12.64688
12.7833
12.65361
12.79002
12.66032
12.79674
12.66704
12.80346
12.67376
12.81018
12.68049
12.8169
12.6872
12.82362
12.69392
12.83035
12.70064
12.83707
12.70736
12.84379
12.71408
12.85051
12.7208
12.85723
12.72752
12.86395
12.73424
12.87067
12.74095
12.87738
12.74767
12.88528
12.75439
12.892
12.76111
12.89872
12.76783
12.90544
12.77455
12.91216
12.78127
12.91889
12.78799
12.9256
12.7947
12.93233
12.80142
12.93905
12.80814
12.94577
12.81485
12.95249
12.82158
12.9592
12.82829
12.96593
12.83501
12.97265
12.84291
12.97937
12.84972
12.98609
12.85643
12.9928
12.86316
12.99952
12.86988
13.00624
12.8766
13.01296
12.88332
13.01968
12.89004
13.02639
12.89675
13.03312
12.90347
13.03984
12.91019
13.04656
12.91691
13.05328
12.92363
13.06
12.93035
13.06672
12.93706
13.07344
12.94378
13.08016
12.9505
13.08687
12.95722
13.0936
12.96394
13.10032
12.97066
13.10704
12.97737
13.11376
12.98409
13.12047
12.99081
13.12719
12.99753
13.13391
13.00425
13.14063
13.01097
13.14735
13.01769
13.15407
13.02441
13.16079
13.03112
13.16751
13.03784
13.17423
13.04456
13.18096
13.05128
13.18768
13.058
13.1944
13.06472
13.20784
13.07144
13.21456
13.07816
13.22127
13.08488
13.22799
13.0916
13.23472
13.09832
13.24144
13.10504
13.24815
13.11176
13.25487
13.11848
13.26159
13.1252
13.26831
13.13192
13.27503
13.13864
13.28175
13.14536
13.28847
13.15207
13.29518
13.15879
13.3019
13.16551
13.30862
13.17223
13.31533
13.17895
13.32205
13.18567
13.32876
13.19239
13.33548
13.19911
13.3422
13.20583
13.34892
13.21255
13.35564
13.21926
13.36236
13.22598
13.36908
13.2327
13.3758
13.23942
13.38252
13.24614
13.38924
13.25286
13.39596
13.25957
13.40268
13.2663
13.40939
13.27302
13.41611
13.27974
13.42283
13.28646
13.42955
13.29318
13.43627
13.2999
13.44299
13.30662
13.44971
13.31333
13.45643
13.32005
13.46315
13.32677
13.46987
13.33349
13.47658
13.3402
13.4833
13.34693
13.49002
13.35364
13.49674
13.36036
13.50346
13.36708
13.51017
13.3738
13.51689
13.38052
13.52361
13.38724
13.53033
13.39396
13.53705
13.40067
13.54377
13.40739
13.55049
13.41411
13.55721
13.42083
13.56393
13.42755
13.57065
13.43427
13.57737
13.44099
13.58409
13.44771
13.59081
13.45443
13.59753
13.46115
13.60425
13.46787
13.61098
13.47458
13.61769
13.4813
13.62441
13.48802
13.63113
13.49474
13.63785
13.50146
13.64457
13.50818
13.65129
13.5149
13.65801
13.52162
13.66473
13.52834
13.67144
13.53506
13.67817
13.54178
13.68489
13.5485
13.6916
13.55523
13.69832
13.56195
13.70504
13.56867
13.71176
13.57539
13.71848
13.58211
13.7252
13.58883
13.73311
13.59555
13.73983
13.60227
13.74655
13.60899
13.75327
13.61572
13.75999
13.62244
13.76671
13.62916
13.77343
13.63588
13.78015
13.64378
13.78687
13.6505
13.79359
13.65722
13.80031
13.66394
13.80703
13.67066
13.81375
13.67738
13.82047
13.6841
13.82719
13.69082
13.83391
13.69754
13.84063
13.70426
13.84735
13.71097
13.85407
13.7177
13.86078
13.72441
13.8675
13.73114
13.87423
13.73786
13.88094
13.74457
13.88766
13.75129
13.89438
13.75802
13.9011
13.76474
13.90782
13.77146
13.91454
13.77818
13.92126
13.7849
13.92797
13.79162
13.93469
13.79835
13.94141
13.80507
13.94813
13.8118
13.95485
13.81851
13.96157
13.82523
13.96829
13.83195
13.97501
13.83867
13.98172
13.84539
13.98844
13.85211
13.99516
13.85883
14.00188
13.86555
14.00859
13.87228
14.01531
13.879
14.02203
13.88572
14.02875
13.89244
14.03547
13.89916
14.04219
13.90589
14.04891
13.91261
14.05563
13.91933
14.06235
13.92605
14.06907
13.93277
14.07579
13.93949
14.08251
13.94621
14.08922
13.95293
14.09594
13.95965
14.10266
13.96637
14.10938
13.97309
14.11609
13.97981
14.12281
13.98652
14.12952
13.99324
14.13624
14.00114
14.14415
14.00786
14.15087
14.01457
14.15759
14.02129
14.16432
14.02801
14.17104
14.03473
14.17776
14.04144
14.18448
14.04816
14.1912
14.05488
14.19792
14.0616
14.20464
14.06832
14.21136
14.07504
14.21808
14.08176
14.2248
14.08848
14.23152
14.09519
14.23824
14.10191
14.24496
14.10863
14.25168
14.11534
14.2584
14.12206
14.26512
14.12877
14.27184
14.13548
14.27856
14.14219
14.28528
14.1489
14.292
14.15562
14.29873
14.16233
14.30545
14.16904
14.31217
14.17575
14.31889
14.18246
14.32561
14.18918
14.33233
14.19589
14.33906
14.20259
14.34578
14.2093
14.3525
14.21601
14.35922
14.22273
14.36594
14.22943
14.37266
14.23614
14.37938
14.24286
14.3861
14.24957
14.39281
14.25628
14.39953
14.26298
14.40624
14.26969
14.41296
14.2764
14.41968
14.28311
14.4264
14.28981
14.43312
14.29653
14.43983
14.30323
14.44655
14.30982
14.45327
14.31765
14.45999
14.32425
14.46671
14.33083
14.47343
14.33738
14.48015
14.34391
14.48687
14.35161
14.49359
14.35812
14.50031
14.3646
14.50703
14.37224
14.51375
14.37864
14.52047
14.38499
14.52719
14.39139
14.53391
14.39788
14.54063
14.40436
14.54735
14.41077
14.55407
14.41726
14.56079
14.4237
14.56752
14.43017
14.57424
14.43663
14.58096
14.44309
14.58768
14.44946
14.5944
14.45584
14.60112
14.46222
14.60785
14.46861
14.61457
14.47495
14.62129
14.48133
14.62801
14.48768
14.63473
14.49404
14.64145
14.50042
14.64818
14.50683
14.6549
14.51443
14.66162
14.52079
14.66834
14.52717
14.67506
14.53352
14.68178
14.53988
14.6885
14.54619
14.69522
14.55252
14.70866
14.55884
14.71538
14.56516
14.72211
14.57152
14.72882
14.57785
14.73555
14.58418
14.74226
14.59165
14.74898
14.59795
14.7557
14.60426
14.76243
14.61055
14.76914
14.61685
14.77586
14.62318
14.78259
14.62949
14.78931
14.63585
14.80275
14.6422
14.80947
14.64856
14.81619
14.65494
14.82291
14.66254
14.82963
14.66897
14.83635
14.67535
14.84307
14.68174
14.84979
14.68819
14.85651
14.69468
14.86322
14.70113
14.86993
14.70777
14.87665
14.71442
14.88336
14.72102
14.89009
14.72765
14.8968
14.7343
14.90351
14.74098
14.91024
14.74761
14.91696
14.75426
14.92368
14.76091
14.9304
14.76877
14.93712
14.77662
14.94384
14.78328
14.95056
14.7899
14.95728
14.79651
14.964
14.80314
14.97072
14.80973
14.97744
14.81628
14.98534
14.82288
14.99206
14.82946
14.99878
14.83604
15.0055
14.84268
15.01342
14.84938
15.02013
14.85602
15.02685
14.86268
15.03357
14.86936
15.04028
14.87607
15.047
14.88278
15.06044
14.88949
15.06717
14.89741
15.07389
14.90412
15.08061
14.91083
15.08733
14.91754
15.09404
14.92425
15.10077
14.93096
15.10749
14.93767
15.1142
14.94438
15.12092
14.95228
15.12764
14.96019
15.13436
14.9669
15.14108
14.97361
15.1478
14.98032
15.15452
14.98703
15.16124
14.99374
15.16797
15.00045
15.17469
15.00837
15.18141
15.01508
15.18813
15.02179
15.19485
15.0285
15.20157
15.03521
15.20829
15.04192
15.21501
15.04864
15.22173
15.05535
15.22845
15.06206
15.23517
15.06877
15.2419
15.07548
15.24862
15.08219
15.25534
15.0889
15.26206
15.0956
15.26878
15.10232
15.2755
15.10903
15.28222
15.11574
15.28895
15.12245
15.29567
15.12916
15.30239
15.13587
15.30911
15.14258
15.31583
15.14929
15.32256
15.156
15.3305
15.16271
15.33722
15.16942
15.34394
15.17613
15.35066
15.18284
15.35858
15.18955
15.36531
15.19626
15.37203
15.20297
15.37875
15.20968
15.38548
15.21639
15.3922
15.2231
15.39892
15.22981
15.40564
15.23653
15.41236
15.24324
15.41908
15.24995
15.42581
15.25666
15.43252
15.26337
15.43925
15.27008
15.44597
15.2768
15.45269
15.28351
15.4594
15.29022
15.46613
15.29812
15.47285
15.30482
15.47957
15.31153
15.48629
15.31824
15.49302
15.32495
15.49974
15.33166
15.50646
15.33837
15.51318
15.34508
15.5199
15.353
15.52662
15.35971
15.53335
15.36642
15.54006
15.37313
15.54797
15.37984
15.55469
15.38655
15.56141
15.39326
15.56813
15.39997
15.57485
15.40668
15.58157
15.41463
15.58829
15.42134
15.59501
15.42805
15.60174
15.43476
15.60846
15.44148
15.61517
15.44819
15.62189
15.4549
15.62862
15.46161
15.63534
15.46832
15.64206
15.47503
15.64878
15.48295
15.6555
15.49085
15.66222
15.49756
15.66895
15.50427
15.67567
15.51098
15.68239
15.51769
15.68911
15.52812
15.69583
15.53483
15.70376
15.54154
15.71048
15.54945
15.7172
15.55616
15.72392
15.56287
15.73065
15.56958
15.73737
15.5763
15.74409
15.58422
15.75081
15.59093
15.75753
15.59765
15.76425
15.60435
15.77098
15.61106
15.7777
15.61777
15.78443
15.62448
15.79115
15.63119
15.79788
15.63791
15.8046
15.6458
15.81133
15.65251
15.81805
15.65922
15.82477
15.66717
15.8315
15.67388
15.83822
15.68059
15.84494
15.6873
15.85166
15.69402
15.85839
15.70194
15.86511
15.70865
15.87183
15.71537
15.87855
15.72208
15.88527
15.72879
15.892
15.7355
15.89873
15.74222
15.90545
15.74893
15.91217
15.75564
15.9189
15.76235
15.92562
15.76907
15.93235
15.77578
15.93907
15.78249
15.94579
15.78921
15.95252
15.79592
15.95924
15.80264
15.96596
15.80935
15.97268
15.81606
15.97941
15.82277
15.98612
15.82949
15.99285
15.8362
15.99956
15.8441
16.00628
15.85081
16.013
15.85752
16.01973
15.86544
16.02645
15.87588
16.03317
15.88259
16.0399
15.8905
16.04782
15.89721
16.05453
15.90392
16.06126
15.91064
16.06798
15.91735
16.07471
15.92529
16.08143
15.93483
16.08815
15.94155
16.09487
15.94826
16.10159
15.95498
16.10832
15.96169
16.11504
15.9684
16.12176
15.97512
16.12848
15.98183
16.1352
15.98855
16.14192
15.99648
16.14865
16.00443
16.15537
16.01401
16.16209
16.02191
16.16881
16.02863
16.17553
16.03534
16.18225
16.04325
16.18897
16.04997
16.19569
16.05668
16.20241
16.0634
16.21036
16.07011
16.21708
16.07683
16.2238
16.08354
16.23052
16.09026
16.23847
16.10322
16.24641
16.10993
16.25312
16.11664
16.25984
16.1271
16.26778
16.13382
16.2745
16.14054
16.28122
16.14725
16.28794
16.15396
16.29466
16.16068
16.30138
16.16861
16.30811
16.17532
16.31483
16.18204
16.32155
16.19243
16.32827
16.19914
16.33499
16.20706
16.34171
16.21751
16.34843
16.22422
16.35515
16.23214
16.36187
16.23885
16.36859
16.24557
16.37532
16.25229
16.38204
16.25901
16.38996
16.26572
16.39668
16.27244
16.4034
16.28287
16.41012
16.28958
16.41684
16.2963
16.42356
16.30423
16.43029
16.31094
16.43701
16.31889
16.44373
16.32684
16.45045
16.33355
16.45717
16.34027
16.46389
16.34698
16.47061
16.3537
16.47733
16.36409
16.48406
16.37451
16.49078
16.38246
16.49749
16.38917
16.50422
16.39589
16.51093
16.40261
16.51765
16.40932
16.52437
16.41604
16.53109
16.42276
16.53781
16.42947
16.54453
16.43619
16.55248
16.44411
16.5592
16.45202
16.56593
16.45874
16.57265
16.46546
16.58061
16.47218
16.58855
16.48009
16.59527
16.4868
16.60199
16.49351
16.60991
16.50023
16.62335
16.50695
16.63007
16.51488
16.63679
16.52159
16.64351
16.52831
16.65144
16.53502
16.65816
16.54174
16.66488
16.54846
16.67161
16.55517
16.68702
16.56311
16.69374
16.57103
16.70046
16.57893
16.70718
16.58565
16.71509
16.59237
16.7218
16.59909
16.72853
16.60581
16.74197
16.61252
16.74869
16.61924
16.75542
16.62967
16.76214
16.63638
16.76886
16.6431
16.77559
16.65599
16.78231
16.66393
16.78903
16.67188
16.79699
16.68144
16.80371
16.68938
16.81043
16.6961
16.81715
16.70282
16.82388
16.71072
16.8306
16.71864
16.83732
16.72536
16.84404
16.73208
16.85077
16.74247
16.85749
16.74919
16.86421
16.75591
16.87215
16.76263
16.87887
16.77555
16.88559
16.78348
16.89231
16.79141
16.89903
16.79813
16.90576
16.80484
16.91248
16.81155
16.91921
16.81827
16.92593
16.82618
16.93265
16.83289
16.93937
16.83961
16.94729
16.84633
16.95524
16.85305
16.96195
16.85977
16.96868
16.86649
16.9754
16.87321
16.98212
16.87992
16.98885
16.88664
16.99677
16.89336
17.00348
16.90008
17.01021
16.91551
17.01693
16.92342
17.02484
16.93796
17.03524
16.94468
17.04197
16.9514
17.04869
16.95811
17.0566
16.96604
17.06333
16.97646
17.07005
16.98439
17.07678
16.9923
17.0835
16.99902
17.09023
17.00574
17.09695
17.01525
17.10367
17.02197
17.11039
17.02991
17.11832
17.03662
17.12504
17.04335
17.13176
17.05006
17.13848
17.05798
17.1489
17.0647
17.15562
17.07142
17.16234
17.07815
17.16907
17.08858
17.17579
17.09538
17.18252
17.10211
17.18924
17.1125
17.19596
17.12794
17.20268
17.13587
17.20941
17.1426
17.21613
17.14932
17.22285
17.15724
17.22957
17.16514
17.2363
17.17306
17.24302
17.17978
17.25094
17.1865
17.25887
17.19444
17.26559
17.20116
17.27232
17.20788
17.28024
17.21833
17.28817
17.22505
17.29612
17.23177
17.30284
17.23849
17.30956
17.24521
17.31628
17.25193
17.323
17.26235
17.32973
17.27439
17.33765
17.28111
17.34721
17.28783
17.35393
17.29576
17.36065
17.30248
17.36738
17.3092
17.37529
17.31593
17.38201
17.32385
17.38873
17.33177
17.39546
17.33972
17.40218
17.34926
17.40891
17.35716
17.41563
17.36511
17.42236
17.37182
17.42908
17.37854
17.4358
17.38899
17.44253
17.39571
17.44925
17.40244
17.45717
17.41034
17.4651
17.41825
17.47182
17.42496
17.47854
17.43169
17.48527
17.43841
17.49199
17.44513
17.49872
17.45306
17.50544
17.46347
17.51217
17.47019
17.51889
17.47692
17.52562
17.48485
17.53234
17.49277
17.53906
17.50068
17.54579
17.51108
17.55251
17.5178
17.55924
17.52452
17.56597
17.54745
17.57269
17.55417
17.57942
17.5609
17.58614
17.5763
17.59286
17.58302
17.59959
17.58974
17.60632
17.59647
17.61304
17.60319
17.62095
17.61611
17.62767
17.62403
17.63439
17.63201
17.64112
17.64245
17.64785
17.65286
17.65458
17.66326
17.6613
17.67117
17.66924
17.68074
17.67596
17.68869
17.68269
17.69909
17.69309
17.70581
17.69981
17.71253
17.70654
17.71925
17.71327
17.73215
17.72119
17.73887
17.72792
17.74556
17.73465
17.75221
17.74137
17.76511
17.74809
17.77183
17.75482
17.7785
17.76935
17.79139
17.77608
17.79799
17.78281
17.8046
17.79071
17.81246
17.79864
17.82274
17.80909
17.83052
17.81702
17.83706
17.82374
17.8436
17.83047
17.85632
17.83838
17.86655
17.84629
17.87429
17.85302
17.88447
17.92208
17.89099
17.99163
17.89747
18.00483
17.91017
18.01258
17.92027
18.0203
17.92665
18.02802
17.93297
18.0357
17.94046
18.05848
17.9529
18.0647
17.96781
18.09184
17.97518
18.09786
17.98757
18.10504
17.99489
18.11468
18.00101
18.12061
18.00709
18.13605
18.02186
18.14193
18.02916
18.14782
18.04897
18.15489
18.05498
18.16442
18.061
18.17618
18.07824
18.18822
18.08424
18.19405
18.09025
18.19989
18.10503
18.20558
18.11219
18.21261
18.11817
18.22216
18.12422
18.23169
18.1339
18.2387
18.13992
18.24449
18.14594
18.2503
18.15813
18.25611
18.16414
18.26196
18.17633
18.26776
18.18228
18.27479
18.18824
18.28058
18.20543
18.28642
18.22127
18.29228
18.2285
18.30182
18.23441
18.31588
18.24905
18.32171
18.26605
18.32751
18.27199
18.33458
18.27798
18.35024
18.28515
18.35738
18.29974
18.36453
18.30688
18.37047
18.3165
18.39549
18.32362
18.40264
18.33794
18.41449
18.34384
18.42039
18.34974
18.45568
18.35684
18.46161
18.37148
18.47129
18.3786
18.47726
18.38826
18.49508
18.39536
18.50223
18.40247
18.52399
18.41711
18.53829
18.42302
18.56702
18.42894
18.61769
18.44862
18.62972
18.45576
18.64182
18.46288
18.65907
18.47493
18.67241
18.48082
18.68135
18.48672
18.69112
18.49632
18.6984
18.50593
18.70816
18.51465
18.7142
18.52682
18.72022
18.53273
18.74442
18.53865
18.75058
18.55326
18.76565
18.56658
18.77304
18.57252
18.78043
18.57847
18.78654
18.58812
18.79886
18.59694
18.81746
18.62157
18.8249
18.6312
18.83478
18.64332
18.84221
18.65294
18.85717
18.6589
18.86338
18.66483
18.87711
18.67446
18.88705
18.68825
18.8933
18.69546
18.89958
18.70765
18.92694
18.72234
18.94568
18.72829
18.95807
18.73549
18.96425
18.74271
18.97174
18.7499
18.9842
18.75589
18.99168
18.76195
19.01914
18.76919
19.03678
18.77645
19.04673
18.79122
19.05923
18.80103
19.06555
18.80829
19.07817
18.82562
19.08444
18.83172
19.1446
18.83777
19.17406
18.85169
19.18171
18.85785
19.18818
18.864
19.19465
18.87009
19.20109
18.87747
19.22125
18.88481
19.22886
18.89466
19.23641
18.90445
19.24277
18.91928
19.24919
18.92548
19.25557
18.93169
19.26325
18.93781
19.26955
18.94513
19.27592
18.96755
19.28238
18.97371
19.29
18.99368
19.29651
19.00352
19.30296
19.02759
19.31059
19.04988
19.31707
19.05979
19.32347
19.06962
19.32999
19.07582
19.33778
19.08196
19.34722
19.08932
19.3538
19.10171
19.36402
19.10779
19.37178
19.11391
19.38947
19.13116
19.396
19.14339
19.40251
19.15059
19.40904
19.16279
19.41557
19.16873
19.43083
19.17465
19.44404
19.19177
19.46208
19.19874
19.53067
19.21325
19.60832
19.22028
19.66385
19.2422
19.74274
19.25164
19.74891
19.27105
19.75505
19.27671
19.76734
19.28237
19.77714
19.29922
19.7845
19.30857
19.79435
19.33294
19.80424
19.35977
19.81407
19.39967
19.82023
19.42389
19.82638
19.43221
19.83619
19.45349
19.84772
19.4602
19.85387
19.46942
19.86007
19.47863
19.87251
19.49293
19.87875
19.50716
19.89117
19.51267
19.89861
19.51818
19.90485
19.5399
19.91113
19.56164
19.91737
19.57042
19.9248
19.60216
19.93476
19.62752
19.94728
19.63426
19.95475
19.65071
19.96104
19.65993
19.96746
19.68668
19.97499
19.70611
19.98139
19.72769
19.98773
19.74444
19.99411
19.76619
20.00913
19.79132
20.01557
19.81307
20.02207
19.81984
20.03226
19.83664
20.04988
19.84509
20.0575
19.86942
20.06758
19.87503
20.07771
19.88064
20.08786
19.90493
20.09797
19.92934
20.10561
19.95033
20.1157
19.97386
20.13074
19.98322
20.13711
19.99261
20.14343
20.01195
20.15095
20.03041
20.16102
20.03727
20.17857
20.061
20.20102
20.07783
20.25406
20.08715
20.28448
20.11142
20.31129
20.11941
20.31841
20.13877
20.33506
20.14808
20.35299
20.17245
20.3839
20.19495
20.4673
20.21676
20.56655
20.2336
20.59301
20.25445
20.59876
20.27929
20.61834
20.29531
20.62782
20.31723
20.64241
20.33153
20.6494
20.33831
20.65885
20.36643
20.6658
20.37575
20.68281
20.39506
20.6984
20.40187
20.70788
20.42879
20.72738
20.43809
20.73699
20.46494
20.75651
20.49674
20.77943
20.53613
20.81137
20.56082
20.82099
20.59218
20.83296
20.63135
20.83879
20.66943
20.86434
20.69132
20.88764
20.72024
20.91892
20.74798
20.99263
20.77732
21.00212
20.80886
21.02398
20.83129
21.04501
20.83801
21.0695
20.85996
21.08903
20.88808
21.10535
20.91487
21.11488
20.93816
21.12193
20.94368
21.13891
20.96545
21.16289
20.98475
21.18979
21.02401
21.19835
21.05621
21.22025
21.09528
21.23657
21.12736
21.24598
21.15719
21.28386
21.16638
21.31704
21.19562
21.38084
21.2183
21.41757
21.23285
21.43075
21.24705
21.43786
21.26626
21.45967
21.27303
21.47901
21.29951
21.50262
21.33878
21.521
21.37127
21.53892
21.40039
21.54822
21.43464
21.57496
21.46345
21.59665
21.50027
21.62749
21.53698
21.63417
21.57658
21.68913
21.61303
21.72469
21.65122
21.7649
21.67728
21.79168
21.71487
21.82015
21.74026
21.82928
21.77379
21.87598
21.80965
21.95377
21.83368
21.99108
21.86965
22.02735
21.90517
22.05425
21.94177
22.08071
21.97573
22.10222
22.01309
22.11572
22.04959
22.17518
22.08719
22.19494
22.12049
22.2609
22.14934
22.28936
22.18426
22.34344
22.21375
22.40989
22.24903
22.53015
22.28274
22.60875
22.32081
22.63848
22.35088
22.67641
22.37956
22.71255
22.40981
22.73173
22.4362
22.75595
22.45682
22.77841
22.48566
22.80702
22.51536
22.83316
22.55203
22.85815
22.58763
22.88636
22.6228
22.9155
22.65595
22.94516
22.6934
22.96932
22.72854
22.98714
22.75409
23.01884
22.78885
23.02548
22.8185
23.05527
22.83759
23.08351
22.84621
23.12013
22.87074
23.14964
22.90403
23.18291
22.93993
23.28353
22.97549
23.31906
23.01189
23.3455
23.04841
23.37926
23.0797
23.40566
23.09883
23.42788
23.13095
23.4525
23.16914
23.47876
23.20363
23.50457
23.23873
23.52684
23.26926
23.55268
23.30419
23.58854
23.34071
23.61779
23.37436
23.62443
23.41151
23.65547
23.44704
23.68598
23.47801
23.71136
23.49469
23.73406
23.50124
23.74838
23.51774
23.78343
23.5449
23.79006
23.57834
23.81425
23.59481
23.84945
23.60344
23.8736
23.63888
23.9019
23.66721
23.9354
23.70017
23.95705
23.73565
23.98122
23.771
23.99031
23.79603
24.00606
23.82653
24.02773
23.86089
24.05683
23.87707
24.09597
23.90532
24.12095
23.93338
24.15804
23.96861
24.19565
23.99887
24.21346
24.02473
24.22002
24.0512
24.25354
24.07856
24.27873
24.08501
24.30939
24.10281
24.33741
24.12166
24.36128
24.12812
24.39013
24.15956
24.41543
24.18776
24.44659
24.21585
24.4823
24.24671
24.5088
24.27448
24.54379
24.29057
24.57846
24.31694
24.60268
24.33212
24.63751
24.33858
24.66695
24.3524
24.69803
24.3853
24.71907
24.41843
24.74299
24.45333
24.76274
24.48734
24.77861
24.51876
24.79648
24.55308
24.81169
24.58364
24.82068
24.60858
24.84244
24.61756
24.86797
24.63967
24.90192
24.65476
24.93069
24.66124
24.95239
24.68913
24.97756
24.70927
25.0048
24.73463
25.04105
24.75777
25.07241
24.78524
25.10427
24.80952
25.12342
24.83885
25.15117
24.86839
25.17389
24.90134
25.18039
24.92345
25.2162
24.95229
25.23991
24.97853
25.42556
24.9871
25.45487
25.01926
25.46369
25.05144
25.48757
25.08323
25.50384
25.12098
25.52756
25.15277
25.5415
25.17143
25.54663
25.1944
25.56055
25.22751
25.58569
25.258
25.60821
25.29428
25.61703
25.31691
25.63587
25.32574
25.65879
25.3619
25.6766
25.38649
25.68939
25.41858
25.70217
25.45048
25.70849
25.46781
25.73402
25.49039
25.75343
25.51377
25.77746
25.53486
25.80844
25.54113
25.83297
25.56735
25.86645
25.59497
25.88899
25.61342
25.9064
25.63594
25.92411
25.65607
25.93278
25.67762
25.96905
25.69881
25.98343
25.72729
26.00256
25.74806
26.0111
25.75608
26.02779
25.77786
26.04892
25.78418
26.07369
25.80243
26.09145
25.8256
26.09773
25.83307
26.12624
25.86182
26.15361
25.88423
26.19092
25.9012
26.21704
25.91676
26.24179
25.93519
26.27237
25.94028
26.28994
25.96443
26.31009
25.98476
26.33301
26.0016
26.35519
26.02438
26.36147
26.05539
26.38203
26.08162
26.40767
26.10503
26.42858
26.12139
26.45827
26.13017
26.49275
26.14982
26.52388
26.17359
26.53136
26.1816
26.55638
26.19864
26.56264
26.20492
26.59016
26.22496
26.60567
26.23601
26.61075
26.24401
26.61582
26.27421
26.63396
26.29885
26.64274
26.30514
26.65924
26.32518
26.68276
26.33145
26.68903
26.34865
26.70895
26.36549
26.71747
26.37355
26.73125
26.38907
26.73754
26.39414
26.75724
26.40765
26.77679
26.41616
26.79461
26.43213
26.80322
26.44517
26.82309
26.45024
26.83189
26.46419
26.84916
26.47296
26.87055
26.48879
26.87803
26.49713
26.89772
26.51528
26.91317
26.52887
26.92955
26.54109
26.93644
26.54856
26.95793
26.55732
26.9773
26.56612
26.98574
26.57734
26.99452
26.58575
26.9996
26.61162
27.01575
26.63718
27.03492
26.64466
27.0412
26.6683
27.06251
26.68981
27.0822
26.71209
27.1001
26.73927
27.12092
26.77095
27.13329
26.79218
27.14699
26.81315
27.15558
26.82186
27.1762
26.83995
27.19929
26.84869
27.23225
26.87532
27.26183
26.90796
27.27626
26.92851
27.28253
26.9521
27.30081
26.96866
27.32366
26.97746
27.33245
26.99576
27.34121
27.01339
27.35734
27.04516
27.36485
27.07399
27.37367
27.0969
27.39252
27.11632
27.4002
27.14308
27.41647
27.16275
27.42276
27.17153
27.43917
27.1828
27.44426
27.18909
27.44935
27.20156
27.4722
27.21536
27.48862
27.22165
27.49742
27.23788
27.51942
27.24296
27.53968
27.24804
27.56332
27.26367
27.58171
27.26995
27.60746
27.28871
27.62975
27.30277
27.63722
27.31124
27.66602
27.32243
27.67457
27.3386
27.70295
27.34665
27.72858
27.36223
27.73957
27.37888
27.74465
27.38763
27.74973
27.40657
27.77078
27.41286
27.78314
27.4278
27.78823
27.43407
27.79824
27.44405
27.80669
27.46022
27.82762
27.47537
27.84258
27.48164
27.84888
27.50111
27.8601
27.52254
27.86639
27.52881
27.87503
27.55651
27.8888
27.56279
27.89511
27.57932
27.91083
27.5856
27.93059
27.59889
27.95741
27.60519
27.97733
27.62477
28.00038
27.6526
28.02654
27.67664
28.05165
27.6883
28.07011
27.69689
28.07642
27.71089
28.09772
27.72886
28.1065
27.73515
28.12254
27.75096
28.13135
27.75949
28.14451
27.76577
28.15332
27.78748
28.16942
27.80289
28.17692
27.81954
28.19227
27.8258
28.20377
27.84301
28.21008
27.85078
28.22615
27.87016
28.23246
27.89088
28.23754
27.9052
28.24262
27.9213
28.25378
27.92638
28.26007
27.93145
28.27459
27.94654
28.29109
27.9546
28.29955
27.96943
28.31178
27.98353
28.31686
27.99125
28.32549
28.00926
28.34767
28.03092
28.35958
28.05327
28.36587
28.07148
28.39016
28.09054
28.41161
28.09683
28.4297
28.1054
28.436
28.11418
28.45402
28.12694
28.47947
28.1332
28.49474
28.13946
28.50224
28.15558
28.53216
28.16376
28.55349
28.17005
28.57832
28.18766
28.58677
28.20185
28.61255
28.21595
28.62114
28.22912
28.63445
28.25263
28.64074
28.26628
28.65418
28.27134
28.66045
28.27642
28.66673
28.2912
28.67918
28.30399
28.68547
28.30906
28.70372
28.32899
28.72561
28.35312
28.74544
28.37508
28.77602
28.38333
28.78872
28.39642
28.79379
28.40876
28.79888
28.42332
28.8112
28.4284
28.81866
28.43348
28.82975
28.44607
28.8385
28.45115
28.85043
28.47699
28.86526
28.4884
28.87157
28.49348
28.87986
28.49855
28.89768
28.5188
28.91855
28.54096
28.93429
28.54843
28.95406
28.56849
28.95914
28.58799
28.96421
28.59307
28.97717
28.61499
28.99152
28.62126
29.01272
28.62953
29.03274
28.66248
29.0413
28.68375
29.05898
28.71007
29.06527
28.73268
29.07678
28.7415
29.08185
28.77
29.08692
28.7848
29.10162
28.79324
29.11982
28.80835
29.13445
28.81465
29.13952
28.83927
29.16717
28.85127
29.19066
28.85973
29.20373
28.87473
29.21196
28.88221
29.22787
28.8973
29.24063
28.91084
29.2492
28.92904
29.2681
28.93719
29.27653
28.9495
29.29028
28.9558
29.29654
28.96516
29.31297
28.97145
29.32171
28.99171
29.33776
29.00659
29.3547
29.02015
29.36264
29.03808
29.38284
29.05437
29.39993
29.06664
29.41879
29.07475
29.42624
29.08653
29.44792
29.10172
29.462
29.11044
29.4695
29.12423
29.49133
29.14628
29.51762
29.15258
29.54554
29.16706
29.56254
29.17337
29.57054
29.19326
29.59286
29.21151
29.61363
29.21935
29.62827
29.2425
29.64194
29.25974
29.66202
29.27035
29.67401
29.27542
29.68773
29.28051
29.6928
29.29477
29.69789
29.32075
29.71607
29.33711
29.74218
29.34463
29.76823
29.35782
29.78129
29.37356
29.78941
29.37987
29.81027
29.3991
29.82884
29.40539
29.83514
29.41385
29.8581
29.42707
29.86571
29.44256
29.88765
29.45338
29.90132
29.45965
29.91895
29.48049
29.9273
29.50022
29.94443
29.50531
29.9559
29.5104
29.96379
29.52763
29.98032
29.54242
29.98778
29.56164
30.00191
29.57801
30.007
29.6002
30.02012
29.61349
30.03965
29.62745
30.04473
29.63376
30.05798
29.65119
30.06676
29.65751
30.09138
29.67795
30.10452
29.69452
30.1125
29.70873
30.13253
29.71755
30.1458
29.73623
30.15212
29.75999
30.16861
29.76747
30.18826
29.78283
30.21038
29.78793
30.22793
29.80711
30.24567
29.82336
30.26473
29.83183
30.27103
29.84839
30.29284
29.85349
30.30782
29.85858
30.32268
29.87427
30.32896
29.89173
30.34444
29.90866
30.35291
29.92261
30.36693
29.94826
30.38403
29.96253
30.38913
29.98109
30.40219
29.99295
30.4144
30.00169
30.42188
30.02291
30.4445
30.04359
30.45973
30.06064
30.46763
30.07825
30.47395
30.1008
30.49644
30.12284
30.5132
30.13777
30.52135
30.16069
30.53912
30.18175
30.55822
30.18803
30.57768
30.20887
30.59462
30.21635
30.61404
30.24173
30.62151
30.25011
30.63035
30.28548
30.64978
30.30968
30.66315
30.33593
30.66823
30.35725
30.68387
30.37031
30.70211
30.39455
30.71062
30.41693
30.72539
30.44517
30.73167
30.47087
30.74518
30.48934
30.76973
30.50597
30.78203
30.52463
30.7883
30.52971
30.82082
30.5348
30.83253
30.56236
30.8376
30.5916
30.85849
30.62339
30.88226
30.63218
30.90073
30.66091
30.92381
30.68739
30.94411
30.70929
30.96193
30.72966
30.96945
30.73598
30.99064
30.75674
31.00504
30.7649
31.02063
30.7833
31.02694
30.78958
31.03934
30.80974
31.04563
30.83063
31.06778
30.85328
31.07407
30.87583
31.10539
30.88334
31.13818
30.90149
31.16944
30.92009
31.18839
30.95152
31.21402
30.98063
31.24087
31.00397
31.24961
31.01974
31.2658
31.03823
31.28934
31.04681
31.29685
31.06341
31.3216
31.0721
31.34187
31.08579
31.36474
31.10068
31.38341
31.1127
31.39858
31.12924
31.40715
31.13673
31.43304
31.1502
31.45793
31.17438
31.47936
31.19642
31.48684
31.21853
31.5069
31.23925
31.51563
31.25752
31.53278
31.27967
31.54148
31.29871
31.56175
31.3133
31.58679
31.33418
31.61052
31.36003
31.63756
31.37561
31.65607
31.40783
31.66808
31.42543
31.6792
31.44196
31.68558
31.45696
31.70439
31.46446
31.71325
31.4915
31.74084
31.50651
31.76819
31.51984
31.78654
31.56314
31.81142
31.58109
31.8374
31.58739
31.86938
31.61131
31.88723
31.6176
31.91493
31.63822
31.92371
31.6602
31.9325
31.69192
31.95856
31.72092
31.97908
31.75208
31.98774
31.7826
32.00853
31.80851
32.02708
31.83649
32.05455
31.86243
32.08357
31.88922
32.10579
31.89671
32.12612
31.91082
32.1336
31.92993
32.16306
31.94932
32.17957
31.95754
32.18703
31.97597
32.21041
31.98223
32.23435
32.00091
32.25857
32.00719
32.28892
32.02515
32.312
32.03341
32.32795
32.06495
32.33425
32.09177
32.3628
32.11416
32.3693
32.14168
32.38556
32.16306
32.39404
32.18874
32.41044
32.21835
32.43117
32.23908
32.4592
32.24415
32.47175
32.2706
32.49112
32.29281
32.50446
32.29912
32.51194
32.32207
32.52851
32.3395
32.53598
32.3481
32.54228
32.3662
32.55547
32.375
32.5772
32.39041
32.59372
32.3979
32.61877
32.40633
32.64427
32.42546
32.66782
32.43376
32.69867
32.46211
32.72558
32.49326
32.74239
32.52011
32.74748
32.54627
32.75257
32.57675
32.76819
32.60004
32.79213
32.62228
32.81654
32.63517
32.8333
32.64145
32.85651
32.66237
32.87457
32.67912
32.89058
32.69574
32.8981
32.71235
32.91453
32.71745
32.92081
32.72254
32.93687
32.74086
32.94197
32.74944
32.94706
32.76336
32.96043
32.78032
32.98396
32.80262
32.99249
32.82705
33.01927
32.84531
33.04225
32.8597
33.04853
32.86851
33.07641
32.88946
33.10961
32.91758
33.14003
32.94813
33.16889
32.97917
33.20209
33.00911
33.23331
33.04245
33.26727
33.06369
33.29327
33.09896
33.30206
33.13097
33.32299
33.15692
33.33121
33.17058
33.35803
33.1769
33.39202
33.1912
33.41859
33.21302
33.45427
33.24293
33.48717
33.27066
33.51945
33.29628
33.54628
33.3156
33.57955
33.35043
33.61253
33.37927
33.63942
33.4093
33.66158
33.44273
33.67008
33.46962
33.69644
33.47589
33.71318
33.50644
33.74123
33.53127
33.7681
33.53756
33.79425
33.56845
33.81743
33.60289
33.84348
33.62683
33.86972
33.64626
33.89519
33.66852
33.92575
33.67481
33.94734
33.70026
33.95243
33.72333
33.98186
33.75324
34.01562
33.78236
34.04561
33.81272
34.06577
33.846
34.08456
33.86908
34.10968
33.89507
34.11847
33.90255
34.13705
33.92229
34.14913
33.9412
34.16473
33.94748
34.19059
33.96698
34.20942
33.97477
34.21688
33.99678
34.25006
34.02108
34.26741
34.0388
34.27369
34.05765
34.30807
34.07761
34.33627
34.1017
34.35291
34.12219
34.36173
34.15627
34.37902
34.17453
34.38532
34.18207
34.40499
34.1991
34.43366
34.21869
34.45832
34.23775
34.47127
34.2554
34.49613
34.26047
34.52657
34.26555
34.55705
34.28744
34.58587
34.31992
34.60223
34.33986
34.60975
34.37343
34.63543
34.38942
34.65639
34.39751
34.66485
34.41855
34.68906
34.44157
34.71291
34.44947
34.72174
34.46639
34.7398
34.47516
34.75284
34.50096
34.76828
34.52839
34.77463
34.54646
34.78701
34.56433
34.79453
34.57182
34.81221
34.59114
34.83459
34.6061
34.85559
34.61239
34.88027
34.63774
34.89561
34.6638
34.90443
34.69348
34.92703
34.72512
34.95395
34.75535
34.98204
34.77789
35.01095
34.80222
35.04805
34.82507
35.06873
34.85572
35.09982
34.89003
35.11972
34.9046
35.1282
34.91091
35.1538
34.93759
35.1839
34.96189
35.21721
34.99198
35.24279
35.01234
35.26877
35.04586
35.30107
35.07514
35.33514
35.09975
35.36584
35.12513
35.38301
35.15513
35.38934
35.18589
35.41332
35.20377
35.4371
35.22787
35.44507
35.23673
35.46029
35.26088
35.4691
35.26969
35.49156
35.29888
35.52238
35.32991
35.54318
35.35116
35.56821
35.38273
35.60459
35.41542
35.63756
35.44812
35.66732
35.48126
35.70219
35.51505
35.73158
35.54602
35.76253
35.55487
35.78578
35.58449
35.80141
35.60079
35.83807
35.60868
35.85595
35.63173
35.88308
35.65695
35.89073
35.69028
35.91542
35.71571
35.92424
35.74318
35.951
35.77008
35.95733
35.80008
35.99178
35.82834
36.02052
35.86306
36.04137
35.88927
36.07765
35.92041
36.10939
35.95163
36.14234
35.9865
36.23395
35.99532
36.24028
36.02927
36.27148
36.06097
36.29901
36.09546
36.30654
36.12812
36.34019
36.15687
36.37131
36.19111
36.39856
36.2242
36.42982
36.25673
36.46024
36.28914
36.49305
36.32116
36.51403
36.35869
36.54126
36.39384
36.57515
36.42921
36.6058
36.46337
36.63315
36.49243
36.66529
36.52367
36.6945
36.55856
36.72819
36.57829
36.75872
36.60817
36.79005
36.64175
36.82496
36.67644
36.85856
36.71242
36.89422
36.74874
36.92794
36.7807
36.95586
36.81126
36.98607
36.84711
37.01204
36.87689
37.04507
36.90808
37.07707
36.94234
37.10561
36.97182
37.13917
36.99181
37.16909
37.02367
37.19973
37.06041
37.23568
37.08575
37.2679
37.0937
37.29521
37.11904
37.32784
37.15028
37.35571
37.18231
37.3863
37.2155
37.41755
37.24514
37.44127
37.26699
37.46728
37.2958
37.49286
37.32583
37.51799
37.35601
37.54657
37.3862
37.57526
37.41229
37.60778
37.43943
37.63823
37.4707
37.66909
37.4973
37.69204
37.52795
37.72261
37.56213
37.75362
37.59394
37.78868
37.62398
37.81164
37.63277
37.84521
37.66687
37.87343
37.68893
37.8964
37.71976
37.92775
37.75219
37.95986
37.78123
37.99361
37.81417
38.02544
37.84894
38.05928
37.88137
38.09061
37.91991
38.12538
37.95391
38.15997
37.98543
38.19827
38.01887
38.23264
38.05368
38.26539
38.08402
38.29941
38.11694
38.33053
38.14833
38.36504
38.17494
38.39666
38.20956
38.42638
38.2409
38.45598
38.27793
38.47921
38.31025
38.51365
38.33689
38.54786
38.36374
38.57646
38.39515
38.65696
38.4297
38.68644
38.45694
38.71961
38.493
38.74604
38.52191
38.75236
38.55508
38.78752
38.58868
38.81693
38.61621
38.85035
38.62491
38.87793
38.65717
38.89949
38.68266
38.93267
38.7121
38.96475
38.73951
38.99577
38.77344
39.03013
38.79427
39.0594
38.82516
39.08461
38.85689
39.10711
38.8821
39.15852
38.90511
39.1842
38.93218
39.20304
38.95647
39.23098
38.96446
39.2393
38.99565
39.2535
39.01717
39.27227
39.0446
39.27852
39.07027
39.29774
39.07656
39.304
39.09908
39.32599
39.1218
39.34825
39.13259
39.3681
39.13885
39.37436
39.16619
39.39987
39.18746
39.4061
39.21928
39.42828
39.24732
39.43574
39.26894
39.45503
39.29832
39.47289
39.32338
39.48034
39.35057
39.50797
39.37912
39.535
39.40878
39.56054
39.44083
39.59034
39.46272
39.61748
39.49157
39.64664
39.5229
39.6517
39.54644
39.6674
39.57801
39.67494
39.61097
39.70654
39.63671
39.73779
39.66698
39.77013
39.69858
39.79911
39.72231
39.82864
39.75547
39.85852
39.78188
39.88811
39.79691
39.91452
39.8032
39.93766
39.8357
39.96724
39.85612
39.998
39.89013
40.02298
39.91839
40.04456
39.94481
40.05332
39.97678
40.08518
39.99789
40.11568
40.02641
40.14473
40.05335
40.17602
40.06082
40.20352
40.08213
40.23671
40.11131
40.26467
40.13065
40.29801
40.13575
40.33033
40.14085
40.35975
40.16009
40.38742
40.1924
40.41246
40.22057
40.43394
40.24589
40.44236
40.27898
40.47594
40.30814
40.50513
40.33638
40.53524
40.36894
40.56868
40.39627
40.60281
40.42804
40.63453
40.46761
40.66699
40.49847
40.69937
40.52941
40.73114
40.56074
40.76303
40.59782
40.80057
40.63171
40.83003
40.66274
40.86166
40.68971
40.89531
40.72477
40.92883
40.75891
40.96368
40.79159
40.99652
40.82407
41.03222
40.85593
41.06349
40.88832
41.09565
40.92034
41.13164
40.95529
41.16402
40.98889
41.19759
41.01844
41.2278
41.04705
41.25946
41.08142
41.26697
41.11625
41.2942
41.14408
41.30167
41.14918
41.33717
41.15429
41.37061
41.18413
41.40598
41.21724
41.44046
41.24649
41.47547
41.28255
41.48434
41.32043
41.51218
41.34924
41.54545
41.38298
41.57838
41.41622
41.60938
41.45168
41.64352
41.48098
41.67667
41.51689
41.71161
41.55088
41.74363
41.58298
41.78008
41.61117
41.81391
41.64713
41.85038
41.68342
41.88446
41.71379
41.92122
41.74955
41.95414
41.77907
41.98452
41.81608
42.02
41.84426
42.05685
41.88062
42.08415
41.91443
42.11464
41.95227
42.15213
41.9817
42.18702
42.0141
42.22572
42.04502
42.2568
42.0816
42.29187
42.11614
42.32417
42.15075
42.35623
42.18671
42.39251
42.22029
42.42767
42.25489
42.46344
42.28963
42.49694
42.32299
42.53111
42.35696
42.5694
42.39281
42.60795
42.42763
42.64042
42.46462
42.67505
42.50321
42.70934
42.60046
42.73838
42.63565
42.77497
42.66745
42.80871
42.70498
42.84263
42.73957
42.8781
42.76329
42.90825
42.76959
42.91632
42.80371
42.9369
42.8188
42.94342
42.82511
42.95946
42.84517
42.9878
42.8515
43.00922
42.88464
43.04307
42.91904
43.07531
42.95363
43.10492
42.98228
43.12892
43.00716
43.15895
43.02752
43.18528
43.03378
43.19997
43.06734
43.20623
43.09712
43.2392
43.11563
43.26247
43.1231
43.28645
43.14848
43.29151
43.17765
43.3299
43.20198
43.35498
43.23362
43.4169
43.25549
43.43281
43.27485
43.45963
43.30327
43.49114
43.33784
43.53838
43.36758
43.56578
43.39939
43.59752
43.42262
43.63041
43.45901
43.63928
43.49157
43.67262
43.52678
43.70902
43.56022
43.7443
43.59636
43.77945
43.63119
43.8121
43.66503
43.88056
43.69794
43.91807
43.73145
43.95063
43.762
43.98045
43.79922
44.01873
43.83151
44.05536
43.86712
44.08975
43.90104
44.12632
43.9343
44.15995
43.96988
44.19342
44.00278
44.22998
44.03547
44.25978
44.0696
44.296
44.1003
44.32531
44.13084
44.35651
44.16772
44.39331
44.19373
44.42047
44.22674
44.45567
44.26104
44.47247
44.2925
44.50554
44.32742
44.52427
44.35976
44.54919
44.39462
44.57819
44.42707
44.61258
44.45982
44.64103
44.49375
44.66362
44.52689
44.69793
44.53588
44.73157
44.57336
44.79708
44.60657
44.83133
44.64081
44.8642
44.67024
44.89997
44.70459
44.93482
44.74199
44.9678
44.77433
45.00039
44.81007
45.03466
44.84624
45.06876
44.88165
45.10392
44.91228
45.11278
44.94732
45.14888
44.98254
45.18345
45.0167
45.21627
45.04583
45.24838
45.08229
45.28336
45.11407
45.31638
45.14482
45.34949
45.17356
45.37818
45.19563
45.40107
45.22947
45.40986
45.25148
45.42552
45.26982
45.43431
45.2971
45.46103
45.3099
45.48843
45.33351
45.51784
45.36473
45.54177
45.39337
45.57303
45.42532
45.5971
45.44881
45.62637
45.47799
45.65854
45.50985
45.691
45.54177
45.71919
45.5603
45.75196
45.57852
45.76078
45.5836
45.79385
45.58867
45.80012
45.61839
45.8052
45.63881
45.81027
45.64509
45.83742
45.66634
45.87044
45.69874
45.90732
45.72473
45.94143
45.7566
45.97083
45.79163
46.00356
45.82806
46.04039
45.85985
46.06634
45.88436
46.09627
45.90885
46.12082
45.94077
46.14645
45.96724
46.15154
46.00041
46.18683
46.02195
46.21682
46.05584
46.25317
46.08717
46.29054
46.11941
46.32153
46.15074
46.35719
46.18634
46.39115
46.22096
46.42744
46.25616
46.46285
46.28851
46.49454
46.31855
46.53204
46.38686
46.56129
46.41909
46.59706
46.44885
46.63039
46.47961
46.6658
46.51699
46.69904
46.55067
46.73584
46.58793
46.76781
46.62018
46.80072
46.65604
46.83622
46.69336
46.87037
46.72183
46.9087
46.76055
46.94339
46.78907
46.97784
46.79699
47.01174
46.82834
47.04132
46.86706
47.07461
46.89984
47.11028
46.93148
47.13802
46.96562
47.16876
47.04934
47.20352
47.07091
47.23193
47.07969
47.26208
47.09602
47.28146
47.10109
47.31119
47.12595
47.33089
47.1485
47.33922
47.17529
47.3716
47.20315
47.40136
47.20822
47.4288
47.22831
47.43715
47.2541
47.47208
47.28324
47.48747
47.28831
47.50918
47.31225
47.51543
47.34467
47.54348
47.37812
47.55226
47.41074
47.58686
47.44014
47.60787
47.44837
47.64264
47.4837
47.67368
47.51289
47.69853
47.54538
47.73384
47.5817
47.76882
47.61475
47.80259
47.64927
47.83351
47.68501
47.86794
47.71616
47.90336
47.75157
47.93686
47.78501
47.97233
47.82238
48.00935
47.85933
48.04362
47.88745
48.08011
47.92275
48.11016
47.95943
48.1492
47.99471
48.18441
48.0288
48.2169
48.06026
48.24979
48.09512
48.28228
48.12406
48.31545
48.16025
48.35013
48.19602
48.38517
48.23389
48.42068
48.26613
48.45697
48.30114
48.48886
48.33181
48.52625
48.36926
48.56376
48.40376
48.59671
48.43904
48.6281
48.47076
48.66277
48.53907
48.6947
48.57455
48.73141
48.61221
48.76578
48.64359
48.80399
48.68124
48.83709
48.71894
48.8727
48.75233
48.90516
48.78546
48.94066
48.81958
48.97488
48.85498
49.01007
48.88839
49.04055
48.92518
49.07426
48.9561
49.10722
48.98832
49.14231
49.02351
49.17863
49.05956
49.21053
49.09651
49.24514
49.13146
49.2813
49.16181
49.32013
49.19544
49.35539
49.22525
49.3819
49.25534
49.41872
49.29046
49.45085
49.31933
49.48409
49.3524
49.51905
49.38748
49.55442
49.42241
49.58857
49.45861
49.6233
49.49362
49.65952
49.52542
49.69584
49.55994
49.73063
49.59158
49.76334
49.62479
49.79726
49.64684
49.81481
49.67911
49.85095
49.70668
49.88919
49.73296
49.92638
49.74182
49.95673
49.77953
49.99102
49.81619
50.02414
49.8488
50.06164
49.88461
50.09011
49.91489
50.09892
49.95014
50.12838
49.988
50.16116
50.02494
50.19359
50.0567
50.23164
50.09292
50.27049
50.12609
50.30404
50.16193
50.33334
50.19348
50.36779
50.22902
50.40101
50.26704
50.43764
50.2964
50.47348
50.33149
50.50677
50.36647
50.53798
50.40344
50.57274
50.43636
50.60719
50.47193
50.64541
50.5072
50.67968
50.54271
50.71548
50.57086
50.74778
50.60584
50.78177
50.64469
50.81292
50.68115
50.84388
50.70699
50.88055
50.74336
50.91507
50.78192
50.94953
50.81325
50.9824
50.85022
51.01469
50.88341
51.03526
50.91953
51.0636
50.95296
51.09839
50.98602
51.13528
51.01972
51.17178
51.05523
51.2069
51.08968
51.23977
51.12739
51.27604
51.16101
51.30556
51.19216
51.34027
51.22979
51.37432
51.26495
51.40829
51.29892
51.44027
51.3347
51.47343
51.34356
51.50602
51.37742
51.54129
51.41271
51.57607
51.44732
51.60947
51.48311
51.63983
51.51503
51.67213
51.55092
51.70842
51.58531
51.74367
51.61621
51.77395
51.65277
51.8081
51.67839
51.84244
51.68475
51.87713
51.72067
51.91281
51.75707
51.94889
51.78957
51.98315
51.82398
52.01908
51.85894
52.05294
51.88933
52.09069
51.92819
52.12295
51.96392
52.1553
52.00085
52.19206
52.03139
52.22912
52.06846
52.26462
52.10498
52.29867
52.13954
52.33375
52.17812
52.36377
52.21157
52.39768
52.24314
52.43347
52.27864
52.47032
52.31117
52.50372
52.34876
52.54025
52.38114
52.57547
52.41581
52.61201
52.4542
52.64788
52.49087
52.68565
52.5281
52.71922
52.56411
52.75209
52.59708
52.78789
52.63156
52.82179
52.66531
52.85406
52.70015
52.8904
52.73583
52.92606
52.77033
52.96479
52.77671
53.0006
52.81381
53.03875
52.85083
53.07343
52.92299
53.11008
52.95824
53.1441
52.99224
53.17711
53.02573
53.21303
53.05858
53.24862
53.09172
53.28234
53.12864
53.31933
53.16356
53.35442
53.20253
53.38886
53.23832
53.42258
53.26843
53.45918
53.30347
53.49253
53.33789
53.52692
53.37322
53.56238
53.40711
53.59838
53.44484
53.63475
53.48133
53.66805
53.51876
53.70352
53.55429
53.74096
53.58815
53.77665
53.62299
53.8104
53.65649
53.84603
53.69142
53.88148
53.72937
53.91463
53.76586
53.95117
53.80062
53.98677
53.83073
54.02437
53.86973
54.05405
53.90227
54.09216
53.93886
54.12485
53.97546
54.15891
54.00497
54.19542
54.04116
54.23067
54.07529
54.26486
54.1101
54.30077
54.14676
54.33595
54.18282
54.37242
54.21469
54.40674
54.25074
54.44007
54.28392
54.47138
54.32072
54.50248
54.35369
54.5385
54.38636
54.54491
54.42234
54.61837
54.46116
54.65495
54.49537
54.6897
54.52707
54.72493
54.56075
54.76116
54.59584
54.79101
54.62738
54.82802
54.66375
54.85842
54.69707
54.89391
54.73319
54.92734
54.77031
54.96431
54.80656
55.00061
54.84269
55.03569
54.87935
55.07564
54.91298
55.10952
54.94658
55.14441
54.98196
55.18053
55.01636
55.21112
55.05389
55.28675
55.09217
55.32454
55.12856
55.36016
55.16447
55.3941
55.19969
55.42776
55.23266
55.46283
55.26781
55.49889
55.30623
55.53672
55.34186
55.57234
55.37888
55.60813
55.41676
55.64466
55.45131
55.68273
55.48758
55.71874
55.52414
55.75517
55.56019
55.7905
55.59224
55.82734
55.63038
55.86391
55.66808
55.90333
55.70502
55.94151
55.74295
55.97927
55.78165
56.01502
55.81733
56.05082
55.8555
56.08889
55.89477
56.12535
55.92855
56.16039
55.96613
56.19847
56.00356
56.23655
56.04094
56.27363
56.07777
56.31329
56.11614
56.35089
56.15692
56.38749
56.19486
56.42456
56.23366
56.46287
56.26686
56.49652
56.29778
56.53401
56.33641
56.56973
56.37473
56.60749
56.40731
56.64349
56.44072
56.67721
56.47754
56.7128
56.51453
56.74861
56.55016
56.7864
56.58588
56.82231
56.62083
56.85865
56.65952
56.89729
56.69337
56.93279
56.73117
56.96714
56.76759
57.00608
56.80241
57.04296
56.83873
57.07761
56.87621
57.11281
56.91088
57.14871
56.94746
57.18686
56.98369
57.22129
57.02273
57.25805
57.06087
57.29356
57.09522
57.32744
57.13145
57.36658
57.16879
57.40383
57.20491
57.43776
57.24167
57.47346
57.27639
57.5121
57.31278
57.54646
57.34895
57.58188
57.38812
57.62024
57.42421
57.65691
57.46045
57.69483
57.49823
57.73336
57.53231
57.77146
57.57032
57.80928
57.60844
57.84399
57.6462
57.88334
57.68404
57.91925
57.72296
57.95711
57.7577
57.99269
57.79519
58.0317
57.83276
58.06908
57.86858
58.10444
57.90649
58.14449
57.94529
58.17976
57.98247
58.21483
58.01732
58.25198
58.05453
58.28693
58.09083
58.3247
58.13013
58.36224
58.16666
58.40095
58.2051
58.43537
58.24284
58.47157
58.27846
58.50617
58.31629
58.54295
58.35235
58.57856
58.38733
58.61468
58.42431
58.64704
58.46116
58.68383
58.49745
58.72252
58.53444
58.7596
58.57221
58.79149
58.6063
58.8272
58.63959
58.85936
58.67619
58.89283
58.71102
58.91936
58.74863
58.95829
58.78252
58.99372
58.81802
59.02791
58.85262
59.0642
58.88995
59.09228
58.928
59.12253
58.96322
59.15027
58.99515
59.17107
59.0316
59.20508
59.06345
59.23908
59.09809
59.27491
59.13473
59.31154
59.1732
59.34668
59.21135
59.4183
59.2481
59.45526
59.28493
59.49144
59.32155
59.52988
59.35701
59.56166
59.39275
59.5952
59.42706
59.63305
59.4637
59.67172
59.50205
59.70738
59.53827
59.7399
59.57552
59.7747
59.60949
59.8109
59.64219
59.84534
59.68015
59.88107
59.71285
59.91602
59.74901
59.94914
59.78449
59.98611
59.8236
60.02302
59.85749
60.06157
59.89331
60.09887
59.92807
60.13463
59.96523
60.17058
60.00113
60.20905
60.03999
60.24703
60.07881
60.28579
60.0971
60.32236
60.13262
60.35627
60.17097
60.39355
60.20598
60.43165
60.23898
60.46578
60.27752
60.50384
60.31316
60.53906
60.3506
60.57643
60.38967
60.61463
60.42628
60.65199
60.46495
60.68983
60.49973
60.72768
60.53342
60.76228
60.57032
60.79867
60.60144
60.83034
60.6378
60.86646
60.67434
60.90095
60.70952
60.93802
60.746
60.976
60.78035
61.01474
60.81939
61.05164
60.85512
61.09045
60.89251
61.12608
60.92966
61.16076
60.96777
61.19336
60.99998
61.2299
61.03608
61.26804
61.07381
61.30697
61.10948
61.34301
61.14489
61.37936
61.18314
61.41712
61.2193
61.4522
61.25597
61.49032
61.2936
61.52346
61.33062
61.56102
61.36662
61.59769
61.40573
61.63659
61.4419
61.67571
61.48023
61.71329
61.5167
61.7507
61.55212
61.78823
61.5895
61.82353
61.6262
61.85804
61.66548
61.89249
61.70013
61.93017
61.73744
61.96795
61.7764
62.00708
61.81329
62.04754
61.8504
62.08368
61.88766
62.12225
61.92492
62.16311
61.95819
62.19968
61.99569
62.23618
62.035
62.27444
62.07234
62.3136
62.10973
62.35098
62.14711
62.38923
62.18377
62.42604
62.22187
62.45603
62.25867
62.49418
62.29499
62.53327
62.33176
62.57125
62.36931
62.60943
62.40828
62.64547
62.44741
62.68256
62.4869
62.72084
62.52319
62.759
62.56342
62.79752
62.60049
62.83138
62.63678
62.86831
62.67582
62.90755
62.71315
62.94689
62.75233
62.98631
62.79056
63.02508
62.83149
63.06564
62.86895
63.10472
62.9085
63.14007
62.94622
63.17811
62.98098
63.21613
63.02023
63.25242
63.06083
63.29085
63.09829
63.32989
63.13759
63.36852
63.1759
63.40212
63.21482
63.44133
63.24975
63.47659
63.28705
63.50949
63.32528
63.54597
63.3577
63.58029
63.39434
63.61787
63.43354
63.65627
63.46965
63.69339
63.50557
63.73369
63.54296
63.771
63.61536
63.80834
63.64887
63.84697
63.68424
63.88041
63.71949
63.91557
63.75684
63.94884
63.78818
63.9878
63.82724
64.02531
63.86457
64.06435
63.90209
64.10083
63.92788
64.13871
63.96124
64.17302
64.00037
64.21142
64.03945
64.24814
64.0782
64.28239
64.11604
64.31829
64.15482
64.35493
64.18675
64.39141
64.21346
64.42596
64.25059
64.46458
64.28931
64.50003
64.3223
64.53528
64.35748
64.57276
64.39405
64.61058
64.42973
64.64543
64.46853
64.68333
64.50681
64.72203
64.54579
64.76048
64.58512
64.79747
64.62139
64.83635
64.65891
64.87235
64.69533
64.90751
64.73392
64.94662
64.76895
64.98393
64.80621
65.02013
64.84469
65.05822
64.88428
65.09727
64.92184
65.13622
64.95912
65.17385
64.99725
65.21379
65.03485
65.251
65.07397
65.3271
65.10883
65.36252
65.14691
65.39846
65.18377
65.43437
65.2204
65.47147
65.25842
65.50993
65.29779
65.54827
65.33541
65.58728
65.37111
65.62467
65.41057
65.66056
65.44878
65.68581
65.48309
65.71979
65.5223
65.75661
65.55608
65.7924
65.59355
65.82867
65.63066
65.86667
65.66967
65.90336
65.70888
65.9421
65.74535
65.9814
65.78223
66.01715
65.81792
66.05394
65.85246
66.0879
65.88876
66.12458
65.92104
66.15816
65.96014
66.19491
65.99718
66.23267
66.03493
66.26736
66.07278
66.30538
66.10937
66.34078
66.14398
66.37797
66.18118
66.41422
66.2192
66.4523
66.25671
66.4897
66.29412
66.52841
66.33316
66.5631
66.37112
66.60216
66.40972
66.64033
66.44718
66.67931
66.48592
66.71535
66.51833
66.75358
66.55419
66.78923
66.5927
66.82826
66.62853
66.86267
66.6665
66.90085
66.70377
66.93733
66.74275
66.97512
66.78003
67.01022
66.81572
67.04797
66.85482
67.08537
66.88904
67.12304
66.92782
67.16138
66.96535
67.19917
67.00289
67.23458
67.04117
67.27332
67.07872
67.31123
67.11347
67.35007
67.15273
67.38817
67.18999
67.42512
67.22921
67.46332
67.26593
67.50226
67.30503
67.5397
67.34364
67.57614
67.38071
67.61333
67.41782
67.65115
67.4557
67.68806
67.48907
67.72718
67.52704
67.76556
67.56562
67.80444
67.60464
67.83716
67.64368
67.87312
67.68167
67.91173
67.72113
67.94868
67.7589
67.98694
67.79615
68.02388
67.83303
68.06284
67.87012
68.10039
67.90848
68.13705
67.94678
68.1759
67.98518
68.21422
68.02319
68.25151
68.05844
68.28948
68.0969
68.32481
68.13504
68.36341
68.17219
68.40212
68.20992
68.44132
68.24377
68.47811
68.28295
68.5159
68.32226
68.55172
68.36176
68.59091
68.40116
68.62955
68.43856
68.66882
68.47819
68.70723
68.51725
68.74636
68.55772
68.7838
68.59331
68.82124
68.63132
68.85962
68.66705
68.8936
68.7044
68.9316
68.744
68.96739
68.78233
69.00574
68.82021
69.04259
68.85876
69.08079
68.89534
69.11904
68.93456
69.1577
68.97313
69.19617
69.01127
69.23622
69.04697
69.27094
69.08482
69.31007
69.12401
69.34532
69.16222
69.38453
69.20128
69.4211
69.23869
69.45934
69.27681
69.4986
69.3172
69.53775
69.35361
69.57608
69.39185
69.61391
69.42747
69.64876
69.46399
69.68789
69.50269
69.72549
69.54301
69.7646
69.58051
69.80191
69.61963
69.83891
69.65655
69.87814
69.69446
69.91724
69.73125
69.95569
69.77054
69.99507
69.80868
70.03357
69.84798
70.06982
69.88899
70.10867
69.92754
70.14933
69.96754
70.18857
70.00693
70.22884
70.04641
70.26811
70.08492
70.3064
70.12311
70.34579
70.15916
70.38484
70.19843
70.41986
70.23882
70.45952
70.27693
70.49786
70.31573
70.53696
70.35378
70.57619
70.39335
70.61516
70.4324
70.65019
70.47103
70.68813
70.50903
70.72648
70.54693
70.76473
70.58639
70.80275
70.62495
70.84206
70.66337
70.88148
70.70286
70.92031
70.74158
70.96103
70.7807
70.9996
70.81931
71.03646
70.85723
71.07507
70.89442
71.11354
70.93366
71.15289
70.97085
71.19091
71.00896
71.22822
71.04816
71.2653
71.08481
71.3045
71.12416
71.34403
71.16348
71.38338
71.20184
71.42268
71.24094
71.46273
71.28023
71.50189
71.31742
71.54018
71.35307
71.57861
71.39223
71.61501
71.42892
71.65507
71.46829
71.69429
71.50671
71.73354
71.54268
71.7708
71.58025
71.80816
71.61741
71.84415
71.65472
71.88342
71.68913
71.91764
71.7271
71.95626
71.76382
71.99174
71.8046
72.03078
71.84385
72.07035
71.88316
72.10734
71.91953
72.14306
71.95526
72.18177
71.99185
72.22242
72.02868
72.26003
72.06325
72.29574
72.09898
72.33334
72.13776
72.36764
72.17641
72.40834
72.21601
72.44514
72.25465
72.48284
72.2887
72.51741
72.32377
72.55756
72.36287
72.59283
72.39813
72.62717
72.43211
72.66373
72.46775
72.70196
72.50682
72.7367
72.5463
72.77512
72.58515
72.81089
72.62305
72.84781
72.6568
72.88651
72.69391
72.9231
72.73312
72.95918
72.76752
72.99285
72.80106
73.03065
72.83798
73.06747
72.87716
73.1044
72.91576
73.14137
72.9524
73.17915
72.99076
73.21708
73.02305
73.25713
73.06026
73.29556
73.09811
73.33633
73.13253
73.37466
73.16934
73.39742
73.20741
73.40376
73.24611
73.41003
73.28593
73.43266
73.32471
73.44057
73.3642
73.48073
73.40443
73.50817
73.44466
73.54855
73.48481
73.58878
73.52502
73.59489
73.5499
73.60104
73.55989
73.62353
73.60004
73.66307
73.60792
73.70308
73.64802
73.78308
73.68798
73.85036
73.72794
73.96925
73.76757
74.00775
73.80664
74.0481
73.84655
74.08667
73.88551
74.12458
73.92459
74.12969
73.96374
74.13481
74.00199
74.174
74.03963
74.2092
74.07631
74.24684
74.11533
74.28391
74.15314
74.32291
74.19038
74.36017
74.22827
74.39803
74.26749
74.43568
74.30602
74.47461
74.34379
74.51319
74.38446
74.5522
74.42235
74.58814
74.45792
74.62532
74.49698
74.66098
74.51987
74.69157
74.55635
74.72845
74.58849
74.76237
74.62657
74.79967
74.66303
74.8346
74.70095
74.87259
74.74036
74.9101
74.7775
74.94543
74.81429
74.98403
74.85252
75.01963
74.88808
75.05602
74.92327
75.09353
74.96046
75.13239
74.99575
75.16886
75.03116
75.204
75.06934
75.24152
75.10647
75.27766
75.14442
75.31525
75.18219
75.35434
75.22017
75.3903
75.25591
75.4258
75.29079
75.46289
75.3288
75.50219
75.36584
75.5361
75.40462
75.57322
75.44384
75.61118
75.48389
75.64977
75.52026
75.68894
75.55965
75.72835
75.59835
75.76239
75.63847
75.80143
75.67369
75.84084
75.71441
75.88033
75.75334
75.91629
75.79256
75.95557
75.83129
75.99554
75.86943
76.03481
75.909
76.07417
75.94732
76.11209
75.98654
76.14884
76.06145
76.188
76.10065
76.22516
76.13478
76.26273
76.17406
76.30186
76.21214
76.34097
76.25096
76.37882
76.29008
76.41806
76.32791
76.45507
76.36673
76.49059
76.40257
76.52772
76.44162
76.56562
76.48203
76.6014
76.51984
76.6394
76.55896
76.67464
76.59646
76.71324
76.63495
76.75187
76.67111
76.79073
76.69518
76.82975
76.73429
76.86622
76.7713
76.9053
76.80798
76.9388
76.84456
76.97405
76.88237
77.01218
76.92168
77.05131
76.96114
77.08914
76.99642
77.12792
77.03419
77.16602
77.07288
77.20518
77.11016
77.24396
77.14702
77.28236
77.18341
77.31877
77.21876
77.35244
77.25778
77.39114
77.29691
77.42876
77.33584
77.4678
77.37006
77.50431
77.407
77.54343
77.44601
77.58253
77.48513
77.65825
77.52412
77.69575
77.56076
77.73238
77.59896
77.77164
77.63732
77.80854
77.67654
77.8465
77.71412
77.88466
77.75198
77.9238
77.7894
77.9628
77.83032
78.00191
77.86637
78.03886
77.9055
78.07854
77.94205
78.11611
77.9825
78.15523
78.02175
78.19471
78.06095
78.23576
78.09829
78.27501
78.13802
78.3147
78.17725
78.35434
78.21403
78.39069
78.25076
78.42903
78.2875
78.46899
78.32611
78.50792
78.40434
78.54903
78.44132
78.58859
78.47988
78.62947
78.51778
78.66872
78.55566
78.70782
78.59148
78.74347
78.6301
78.78162
78.66573
78.81961
78.70285
78.85533
78.73985
78.8896
78.77424
78.92785
78.80922
78.96694
78.84613
79.00594
78.88241
79.0404
78.92027
79.07813
78.9593
79.11476
78.99571
79.15215
79.03143
79.19083
79.06927
79.22921
79.1085
79.26551
79.14373
79.30221
79.18092
79.33881
79.22089
79.37962
79.25887
79.41669
79.29685
79.45553
79.33545
79.49312
79.37283
79.53055
79.4098
79.56837
79.44781
79.60715
79.48674
79.64442
79.52412
79.68275
79.56271
79.71998
79.59814
79.75833
79.63568
79.79762
79.67508
79.83413
79.71309
79.87212
79.75252
79.90797
79.79192
79.94508
79.83051
79.98204
79.86638
80.02068
79.90644
80.06155
79.94312
80.09824
79.98145
80.13481
80.0184
80.17288
80.05608
80.21034
80.09306
80.24937
80.1322
80.28786
80.16898
80.32487
80.206
80.36314
80.24071
80.40165
80.27975
80.43856
80.31236
80.47563
80.35055
80.51264
80.46054
80.55022
80.49966
80.58907
80.53889
80.62904
80.57681
80.66579
80.6148
80.70503
80.65398
80.74439
80.69171
80.7827
80.73139
80.82018
80.7683
80.85839
80.80522
80.89621
80.84447
80.93428
80.88371
80.9734
80.92149
81.01009
80.95825
81.08537
80.99663
81.12621
81.03529
81.16549
81.07459
81.20253
81.11332
81.2776
81.14767
81.31664
81.18607
81.35203
81.22114
81.37506
81.2513
81.41074
81.28284
81.43272
81.31525
81.45991
81.3411
81.46622
81.3499
81.47761
81.38123
81.49661
81.39011
81.52055
81.41178
81.52806
81.41687
81.54444
81.42196
81.56184
81.44083
81.57561
81.44717
81.58071
81.46864
81.59463
81.49909
81.62045
81.52269
81.62925
81.54999
81.65652
81.57816
81.69299
81.60785
81.72203
81.6437
81.75553
81.68061
81.78202
81.71845
81.82123
81.7568
81.85915
81.79494
81.89489
81.83164
81.93079
81.87008
81.96684
81.90694
82.006
81.94342
82.04537
81.98321
82.08141
82.02055
82.15643
82.0584
82.23363
82.09696
82.2704
82.13625
82.30802
82.17467
82.34519
82.21243
82.38427
82.25054
82.42285
82.28606
82.45873
82.32302
82.49753
82.36107
82.53584
82.39916
82.57377
82.43836
82.61148
82.47752
82.64948
82.51691
82.68707
82.55594
82.72644
82.59524
82.76437
82.63291
82.80367
82.66975
82.842
82.70594
82.87977
82.74403
82.91924
82.78339
82.95689
82.8235
82.99463
82.86275
83.03397
82.90206
83.07478
82.94122
83.11376
82.97857
83.15333
83.01609
83.19189
83.05596
83.22954
83.09131
83.26872
83.13238
83.30759
83.17146
83.34237
83.21233
83.38133
83.25141
83.42062
83.29074
83.46172
83.32922
83.50113
83.36774
83.54019
83.4077
83.58052
83.44579
83.62
83.48506
83.66016
83.52317
83.69742
83.56205
83.73587
83.60027
83.7754
83.63956
83.81582
83.67889
83.85442
83.71902
83.89302
83.7571
83.93027
83.796
83.96958
83.83368
84.00816
83.87292
84.04691
83.91223
84.08392
83.94955
84.12325
83.99038
84.1634
84.02837
84.19994
84.06593
84.23917
84.1049
84.27615
84.14341
84.31584
84.18213
84.35457
84.22309
84.39196
84.26112
84.42992
84.30034
84.46956
84.33839
84.50729
84.37843
84.54568
84.41718
84.58392
84.45655
84.62267
84.49554
84.66131
84.53316
84.70061
84.57227
84.73994
84.6117
84.77665
84.65109
84.8157
84.68923
84.85504
84.72839
84.89233
84.76727
84.93005
84.80727
84.96941
84.84672
85.00719
84.88613
85.04648
84.92526
85.08582
84.96496
85.12429
85.00368
85.16351
85.04344
85.20222
85.08202
85.24341
85.11974
85.27941
85.15954
85.3192
85.19807
85.35857
85.23387
85.39942
85.27193
85.43763
85.31176
85.47681
85.34935
85.51067
85.38523
85.55032
85.42138
85.5869
85.46132
85.62505
85.5004
85.65824
85.53902
85.69689
85.57915
85.73068
85.61401
85.7694
85.6545
85.80783
85.69331
85.84704
85.73331
85.88485
85.76946
85.92393
85.80859
85.96196
85.84806
86.00135
85.88572
86.034
85.92519
86.07414
85.96262
86.11337
86.0016
86.15141
86.04121
86.19073
86.08025
86.23014
86.11885
86.26367
86.1595
86.30322
86.19904
86.34172
86.23759
86.38055
86.27689
86.4161
86.31685
86.45583
86.35587
86.49698
86.39662
86.53663
86.43556
86.57798
86.47496
86.61762
86.51367
86.69784
86.55459
86.73769
86.59275
86.77472
86.63209
86.81495
86.67148
86.85435
86.70769
86.89398
86.74719
86.93287
86.78454
86.97403
86.82204
87.01276
86.86143
87.05224
86.89993
87.09073
86.93843
87.12921
86.97801
87.16782
87.01768
87.20737
87.05484
87.24615
87.09322
87.28519
87.13316
87.32482
87.1722
87.36398
87.21323
87.4053
87.25288
87.44243
87.29225
87.48232
87.33344
87.5211
87.3734
87.56263
87.41248
87.60215
87.45143
87.64291
87.49195
87.68279
87.53111
87.72359
87.57235
87.7634
87.61142
87.80269
87.65179
87.84007
87.69141
87.88097
87.73114
87.9205
87.768
87.95919
87.80856
87.99867
87.84695
88.07886
87.88641
88.1171
87.92582
88.15652
87.96467
88.19183
88.00336
88.23167
88.04173
88.26926
88.08111
88.30984
88.12051
88.34931
88.15986
88.38923
88.1993
88.42868
88.23659
88.4695
88.27523
88.50653
88.3148
88.54408
88.35358
88.58343
88.3907
88.62055
88.42944
88.66062
88.4684
88.70007
88.5051
88.74036
88.54601
88.77898
88.58253
88.81953
88.61965
88.85576
88.65883
88.89333
88.69807
88.9314
88.73715
88.97038
88.77475
89.00914
88.81573
89.04865
88.85448
89.08819
88.89389
89.12843
88.93247
89.16714
88.97317
89.20665
89.01188
89.24549
89.05093
89.28509
89.09034
89.32436
89.1296
89.36287
89.16921
89.40309
89.20869
89.44276
89.24998
89.48405
89.28918
89.51888
89.33003
89.56017
89.36867
89.59979
89.4092
89.63975
89.44868
89.67929
89.48814
89.71891
89.52769
89.75859
89.56887
89.79839
89.60844
89.83794
89.64799
89.87698
89.68726
89.91653
89.72533
89.95622
89.76488
89.99591
89.80444
90.03556
89.84399
90.07672
89.88371
90.11547
89.92356
90.15585
89.96498
90.19456
90.00405
90.23463
90.04439
90.27461
90.08376
90.31618
90.12318
90.3949
90.16424
90.42963
90.20379
90.47024
90.24465
90.50977
90.28408
90.5499
90.32483
90.58917
90.36416
90.62885
90.40413
90.66814
90.44126
90.70741
90.48047
90.7446
90.51973
90.78382
90.55837
90.82487
90.59774
90.86416
90.63882
90.90517
90.67696
90.94457
90.7166
90.98477
90.75542
91.02309
90.79391
91.0627
90.83338
91.09977
90.87289
91.14081
90.91227
91.18042
90.95188
91.22001
90.99149
91.25962
91.0297
91.29903
91.07082
91.33829
91.11
91.37759
91.14952
91.41694
91.18898
91.45637
91.22999
91.4958
91.26952
91.53506
91.30903
91.57625
91.3487
91.61586
91.38734
91.65688
91.42697
91.69651
91.46645
91.73592
91.50613
91.77579
91.54582
91.81627
91.5855
91.84628
91.62379
91.9181
91.66526
91.92814
91.70504
91.96749
91.7454
92.00774
91.78523
92.07451
91.82154
92.15648
91.86137
92.19675
91.90261
92.22587
91.94218
92.25088
91.98115
92.27844
92.02086
92.30608
92.06059
92.33227
92.09891
92.33981
92.13787
92.3591
92.16774
92.38179
92.20773
92.44167
92.2487
92.60555
92.28867
92.62724
92.32909
92.65741
92.36892
92.7084
92.40788
92.7286
92.44752
92.74365
92.48914
92.76807
92.529
92.83123
92.56821
92.89614
92.60332
92.93929
92.64246
92.99135
92.67738
93.01888
92.71382
93.07546
92.75354
93.1276
92.79469
93.13474
92.83446
93.16451
92.87361
93.19672
92.91335
93.22182
92.95306
93.25359
92.993
93.28078
93.03254
93.34508
93.07207
93.39658
93.11166
93.43612
93.15125
93.4672
93.19079
93.49911
93.23035
93.5311
93.26989
93.57225
93.30966
93.61196
93.34875
93.64659
93.3884
93.6857
93.42826
93.71456
93.45802
93.74171
93.4979
93.7716
93.52782
93.78935
93.54435
93.80203
93.57442
93.82218
93.60698
93.84776
93.63625
93.8543
93.65368
93.86091
93.66367
93.8763
93.69373
93.92738
93.7167
93.97723
93.73672
94.02531
93.75661
94.03962
93.79079
94.08871
93.81578
94.1233
93.85075
94.15598
93.88975
94.18861
93.91966
94.21014
93.9495
94.24752
93.97104
94.26739
93.97818
94.29131
94.01055
94.32893
94.04944
94.36146
94.08884
94.38141
94.11494
94.40122
94.14983
94.46604
94.17477
94.51118
94.20636
94.59216
94.23134
94.63272
94.24117
94.64031
94.27365
94.66302
94.30277
94.69061
94.31255
94.71815
94.33983
94.74306
94.34946
94.77024
94.37161
94.80997
94.40393
94.84207
94.44298
94.91924
94.48422
94.95422
94.52389
94.9763
94.55772
94.99595
94.59484
95.02077
94.63464
95.02962
94.66433
95.04693
94.67391
95.06429
94.70518
95.08939
94.71476
95.10846
94.74451
95.12331
94.7743
95.14076
94.81405
95.16071
94.85377
95.19557
94.88508
95.25536
94.91484
95.30116
94.95453
95.3183
94.99503
95.3706
95.0348
95.42944
95.05698
95.46062
95.06401
95.48525
95.09373
95.50492
95.11506
95.53617
95.14978
95.59811
95.18459
95.62691
95.22192
95.66866
95.26155
95.71299
95.29379
95.73014
95.32348
95.73988
95.34809
95.76208
95.38783
95.77853
95.40739
95.79077
95.4422
95.79805
95.48235
95.8128
95.51218
95.82768
95.53944
95.83372
95.57935
95.83976
95.61184
95.86234
95.63924
95.93762
95.64896
95.95782
95.6712
95.96777
95.69504
95.9828
95.72235
95.98901
95.74966
95.99535
95.76692
96.0104
95.77663
96.03204
95.79388
96.04199
95.81364
96.0745
95.84097
96.10683
95.86488
96.13261
95.87469
96.14748
95.89442
96.15723
95.92191
96.17712
95.94334
96.18446
95.95823
96.19671
95.96808
96.20281
95.9855
96.2151
96.00798
96.23757
96.01692
96.26263
96.03183
96.2868
96.04174
96.30436
96.05656
96.31433
96.06387
96.3219
96.08125
96.32818
96.08862
96.33451
96.10747
96.34451
96.12744
96.35371
96.13478
96.36382
96.15221
96.37411
96.16209
96.38685
96.17945
96.39713
96.18839
96.41245
96.21589
96.42036
96.22198
96.43211
96.22804
96.4397
96.24812
96.4548
96.26806
96.47003
96.2742
96.48029
96.29158
96.48791
96.31656
96.50563
96.33904
96.51975
96.34814
96.52611
96.36304
96.54117
96.37289
96.55124
96.38284
96.56132
96.39285
96.58135
96.40276
96.60638
96.42272
96.61544
96.43936
96.63293
96.44929
96.65024
96.45921
96.68023
96.48544
96.68644
96.49162
96.69255
96.62215
96.73267
96.66221
96.77243
96.70084
96.81374
96.74217
96.85179
96.78249
96.89301
96.94195
96.93322
96.97878
96.96906
97.01688
97.00697
97.05634
97.04263
97.09656
97.08077
97.13625
97.11747
97.17474
97.15655
97.21359
97.19242
97.25356
97.23015
97.29385
97.26941
97.3323
97.34705
97.37145
97.3847
97.40833
97.42276
97.44711
97.46288
97.48698
97.50217
97.52564
97.54312
97.56471
97.58237
97.60304
97.62152
97.63602
97.66212
97.66965
97.69369
97.67479
97.72196
97.67992
97.75803
97.71751
97.76617
97.82259
97.80486
97.82772
97.82555
97.83285
97.83214
97.86448
97.87138
97.87203
97.90855
97.87834
97.91514
97.90108
97.94385
97.9568
97.95208
97.96316
97.97329
97.97198
97.98243
97.9808
97.99652
97.9896
98.00185
98.00171
98.00718
98.00682
98.02881
98.01193
98.03415
98.02732
98.0395
98.03242
98.0535
98.03754
98.05886
98.05235
98.06422
98.05869
98.07835
98.07239
98.08497
98.07753
98.09154
98.08267
98.10813
98.09565
98.11477
98.10079
98.12639
98.11485
98.13182
98.12001
98.13725
98.13644
98.15395
98.14161
98.16064
98.14677
98.1698
98.16355
98.19552
98.17624
98.20085
98.18135
98.20617
98.18647
98.23003
98.20531
98.23529
98.21043
98.24055
98.21555
98.26034
98.22064
98.2685
98.24326
98.27757
98.24836
98.2989
98.25346
98.30425
98.27921
98.30959
98.28434
98.32988
98.3121
98.33654
98.32098
98.35229
98.34845
98.35769
98.35647
98.36308
98.37339
98.37622
98.37856
98.38279
98.38373
98.3894
98.41017
98.39601
98.41536
98.40136
98.42056
98.40668
98.43648
98.42791
98.44169
98.43854
98.4481
98.44922
98.45608
98.45452
98.4613
98.46107
98.46651
98.4664
98.47293
98.47171
98.48186
98.48323
98.50644
98.48855
98.51164
98.49385
98.51686
98.51793
98.5351
98.52324
98.54028
98.52855
98.56874
98.55946
98.57391
98.56482
98.57909
98.57015
98.60601
98.59955
98.61118
98.60603
98.61636
98.61499
98.64126
98.63107
98.64641
98.6363
98.65154
98.6415
98.66567
98.65845
98.67083
98.66365
98.67597
98.66885
98.68509
98.68408
98.69025
98.68927
98.6954
98.69447
98.7078
98.70333
98.71667
98.70972
98.72554
98.71609
98.73187
98.72495
98.73701
98.73381
98.74213
98.74936
98.75366
98.7545
98.75879
98.75965
98.76392
98.77532
98.77025
98.78051
98.77538
98.78569
98.78052
98.79085
98.79075
98.79603
98.7959
98.80241
98.80103
98.80759
98.8062
98.81279
98.81135
98.81922
98.81651
98.82687
98.82167
98.83209
98.82684
98.8373
98.83443
98.84392
98.84479
98.85654
98.84996
98.86552
98.85514
98.87201
98.86032
98.88106
98.8655
98.88898
98.87727
98.89795
98.88507
98.90325
98.89581
98.90855
98.90224
98.91386
98.90863
98.92249
98.91507
98.93907
98.92967
98.94819
98.9457
98.95727
98.9509
98.96635
98.97563
98.97539
98.99265
98.98441
98.99913
98.98969
99.00555
99.0032
99.01488
99.00854
99.02013
99.01388
99.02536
99.02048
99.03433
99.03463
99.0396
99.04003
99.04485
99.04539
99.0513
99.0545
99.05776
99.05981
99.0642
99.06515
99.07063
99.08112
99.07707
99.08644
99.0835
99.09182
99.08874
99.1055
99.09397
99.11088
99.10041
99.11622
99.10564
99.12154
99.11088
99.13334
99.13058
99.13866
99.13583
99.14405
99.14104
99.16182
99.15954
99.1709
99.16479
99.17632
99.20613
99.19669
99.21134
99.20571
99.21664
99.23683
99.2328
99.24335
99.23805
99.26521
99.24332
99.27345
99.26614
99.30192
99.28776
99.30718
99.29417
99.31245
99.31096
99.33321
99.31618
99.33961
99.32139
99.34815
99.33402
99.36681
99.3392
99.37201
99.34436
99.37719
99.36189
99.39001
99.36707
99.39519
99.37225
99.40036
99.38791
99.40855
99.3931
99.41371
99.39827
99.41888
99.40598
99.42937
99.41114
99.43452
99.41631
99.43969
99.42638
99.44989
99.43154
99.45506
99.43671
99.46393
99.44928
99.47712
99.45444
99.48349
99.45961
99.48986
99.47056
99.4992
99.47942
99.50436
99.48459
99.50953
99.48975
99.52193
99.50591
99.52715
99.51108
99.53601
99.51625
99.54244
99.52783
99.5489
99.53423
99.55782
99.5461
99.57127
99.5513
99.58202
99.5565
99.58968
99.56689
99.60011
99.57469
99.60661
99.58112
99.61312
99.58751
99.61957
99.60368
99.62731
99.60885
99.63787
99.61405
99.64435
99.63158
99.64964
99.6405
99.65491
99.65813
99.67371
99.66331
99.68568
99.6685
99.69096
99.67736
99.70524
99.68253
99.7105
99.68771
99.72099
99.6929
99.72742
99.70954
99.73386
99.71473
99.73908
99.71989
99.74432
99.73399
99.74957
99.74036
99.75483
99.74921
99.76012
99.75436
99.76917
99.75954
99.77446
99.76835
99.77974
99.77354
99.78625
99.77872
99.79276
99.78759
99.79931
99.794
99.80463
99.79919
99.80995
99.80695
99.83222
99.81583
99.83882
99.82224
99.84422
99.82864
99.84969
99.83755
99.85517
99.84811
99.86852
99.85334
99.87521
99.85857
99.88072
99.86497
99.88629
99.88414
99.89559
99.8906
99.90229
99.89703
99.91653
99.90465
99.92348
99.91107
99.93695
99.91753
99.94374
99.92275
99.96044
99.9347
99.96705
99.94984
99.98351
99.95627
99.98869
99.97762
100.009
99.99004
100.0268
99.99633
100.0319
100.0052
100.037
100.0172
100.0459
100.0223
100.051
100.0274
100.0562
100.0325
100.0613
100.0376
100.0664
100.0488
100.0715
100.0539
100.0779
100.059
100.0842
100.0676
100.0893
100.0751
100.0945
100.0802
100.0996
100.0877
100.1048
100.0928
100.1099
100.0979
100.1163
100.1042
100.1215
100.1105
100.1266
100.1192
100.1355
100.1305
100.1407
100.1356
100.1458
100.1407
100.151
100.1471
100.1561
100.1534
100.1613
100.1673
100.1701
100.1736
100.1833
100.1816
100.1885
100.1867
100.1937
100.1919
100.199
100.2008
100.208
100.2072
100.2144
100.2135
100.2197
100.2199
100.2249
100.2288
100.2313
100.2377
100.2403
100.2563
100.2455
100.2615
100.2508
100.2667
100.2597
100.272
100.2678
100.2876
100.2793
100.3002
100.2858
100.3066
100.2999
100.3156
100.3064
100.3221
100.3155
100.3421
100.3222
100.3473
100.3463
100.3526
100.3545
100.3668
100.3635
100.372
100.3722
100.3773
100.3864
100.3862
100.3917
100.3914
100.397
100.4028
100.4161
100.4081
100.4214
100.4133
100.4268
100.4273
100.4459
100.4325
100.4512
100.4378
100.4565
100.4465
100.4778
100.4645
100.4832
100.4698
100.4886
100.475
100.4951
100.4878
100.5092
100.493
100.5248
100.4983
100.5301
100.5117
100.5354
100.5169
100.542
100.5221
100.551
100.5331
100.5563
100.5383
100.5617
100.5436
100.5682
100.5535
100.5736
100.5599
100.5789
100.5652
100.5843
100.5704
100.598
100.5757
100.6034
100.5809
100.6089
100.5862
100.6155
100.5914
100.6209
100.6037
100.6263
100.609
100.6354
100.6142
100.6491
100.6219
100.6557
100.6355
100.661
100.642
100.6664
100.6485
100.673
100.6589
100.6838
100.6654
100.6905
100.6707
100.6996
100.676
100.705
100.6936
100.7171
100.7001
100.7281
100.7077
100.7335
100.7167
100.7476
100.7306
100.7644
100.7395
100.7726
100.7448
100.7855
100.75
100.7908
100.7552
100.7961
100.7604
100.8063
100.7726
100.8146
100.779
100.8236
100.7897
100.83
100.7961
100.8365
100.8099
100.8449
100.8151
100.8567
100.8227
100.8656
100.8367
100.8721
100.8431
100.8844
100.8573
100.8909
100.8625
100.9042
100.8676
100.9095
100.8802
100.9148
100.8866
100.9212
100.8954
100.9294
100.9043
100.9436
100.9095
100.9488
100.9147
100.9541
100.9284
100.9605
100.9348
100.967
100.9469
100.976
100.9521
100.9825
100.9572
100.9914
100.9695
101.0066
100.988
101.0132
100.9957
101.0228
101.0088
101.0341
101.014
101.0406
101.0204
101.0496
101.0293
101.0561
101.0357
101.0626
101.0472
101.074
101.0536
101.0793
101.062
101.0846
101.0684
101.095
101.0888
101.1177
101.0969
101.1267
101.1021
101.1373
101.1102
101.1437
101.1178
101.1528
101.1242
101.1618
101.1331
101.1671
101.1461
101.1724
101.1613
101.188
101.1689
101.1932
101.1861
101.2125
101.1951
101.219
101.2015
101.2243
101.2067
101.2308
101.2156
101.236
101.222
101.245
101.2323
101.2516
101.2375
101.2568
101.2427
101.2622
101.2491
101.2712
101.2543
101.2765
101.2611
101.2819
101.2694
101.2885
101.2779
101.2939
101.2831
101.2992
101.2883
101.3099
101.2935
101.3153
101.2999
101.3244
101.3088
101.3308
101.3177
101.3362
101.3261
101.3416
101.3341
101.3469
101.3406
101.3535
101.347
101.3615
101.3523
101.3706
101.3575
101.3797
101.364
101.3851
101.3692
101.3917
101.3757
101.4008
101.3822
101.4074
101.3874
101.4153
101.3939
101.4207
101.402
101.4261
101.4072
101.4316
101.4125
101.4382
101.4178
101.4473
101.4242
101.4539
101.4295
101.4605
101.436
101.4659
101.4413
101.4714
101.4478
101.4768
101.4568
101.4834
101.4658
101.4888
101.4809
101.4942
101.49
101.503
101.499
101.5084
101.5105
101.5138
101.5171
101.5204
101.5251
101.5321
101.5316
101.5375
101.5369
101.543
101.5422
101.5562
101.5489
101.5617
101.5543
101.5672
101.5608
101.5726
101.5698
101.5793
101.5785
101.5848
101.5875
101.5916
101.593
101.5971
101.5983
101.6025
101.6062
101.6118
101.6153
101.6172
101.6219
101.6227
101.6285
101.6343
101.6376
101.6397
101.6442
101.645
101.6495
101.6516
101.6615
101.6607
101.6681
101.6698
101.6746
101.6764
101.6818
101.6819
101.6909
101.6873
101.6962
101.6965
101.7015
101.7122
101.7097
101.7213
101.715
101.7321
101.7281
101.7775
101.7347
101.784
101.7412
101.7906
101.7466
101.7997
101.7521
101.8087
101.7576
101.8141
101.7631
101.8195
101.7685
101.8261
101.7751
101.8327
101.7864
101.8393
101.7931
101.8459
101.8022
101.8513
101.8077
101.8566
101.8131
101.862
101.822
101.871
101.8358
101.8764
101.8447
101.8819
101.8637
101.8909
101.8729
101.8975
101.8889
101.903
101.8956
101.9084
101.9023
101.9138
101.9157
101.923
101.9224
101.9324
101.9307
101.9391
101.9373
101.9445
101.9462
101.9499
101.9553
101.9566
101.9635
101.9632
101.9752
101.9723
101.9818
101.9778
101.9872
101.9832
101.9926
101.9887
102.0064
101.9953
102.0249
102.002
102.0315
102.0086
102.0486
102.0152
102.054
102.0206
102.0594
102.026
102.0682
102.0315
102.0772
102.0407
102.0839
102.0463
102.093
102.0519
102.1013
102.0586
102.108
102.073
102.1245
102.0785
102.1311
102.0841
102.1366
102.0895
102.1419
102.0963
102.1561
102.1032
102.1627
102.1099
102.1693
102.1167
102.1765
102.1222
102.1856
102.1278
102.1922
102.1334
102.2013
102.1389
102.2079
102.1458
102.2171
102.1551
102.2226
102.1608
102.2317
102.1665
102.2384
102.1723
102.245
102.1885
102.2542
102.1941
102.2624
102.1998
102.2715
102.2056
102.2806
102.2126
102.2861
102.2184
102.2994
102.2241
102.3072
102.2336
102.321
102.2482
102.3277
102.2541
102.3332
102.2599
102.3387
102.2694
102.357
102.2753
102.3761
102.2811
102.3891
102.3
102.3959
102.3071
102.4026
102.3286
102.4115
102.3405
102.426
102.3492
102.4418
102.3563
102.4512
102.3683
102.4625
102.3755
102.4694
102.3829
102.4751
102.3902
102.4809
102.4025
102.4866
102.4087
102.496
102.4149
102.5074
102.4224
102.5181
102.4287
102.5238
102.4349
102.5296
102.4451
102.5391
102.4551
102.5449
102.4626
102.5508
102.4689
102.5604
102.4752
102.5676
102.4816
102.5735
102.4881
102.5793
102.4946
102.5851
102.505
102.5923
102.5116
102.601
102.5181
102.6081
102.5246
102.6178
102.5323
102.6239
102.54
102.6299
102.5503
102.6466
102.5753
102.6639
102.6046
102.6739
102.6112
102.6802
102.6177
102.6949
102.639
102.7048
102.6851
102.7125
102.6952
102.72
102.7055
102.73
102.7122
102.7402
102.7188
102.7479
102.7253
102.7581
102.7319
102.7673
102.7385
102.7748
102.7489
102.785
102.7557
102.7952
102.7705
102.8054
102.777
102.812
102.7835
102.8186
102.7914
102.825
102.8043
102.8315
102.8111
102.8382
102.8179
102.8476
102.8314
102.8541
102.8381
102.8619
102.8475
102.8684
102.8554
102.875
102.8621
102.8817
102.8688
102.8895
102.8767
102.8974
102.8896
102.9053
102.8963
102.912
102.903
102.9186
102.9097
102.9251
102.9164
102.9347
102.9244
102.9415
102.9313
102.9482
102.938
102.9561
102.9459
102.9641
102.9527
102.9721
102.9595
102.9788
102.9675
102.9856
102.9742
102.9961
102.981
103.004
102.9877
103.0136
102.9945
103.0216
103.0013
103.0283
103.0081
103.0363
103.0149
103.0517
103.0217
103.0597
103.0285
103.0677
103.0352
103.0756
103.0432
103.0824
103.05
103.0891
103.0568
103.0959
103.0673
103.1027
103.0741
103.1095
103.0808
103.1162
103.0876
103.1229
103.0944
103.1297
103.1012
103.1377
103.1079
103.1532
103.1184
103.1599
103.1252
103.1667
103.1319
103.1734
103.1399
103.1802
103.1478
103.1881
103.1546
103.1949
103.1614
103.2029
103.1681
103.2096
103.1749
103.2163
103.1817
103.2231
103.1897
103.2298
103.1976
103.2366
103.2044
103.2446
103.2112
103.2513
103.2191
103.258
103.2321
103.2648
103.2389
103.2715
103.2456
103.2783
103.2524
103.2862
103.2591
103.2967
103.2687
103.3034
103.2755
103.3102
103.2822
103.3181
103.2902
103.3248
103.297
103.3316
103.3037
103.3383
103.3105
103.3479
103.3173
103.3558
103.3241
103.3638
103.3308
103.3717
103.3376
103.3797
103.3443
103.3877
103.3511
103.3981
103.3616
103.4048
103.3683
103.4116
103.3751
103.4183
103.3818
103.4251
103.3886
103.4318
103.3954
103.4385
103.4021
103.4453
103.4089
103.452
103.4193
103.4587
103.4261
103.4655
103.4329
103.4722
103.4396
103.479
103.4464
103.4869
103.4531
103.4949
103.4611
103.5016
103.469
103.5084
103.477
103.5151
103.4849
103.5218
103.4917
103.5286
103.4985
103.5353
103.5064
103.5433
103.5132
103.55
103.5199
103.5567
103.5267
103.5635
103.5346
103.5702
103.5414
103.5769
103.5481
103.5837
103.5561
103.5904
103.5665
103.5971
103.5733
103.6039
103.58
103.6106
103.5868
103.6173
103.5935
103.624
103.6003
103.632
103.6082
103.6399
103.615
103.6467
103.6217
103.6534
103.6285
103.6613
103.6364
103.668
103.6432
103.6748
103.6499
103.6893
103.6567
103.6973
103.6634
103.704
103.6702
103.712
103.6781
103.7187
103.6849
103.7254
103.6916
103.7334
103.6984
103.7401
103.7051
103.7468
103.7119
103.7535
103.7186
103.7603
103.7254
103.7671
103.7333
103.7738
103.7401
103.7818
103.7468
103.7885
103.7535
103.7952
103.7603
103.8019
103.7682
103.8087
103.775
103.8154
103.7817
103.8221
103.7885
103.8301
103.7952
103.838
103.8031
103.8448
103.8099
103.8515
103.8178
103.8582
103.8258
103.8649
103.8325
103.8717
103.8392
103.8784
103.846
103.8851
103.8527
103.8919
103.8595
103.8986
103.8662
103.9053
103.8729
103.912
103.8809
103.9188
103.8877
103.9255
103.8944
103.9322
103.9024
103.9389
103.9128
103.9457
103.9195
103.9524
103.9262
103.9591
103.933
103.9659
103.9397
103.9726
103.9464
103.983
103.9544
103.9897
103.9611
103.9965
103.9679
104.0043
103.9746
104.0111
103.9813
104.0178
103.9881
104.0245
103.9948
104.0312
104.0015
104.0392
104.0083
104.0471
104.015
104.0538
104.0218
104.0605
104.0285
104.0673
104.0352
104.0752
104.0419
104.0819
104.0487
104.0886
104.0554
104.0954
104.0621
104.1021
104.0689
104.1088
104.0756
104.1155
104.0824
104.1223
104.0891
104.129
104.0987
104.1357
104.1054
104.1424
104.1122
104.1491
104.1201
104.1559
104.1281
104.1626
104.1348
104.1705
104.1415
104.1772
104.1483
104.184
104.1562
104.1907
104.1666
104.1974
104.1734
104.2041
104.1801
104.2109
104.1868
104.2176
104.1936
104.2243
104.2003
104.231
104.207
104.2377
104.2138
104.2445
104.2217
104.2512
104.2285
104.2579
104.2352
104.2646
104.2419
104.2713
104.2487
104.2781
104.2566
104.2848
104.2661
104.2915
104.2729
104.2982
104.2796
104.305
104.2863
104.3117
104.2931
104.3184
104.301
104.3263
104.3077
104.3343
104.3145
104.3422
104.3212
104.3489
104.3279
104.3556
104.3347
104.3623
104.3414
104.3691
104.3481
104.3758
104.3549
104.3825
104.3616
104.3892
104.3683
104.3971
104.3751
104.4051
104.3818
104.413
104.3885
104.4197
104.3953
104.4264
104.402
104.4332
104.4088
104.4399
104.4155
104.4466
104.4222
104.4533
104.4289
104.4601
104.4357
104.4668
104.4424
104.4735
104.4492
104.4802
104.4559
104.4869
104.4626
104.4937
104.4694
104.5004
104.4761
104.5071
104.484
104.5166
104.4908
104.5234
104.4975
104.5301
104.5079
104.5368
104.5147
104.5435
104.5214
104.5503
104.5293
104.557
104.5361
104.5637
104.5428
104.5704
104.5495
104.5772
104.5575
104.5839
104.5642
104.5906
104.5709
104.5973
104.5789
104.604
104.5856
104.6108
104.5924
104.6175
104.6019
104.6242
104.6099
104.6309
104.6166
104.6377
104.6233
104.6444
104.6301
104.6511
104.6368
104.6578
104.6435
104.6646
104.6503
104.6713
104.6582
104.6808
104.6649
104.6875
104.6717
104.6943
104.6784
104.701
104.6851
104.7089
104.6919
104.7156
104.6986
104.7223
104.7053
104.7291
104.7121
104.7358
104.7188
104.7437
104.7255
104.7541
104.7323
104.7608
104.739
104.7675
104.7457
104.7743
104.7525
104.7822
104.7592
104.7889
104.7659
104.7956
104.7727
104.8024
104.7794
104.8091
104.7861
104.8158
104.7929
104.8225
104.7996
104.8292
104.8063
104.836
104.813
104.8427
104.8198
104.8494
104.8277
104.8573
104.8344
104.8641
104.8412
104.8708
104.8507
104.8775
104.8586
104.8842
104.8666
104.8909
104.8733
104.8977
104.88
104.9056
104.8868
104.9123
104.8935
104.9191
104.9002
104.9258
104.907
104.9325
104.9137
104.9392
104.9216
104.946
104.9284
104.9527
104.9351
104.9594
104.943
104.9661
104.951
104.9728
104.9577
104.9796
104.9644
104.9863
104.9712
104.993
104.9779
104.9997
104.9846
105.0064
104.9913
105.0132
104.9993
105.0211
105.006
105.0278
105.0127
105.0345
105.0195
105.0413
105.0262
105.0492
105.0329
105.0559
105.0409
105.0626
105.0476
105.0694
105.0543
105.0761
105.0611
105.084
105.0678
105.0919
105.0745
105.1014
105.0813
105.1082
105.088
105.1149
105.0947
105.1216
105.1014
105.1283
105.1082
105.135
105.1149
105.1418
105.1216
105.1497
105.1284
105.1564
105.1351
105.1631
105.1418
105.1699
105.1486
105.1766
105.1553
105.1833
105.162
105.19
105.1688
105.1979
105.1767
105.2047
105.1834
105.2114
105.1914
105.2181
105.1981
105.2248
105.2048
105.2316
105.2152
105.2383
105.2219
105.2462
105.2287
105.2529
105.2354
105.2597
105.2421
105.2664
105.2489
105.2731
105.2556
105.2798
105.2635
105.2866
105.2703
105.2933
105.277
105.3
105.2874
105.3067
105.2954
105.3134
105.3021
105.3202
105.3088
105.3269
105.3156
105.3336
105.3223
105.3403
105.329
105.347
105.3357
105.3538
105.3437
105.3642
105.3504
105.3709
105.3571
105.3776
105.3639
105.3844
105.3706
105.3923
105.3773
105.399
105.384
105.4057
105.3908
105.4124
105.3975
105.4191
105.4042
105.4259
105.411
105.4354
105.4177
105.4433
105.4244
105.4512
105.4312
105.458
105.4379
105.4647
105.4446
105.4714
105.4513
105.4781
105.4581
105.4849
105.4648
105.4916
105.4715
105.4983
105.4783
105.505
105.485
105.5117
105.4917
105.5184
105.4985
105.5252
105.5052
105.5331
105.5132
105.541
105.5211
105.5477
105.5291
105.5545
105.537
105.5612
105.5437
105.5679
105.5505
105.5746
105.5584
105.5813
105.5688
105.5893
105.5755
105.596
105.5823
105.6027
105.589
105.6095
105.5957
105.6174
105.6024
105.6241
105.6104
105.6308
105.6171
105.6375
105.6251
105.6442
105.633
105.651
105.6397
105.6577
105.6464
105.6644
105.6532
105.6711
105.6599
105.6778
105.6666
105.6846
105.6733
105.6913
105.6801
105.698
105.688
105.7047
105.6947
105.7127
105.7015
105.7194
105.7082
105.7261
105.7149
105.734
105.7216
105.7407
105.7284
105.7475
105.7351
105.7542
105.7419
105.7609
105.7486
105.7676
105.7553
105.7755
105.762
105.7822
105.7688
105.789
105.7755
105.7994
105.7822
105.8061
105.789
105.8128
105.7957
105.8195
105.8024
105.8263
105.8092
105.833
105.8159
105.8397
105.8226
105.8464
105.8294
105.8532
105.8361
105.8599
105.8428
105.8666
105.8496
105.8733
105.8563
105.8837
105.863
105.8905
105.8709
105.8972
105.8789
105.9039
105.8856
105.9106
105.8923
105.9174
105.9003
105.9241
105.9082
105.9337
105.9149
105.9404
105.9217
105.9471
105.9284
105.9538
105.9351
105.9605
105.9418
105.9673
105.9486
105.974
105.9565
105.9807
105.9645
105.9874
105.9749
105.9942
105.9816
106.0009
105.9884
106.0076
105.9951
106.0143
106.003
106.021
106.0097
106.0278
106.0165
106.0345
106.0232
106.0412
106.0312
106.0479
106.0379
106.0584
106.0446
106.0651
106.0513
106.0718
106.0581
106.0797
106.0648
106.0864
106.0715
106.0932
106.0782
106.1
106.085
106.1067
106.0929
106.1134
106.0997
106.1213
106.1064
106.1281
106.1131
106.1348
106.1199
106.1427
106.1266
106.1506
106.1333
106.1585
106.1401
106.1653
106.1468
106.172
106.1535
106.1787
106.1603
106.1854
106.167
106.1921
106.1737
106.1989
106.1804
106.2056
106.1872
106.2123
106.1939
106.219
106.2006
106.227
106.2074
106.2337
106.2153
106.2404
106.2232
106.2483
106.23
106.255
106.2367
106.2618
106.2446
106.2685
106.2526
106.2764
106.2593
106.2832
106.266
106.2899
106.2728
106.2966
106.2795
106.3033
106.2862
106.3101
106.2929
106.3168
106.3009
106.3235
106.3113
106.3302
106.318
106.3369
106.3248
106.3437
106.3315
106.3504
106.3382
106.3571
106.345
106.3638
106.3517
106.3705
106.3584
106.3773
106.3652
106.384
106.3719
106.3907
106.3798
106.3974
106.3866
106.4041
106.3933
106.4109
106.4012
106.4188
106.4079
106.4267
106.4147
106.4334
106.4214
106.4401
106.4281
106.4468
106.4348
106.4536
106.4416
106.4615
106.4483
106.4682
106.455
106.4749
106.463
106.4817
106.4697
106.4896
106.4764
106.4975
106.4831
106.5042
106.4899
106.5109
106.4966
106.5176
106.5033
106.5244
106.5102
106.5311
106.5169
106.5378
106.5236
106.5445
106.5316
106.5512
106.5383
106.558
106.545
106.5647
106.5518
106.5726
106.5597
106.5793
106.5664
106.5861
106.5731
106.594
106.5799
106.6019
106.5903
106.6086
106.597
106.6166
106.6037
106.6233
106.6116
106.63
106.6184
106.6367
106.6251
106.6435
106.6318
106.6502
106.6386
106.6569
106.6465
106.6636
106.657
106.6703
106.6637
106.6771
106.6704
106.6838
106.6771
106.6905
106.6839
106.6972
106.6906
106.704
106.6973
106.7107
106.704
106.7174
106.7108
106.7241
106.7175
106.7308
106.7254
106.7376
106.7322
106.7443
106.7389
106.751
106.7468
106.7589
106.7535
106.7684
106.7603
106.7752
106.767
106.7819
106.7737
106.7886
106.7805
106.7953
106.7872
106.8032
106.7939
106.81
106.8006
106.8167
106.8074
106.8234
106.8141
106.8313
106.8208
106.8392
106.8276
106.846
106.8343
106.8527
106.841
106.8594
106.8477
106.8661
106.8545
106.8728
106.8612
106.8796
106.8679
106.8863
106.8746
106.893
106.8814
106.8997
106.8881
106.9064
106.8948
106.9144
106.9028
106.9211
106.9095
106.9278
106.9162
106.9357
106.923
106.9425
106.9309
106.9492
106.9376
106.9571
106.9443
106.9638
106.9523
106.9706
106.9602
106.9773
106.9669
106.984
106.9736
106.9907
106.9816
106.9975
106.992
107.0042
107
107.0137
107.0067
107.0204
107.0134
107.0272
107.0214
107.0339
107.0281
107.0406
107.0348
107.0473
107.0415
107.0541
107.0482
107.0608
107.055
107.0675
107.0617
107.0742
107.0684
107.081
107.0764
107.0877
107.0831
107.0944
107.0898
107.1023
107.0965
107.1102
107.1033
107.117
107.1112
107.1237
107.1179
107.1304
107.1247
107.1371
107.1314
107.1451
107.1381
107.1518
107.1449
107.1585
107.1516
107.1652
107.1583
107.1731
107.165
107.1827
107.1718
107.1894
107.1785
107.1961
107.1852
107.2029
107.192
107.2096
107.1987
107.2163
107.2054
107.223
107.2122
107.2297
107.2189
107.2365
107.2256
107.2432
107.2324
107.2499
107.2391
107.2578
107.247
107.2645
107.2537
107.2712
107.2605
107.278
107.2672
107.2847
107.2751
107.2926
107.2819
107.3006
107.2886
107.3073
107.2965
107.314
107.3044
107.3207
107.3112
107.3275
107.3179
107.3342
107.3246
107.3409
107.3326
107.3476
107.343
107.3555
107.3497
107.3623
107.3565
107.369
107.3632
107.3757
107.3699
107.3824
107.3767
107.3891
107.3834
107.3959
107.3901
107.4026
107.3969
107.4093
107.4036
107.416
107.4103
107.4228
107.4183
107.4295
107.425
107.4362
107.4317
107.4441
107.4384
107.452
107.4452
107.4588
107.4531
107.4655
107.4598
107.4722
107.4733
107.4789
107.48
107.4868
107.488
107.4936
107.4947
107.5003
107.5014
107.507
107.5081
107.5165
107.5149
107.5245
107.5216
107.5312
107.5283
107.5379
107.5351
107.5446
107.5418
107.5514
107.5485
107.5581
107.5553
107.5648
107.562
107.5715
107.5687
107.5783
107.5755
107.585
107.5822
107.5917
107.5901
107.6013
107.5968
107.608
107.6036
107.6147
107.6103
107.6214
107.6182
107.6282
107.625
107.6361
107.6317
107.6441
107.6396
107.6508
107.6476
107.6575
107.6543
107.6642
107.661
107.671
107.6677
107.6777
107.6757
107.6844
107.6877
107.6911
107.6945
107.6979
107.7012
107.7046
107.7079
107.7113
107.7147
107.7192
107.7214
107.7259
107.7281
107.7327
107.7348
107.7394
107.7415
107.7461
107.7483
107.7528
107.755
107.7596
107.7646
107.7663
107.7713
107.773
107.778
107.7797
107.7847
107.7877
107.7915
107.7956
107.7982
107.8023
107.8049
107.809
107.8117
107.8157
107.8184
107.8224
107.8263
107.8304
107.8331
107.8371
107.8398
107.8438
107.8465
107.8505
107.8532
107.8585
107.86
107.8652
107.8667
107.8719
107.8734
107.8798
107.8802
107.8866
107.8869
107.8933
107.8936
107.9
107.9004
107.9067
107.9071
107.9134
107.9138
107.9202
107.9205
107.9269
107.9273
107.9336
107.9352
107.9415
107.9419
107.9482
107.9486
107.955
107.9554
107.9617
107.9633
107.9684
107.97
107.9751
107.9768
107.9819
107.9847
107.9898
107.9914
107.9977
107.9981
108.0045
108.0061
108.0112
108.014
108.0179
108.022
108.0246
108.0299
108.0313
108.0367
108.0381
108.0434
108.0448
108.0501
108.0515
108.0568
108.0582
108.0636
108.065
108.0703
108.0729
108.077
108.0796
108.0837
108.0863
108.0905
108.093
108.0972
108.1026
108.1076
108.1093
108.1144
108.116
108.1211
108.1227
108.1278
108.1295
108.1346
108.1399
108.1413
108.1466
108.148
108.1533
108.1547
108.16
108.1615
108.1668
108.1682
108.1747
108.1749
108.1814
108.1816
108.1881
108.1884
108.1948
108.1951
108.2016
108.203
108.2095
108.2098
108.2162
108.2165
108.2229
108.2232
108.2309
108.2299
108.2376
108.2367
108.2443
108.2434
108.251
108.2501
108.2578
108.2569
108.2646
108.2636
108.2713
108.2703
108.2781
108.2783
108.286
108.285
108.2927
108.2917
108.2994
108.2984
108.3061
108.3064
108.3129
108.3131
108.3196
108.3198
108.3263
108.3277
108.3343
108.3345
108.3422
108.3412
108.3489
108.3507
108.3556
108.3612
108.3624
108.3691
108.3691
108.3758
108.3758
108.3826
108.3825
108.3905
108.3892
108.3972
108.396
108.404
108.4027
108.4107
108.4094
108.4174
108.4161
108.4241
108.4229
108.4309
108.4296
108.4376
108.4363
108.4455
108.443
108.4523
108.4497
108.459
108.4565
108.4657
108.4632
108.4725
108.4699
108.4792
108.4778
108.4859
108.4857
108.4926
108.4924
108.4994
108.4992
108.5061
108.5059
108.5128
108.5154
108.5196
108.5234
108.5263
108.5301
108.533
108.5368
108.5397
108.5435
108.5477
108.5515
108.5544
108.5582
108.5611
108.5649
108.5679
108.5728
108.5746
108.5795
108.5813
108.5863
108.5881
108.593
108.5948
108.5997
108.6015
108.6064
108.6083
108.6132
108.615
108.6199
108.6229
108.6278
108.6296
108.6345
108.6364
108.6412
108.6431
108.6479
108.651
108.6547
108.6577
108.6614
108.6645
108.6681
108.6712
108.6761
108.6807
108.6828
108.6875
108.6895
108.6942
108.6974
108.7046
108.7041
108.7151
108.7109
108.7218
108.7176
108.7285
108.7243
108.7353
108.731
108.742
108.7377
108.7487
108.7445
108.7554
108.7512
108.7622
108.7579
108.7689
108.7674
108.7756
108.7741
108.7824
108.7809
108.7891
108.7876
108.797
108.7943
108.8037
108.801
108.8105
108.8078
108.8172
108.8145
108.8239
108.8212
108.8307
108.8316
108.8374
108.8383
108.8441
108.8451
108.8509
108.8518
108.8576
108.8585
108.8643
108.8664
108.871
108.8732
108.8778
108.8799
108.8845
108.8866
108.8912
108.8945
108.8992
108.9012
108.9059
108.908
108.9126
108.9159
108.9193
108.9226
108.9261
108.9293
108.9329
108.936
108.9396
108.9428
108.9464
108.9495
108.9531
108.9562
108.9598
108.9629
108.9677
108.9708
108.9745
108.9776
108.9812
108.9843
108.9879
108.991
108.9958
108.9977
109.0026
109.0044
109.0093
109.0112
109.016
109.0191
109.024
109.0258
109.0307
109.0326
109.0374
109.0405
109.0454
109.0472
109.0533
109.0539
109.0613
109.0606
109.068
109.0674
109.0747
109.0741
109.0815
109.0808
109.0882
109.0875
109.0949
109.0942
109.1016
109.101
109.1084
109.1077
109.1163
109.1144
109.123
109.1211
109.1298
109.1278
109.1377
109.1346
109.1444
109.1413
109.1512
109.148
109.1579
109.1547
109.1646
109.1614
109.1713
109.1694
109.1781
109.1773
109.1848
109.184
109.1915
109.1907
109.1983
109.1974
109.205
109.2041
109.2117
109.2121
109.2185
109.2188
109.2252
109.2255
109.2319
109.2322
109.2387
109.239
109.2454
109.2457
109.2533
109.2536
109.2601
109.2603
109.2668
109.2671
109.2735
109.2738
109.2803
109.2817
109.287
109.2884
109.2937
109.2951
109.3005
109.3019
109.3084
109.3086
109.3151
109.3153
109.3218
109.3232
109.3286
109.3299
109.3365
109.3366
109.3432
109.3434
109.3499
109.3501
109.3567
109.3568
109.3634
109.3648
109.3701
109.3715
109.3769
109.3782
109.3848
109.3861
109.3952
109.3929
109.4032
109.3996
109.4099
109.4063
109.4166
109.413
109.4234
109.4197
109.4301
109.4265
109.4368
109.4332
109.4435
109.4399
109.4503
109.4466
109.457
109.4533
109.4637
109.4601
109.4705
109.4668
109.4784
109.4735
109.4851
109.4802
109.4919
109.487
109.4986
109.4937
109.5053
109.5004
109.512
109.5071
109.5188
109.5138
109.5267
109.5242
109.5334
109.531
109.5402
109.5377
109.5469
109.5444
109.5536
109.5523
109.5604
109.559
109.5671
109.5658
109.5738
109.5725
109.5806
109.5792
109.5873
109.5859
109.594
109.5938
109.6008
109.6005
109.6087
109.6073
109.6154
109.614
109.6222
109.6207
109.6289
109.6286
109.6356
109.6353
109.6423
109.6421
109.6503
109.6488
109.6582
109.6555
109.6649
109.6634
109.6717
109.6702
109.6796
109.6769
109.6863
109.6836
109.693
109.6903
109.6998
109.6971
109.7065
109.7075
109.7132
109.7142
109.72
109.7209
109.7267
109.7289
109.7371
109.7356
109.7476
109.7423
109.7543
109.749
109.761
109.7558
109.7678
109.7625
109.7745
109.7692
109.7812
109.7759
109.788
109.7826
109.7947
109.7894
109.8014
109.7961
109.8082
109.8028
109.8149
109.8095
109.8216
109.8163
109.8283
109.823
109.8363
109.8297
109.843
109.8364
109.8497
109.8431
109.8565
109.8499
109.8632
109.8566
109.8711
109.8633
109.8779
109.8712
109.8846
109.8779
109.8913
109.8847
109.898
109.8926
109.9048
109.8993
109.9127
109.906
109.9194
109.9128
109.9262
109.9207
109.9329
109.9274
109.9396
109.9341
109.9464
109.942
109.9531
109.9488
109.9598
109.9555
109.9665
109.9622
109.9733
109.9701
109.98
109.9769
109.9867
109.9836
109.9947
109.9903
110.0014
109.997
110.0081
