10.00961
10.00908
10.0151
10.01446
10.02072
10.01982
10.02746
10.02523
10.033
10.03059
10.03851
10.03596
10.0442
10.04137
10.05101
10.04675
10.05665
10.05221
10.06233
10.05883
10.06803
10.06423
10.07367
10.06958
10.07927
10.07499
10.08499
10.08046
10.09063
10.08587
10.09638
10.09134
10.10209
10.09677
10.10771
10.10216
10.11349
10.10768
10.11923
10.11306
10.12492
10.11856
10.13064
10.12394
10.1363
10.12943
10.14207
10.1348
10.14773
10.14032
10.15341
10.14571
10.15922
10.1524
10.16489
10.15777
10.17063
10.1633
10.17636
10.16874
10.18216
10.17414
10.18777
10.17969
10.19344
10.18515
10.19924
10.19058
10.20498
10.19617
10.21063
10.2017
10.21627
10.20726
10.22193
10.2128
10.22758
10.21831
10.23331
10.22391
10.23892
10.22946
10.24477
10.23502
10.25045
10.24049
10.25627
10.24601
10.26199
10.25166
10.26782
10.25723
10.27358
10.26284
10.27933
10.26841
10.28512
10.27405
10.2909
10.27975
10.29668
10.28535
10.30244
10.291
10.30816
10.29665
10.31384
10.30227
10.3195
10.3078
10.32516
10.31343
10.33105
10.31903
10.3368
10.32473
10.34257
10.33029
10.3482
10.33583
10.35388
10.34144
10.35977
10.34708
10.3655
10.35275
10.37249
10.35839
10.37825
10.36404
10.38399
10.36969
10.3898
10.37533
10.39562
10.38102
10.40138
10.38666
10.40717
10.39234
10.41296
10.39798
10.41874
10.40361
10.42444
10.41052
10.43025
10.41614
10.43596
10.42188
10.44187
10.42754
10.44765
10.43318
10.45332
10.43878
10.45923
10.4444
10.46499
10.44998
10.47087
10.45569
10.47665
10.46133
10.48239
10.46704
10.48806
10.47269
10.49371
10.47841
10.49957
10.48413
10.50539
10.48982
10.51121
10.49554
10.51703
10.50122
10.52283
10.50685
10.52866
10.51257
10.53454
10.51824
10.54031
10.524
10.5462
10.52966
10.55201
10.53658
10.55777
10.54229
10.56345
10.54804
10.56923
10.55373
10.57492
10.55932
10.58082
10.56507
10.58664
10.57077
10.59238
10.57648
10.59832
10.58214
10.6041
10.58771
10.61
10.59349
10.61579
10.59916
10.6215
10.60487
10.62737
10.61051
10.63315
10.61628
10.63883
10.62192
10.64464
10.62755
10.65051
10.63331
10.65635
10.63901
10.66221
10.64464
10.66808
10.65024
10.6739
10.656
10.67975
10.66167
10.68561
10.6673
10.69146
10.67295
10.69721
10.67868
10.70291
10.68435
10.70896
10.68998
10.71595
10.69568
10.72178
10.70258
10.72749
10.70841
10.73345
10.71414
10.73926
10.71988
10.745
10.72567
10.751
10.7314
10.75681
10.73718
10.7625
10.74285
10.76842
10.74846
10.77423
10.75429
10.77996
10.7599
10.78588
10.76566
10.79178
10.77142
10.79764
10.77721
10.80349
10.78286
10.80925
10.78852
10.81524
10.79438
10.82106
10.8001
10.82692
10.80585
10.83289
10.81162
10.83863
10.81736
10.84475
10.82311
10.85055
10.82891
10.85641
10.83457
10.86213
10.84034
10.86809
10.84841
10.87394
10.85417
10.87972
10.86001
10.88546
10.86573
10.89153
10.87159
10.89728
10.87735
10.90329
10.88306
10.9091
10.88885
10.91504
10.89451
10.92075
10.90044
10.92672
10.90617
10.93248
10.9121
10.93852
10.91788
10.94441
10.92494
10.95015
10.93073
10.95625
10.93661
10.9622
10.94246
10.9681
10.94834
10.9751
10.95426
10.98108
10.96016
10.98687
10.96611
10.99295
10.97198
10.99872
10.97791
11.00491
10.98375
11.01081
10.98973
11.01673
10.99559
11.02251
11.00168
11.02836
11.00749
11.03439
11.01355
11.04034
11.01948
11.04616
11.02529
11.05218
11.03146
11.05915
11.03728
11.06534
11.04324
11.07126
11.04914
11.07707
11.05503
11.08313
11.06109
11.08912
11.06699
11.09504
11.07292
11.10086
11.07906
11.10703
11.08504
11.11291
11.09121
11.11899
11.09711
11.12501
11.10302
11.13104
11.10911
11.1369
11.11578
11.14408
11.12167
11.14992
11.12788
11.15615
11.13381
11.16211
11.1398
11.16824
11.14595
11.17413
11.15186
11.1802
11.15816
11.18626
11.16407
11.19212
11.17029
11.19821
11.17663
11.20419
11.18255
11.21009
11.18928
11.21596
11.19525
11.22187
11.20175
11.2282
11.2077
11.23407
11.2137
11.23996
11.22009
11.24615
11.22614
11.25219
11.23286
11.25837
11.23959
11.26442
11.24565
11.2705
11.25181
11.27679
11.25779
11.28275
11.26451
11.28894
11.27044
11.29506
11.27716
11.30106
11.28305
11.30734
11.28944
11.31331
11.29544
11.31978
11.30196
11.32582
11.30937
11.33183
11.31561
11.33778
11.32233
11.34422
11.32839
11.35036
11.33497
11.3565
11.34097
11.36279
11.34769
11.36874
11.35383
11.37475
11.36046
11.38081
11.36678
11.38721
11.37414
11.39342
11.38086
11.40087
11.38714
11.40706
11.39337
11.41337
11.39997
11.41954
11.40669
11.42559
11.41292
11.43162
11.41964
11.43809
11.42601
11.44411
11.43371
11.45018
11.43991
11.45672
11.44646
11.46287
11.45319
11.47047
11.45934
11.47653
11.46562
11.48254
11.47235
11.48897
11.47907
11.50134
11.48581
11.50745
11.49233
11.51346
11.49886
11.51949
11.50537
11.52552
11.51187
11.53161
11.5183
11.53768
11.5246
11.5441
11.53118
11.55041
11.53747
11.55646
11.54415
11.56265
11.55046
11.56877
11.55699
11.57539
11.56342
11.58162
11.57009
11.58784
11.57655
11.59421
11.58314
11.60034
11.58971
11.60667
11.59638
11.61311
11.60305
11.62069
11.60954
11.62715
11.61626
11.63366
11.62299
11.63996
11.62971
11.64632
11.63644
11.6528
11.64317
11.65909
11.6499
11.66539
11.65662
11.67169
11.66453
11.6783
11.67126
11.68467
11.67798
11.69124
11.68471
11.69778
11.69143
11.70427
11.69816
11.71088
11.70489
11.71743
11.71161
11.72396
11.71835
11.73059
11.72507
11.73698
11.7318
11.74463
11.73852
11.75135
11.74524
11.75795
11.75197
11.76442
11.75869
11.77112
11.76542
11.77783
11.77214
11.7845
11.77887
11.79099
11.78559
11.7977
11.79232
11.80438
11.79904
11.81229
11.80577
11.81893
11.81249
11.82557
11.81922
11.83229
11.82594
11.83894
11.83267
11.84566
11.83939
11.85238
11.84611
11.85909
11.85283
11.8658
11.85956
11.87251
11.86628
11.87923
11.87301
11.88595
11.87974
11.89388
11.88646
11.90059
11.89319
11.90731
11.89992
11.91403
11.90664
11.92074
11.91337
11.92746
11.92009
11.93418
11.92681
11.9409
11.93475
11.94762
11.94147
11.95434
11.9482
11.96105
11.95492
11.96777
11.96165
11.97449
11.96837
11.9812
11.9751
11.98792
11.98183
11.99464
11.98855
12.00136
11.99528
12.00808
12.00201
12.01479
12.00873
12.0215
12.01546
12.02821
12.02218
12.03493
12.02891
12.04165
12.03564
12.04837
12.04238
12.05508
12.0491
12.0618
12.05583
12.06852
12.06256
12.07524
12.06929
12.08196
12.07601
12.08868
12.08274
12.09539
12.08947
12.10211
12.0962
12.10883
12.10293
12.11555
12.10965
12.12226
12.11638
12.12899
12.12311
12.13571
12.12983
12.14243
12.13656
12.14915
12.14328
12.15587
12.15001
12.16259
12.15674
12.16931
12.16346
12.17603
12.17018
12.18275
12.17691
12.18947
12.18363
12.19619
12.19036
12.2029
12.19708
12.20962
12.20381
12.21634
12.21053
12.22306
12.21725
12.22978
12.22397
12.2365
12.2307
12.24322
12.23742
12.24994
12.24414
12.25666
12.25087
12.26338
12.25759
12.2701
12.26431
12.27682
12.27103
12.28354
12.27775
12.29026
12.28447
12.29698
12.29119
12.3037
12.29792
12.31041
12.30464
12.31713
12.31137
12.32385
12.3181
12.33057
12.32482
12.33729
12.33155
12.34401
12.33827
12.35073
12.345
12.35745
12.35174
12.36417
12.35845
12.37089
12.36518
12.37761
12.37191
12.38433
12.37863
12.39105
12.38535
12.39777
12.39208
12.40449
12.39881
12.41121
12.40553
12.41793
12.41226
12.42465
12.41899
12.43137
12.42571
12.43808
12.43244
12.4448
12.43917
12.45152
12.44589
12.45824
12.45262
12.46496
12.45935
12.47169
12.46608
12.47841
12.4728
12.48512
12.47953
12.49184
12.48625
12.49856
12.49298
12.50528
12.49971
12.512
12.50643
12.51871
12.51316
12.52543
12.51988
12.53214
12.5266
12.53886
12.53333
12.54558
12.54005
12.5523
12.54678
12.55902
12.5535
12.56574
12.56022
12.57246
12.56694
12.57918
12.57366
12.5859
12.58039
12.59262
12.58711
12.59934
12.59384
12.60606
12.60056
12.61277
12.60728
12.61949
12.61401
12.62621
12.62074
12.63293
12.62746
12.63965
12.63419
12.64637
12.64091
12.65309
12.64764
12.65981
12.65436
12.66653
12.66109
12.67325
12.66782
12.67997
12.67454
12.68669
12.68127
12.69341
12.68799
12.70014
12.69471
12.70685
12.70143
12.71357
12.70816
12.72029
12.71488
12.72701
12.7216
12.73374
12.72833
12.74046
12.73505
12.74718
12.74178
12.7539
12.7485
12.76061
12.75523
12.76733
12.76195
12.77405
12.76868
12.78077
12.7754
12.78749
12.78212
12.79421
12.78885
12.80093
12.79557
12.80765
12.8023
12.81438
12.80902
12.8211
12.81575
12.82782
12.82247
12.83454
12.8292
12.84245
12.83592
12.84917
12.84265
12.85589
12.84937
12.86261
12.8561
12.86932
12.86282
12.87604
12.86955
12.88276
12.87627
12.88949
12.883
12.89622
12.88972
12.90294
12.89645
12.90966
12.90317
12.91638
12.9099
12.9231
12.91662
12.92982
12.92335
12.93654
12.93008
12.94326
12.9368
12.94998
12.94353
12.9567
12.95026
12.96342
12.95698
12.97015
12.96371
12.97687
12.97044
12.98359
12.97717
12.99031
12.98389
12.99703
12.99061
13.00375
12.99734
13.01048
13.00406
13.0172
13.01078
13.02392
13.01751
13.03063
13.02424
13.03735
13.03097
13.04408
13.03769
13.0508
13.04442
13.05752
13.05114
13.06424
13.05787
13.07096
13.0646
13.07768
13.07132
13.08441
13.07805
13.09112
13.08478
13.09785
13.09151
13.10457
13.09823
13.11129
13.10496
13.11801
13.11168
13.12473
13.1184
13.13145
13.12513
13.13817
13.13185
13.1449
13.13857
13.15162
13.1453
13.15834
13.15202
13.16506
13.15875
13.17178
13.16548
13.1813
13.1722
13.18802
13.17893
13.19474
13.18565
13.20146
13.19238
13.20819
13.19911
13.21491
13.20584
13.22163
13.21257
13.22835
13.21929
13.23507
13.22603
13.24179
13.23276
13.2485
13.24067
13.25522
13.24739
13.26194
13.25412
13.26867
13.26084
13.27539
13.26757
13.2821
13.2743
13.28883
13.28103
13.29555
13.28776
13.30345
13.29449
13.31017
13.30121
13.31689
13.30794
13.32362
13.31467
13.33034
13.3214
13.33706
13.32813
13.34378
13.33486
13.3505
13.34159
13.35722
13.34831
13.36394
13.35503
13.37066
13.36176
13.37738
13.36848
13.3841
13.37521
13.39083
13.38194
13.39755
13.38866
13.40427
13.39538
13.41099
13.40211
13.41771
13.40884
13.42443
13.41557
13.43115
13.4223
13.43787
13.42903
13.4446
13.43576
13.45131
13.44249
13.45804
13.44922
13.46476
13.45595
13.47148
13.46268
13.4782
13.46941
13.48492
13.47614
13.49164
13.48287
13.49836
13.4896
13.50508
13.49633
13.51181
13.50306
13.51971
13.50978
13.52643
13.51651
13.53316
13.52324
13.53988
13.52997
13.5466
13.5367
13.55331
13.54344
13.56003
13.55016
13.56675
13.55689
13.57347
13.56363
13.5802
13.57035
13.58692
13.57708
13.59363
13.585
13.60036
13.59172
13.60708
13.59845
13.6138
13.60518
13.62052
13.6119
13.62724
13.61862
13.63396
13.62535
13.64068
13.63208
13.6474
13.63881
13.65412
13.64554
13.66084
13.65227
13.66756
13.659
13.67428
13.66573
13.68101
13.67246
13.68773
13.67918
13.69446
13.68591
13.70118
13.69265
13.7079
13.69938
13.71462
13.70611
13.72135
13.71284
13.72807
13.71957
13.73479
13.7263
13.74151
13.73303
13.74823
13.73976
13.75495
13.74649
13.76168
13.75323
13.7684
13.75995
13.77512
13.76668
13.78184
13.77341
13.78856
13.78014
13.79528
13.78687
13.802
13.7936
13.80873
13.80033
13.81545
13.80706
13.82217
13.81379
13.82889
13.82052
13.83562
13.82725
13.84234
13.83398
13.84905
13.84071
13.85577
13.84744
13.86249
13.85417
13.8692
13.8609
13.87593
13.86763
13.88265
13.87436
13.88937
13.88109
13.89609
13.88781
13.90281
13.89454
13.90953
13.90127
13.91625
13.908
13.92297
13.91473
13.92969
13.92146
13.93641
13.92819
13.94314
13.93492
13.94986
13.94165
13.95658
13.94838
13.9633
13.95511
13.97002
13.96184
13.97795
13.96857
13.98466
13.9753
13.99139
13.98575
13.99811
13.99247
14.00484
13.9992
14.01156
14.00592
14.01828
14.01265
14.02501
14.01937
14.03173
14.0261
14.03845
14.03283
14.04518
14.03956
14.0519
14.04629
14.05862
14.05302
14.06534
14.05975
14.07207
14.06648
14.07879
14.07321
14.08551
14.07994
14.09224
14.08667
14.09896
14.09341
14.10569
14.10014
14.11241
14.10687
14.11914
14.1136
14.12585
14.12033
14.13257
14.12706
14.13929
14.1338
14.14601
14.14053
14.15273
14.14726
14.15944
14.15399
14.16617
14.16072
14.17288
14.16746
14.17961
14.17419
14.18633
14.18092
14.19305
14.18766
14.19977
14.19439
14.20649
14.20112
14.21321
14.20785
14.21994
14.21458
14.22666
14.22131
14.23339
14.22805
14.24011
14.23477
14.24683
14.24151
14.25356
14.24824
14.26029
14.25497
14.26701
14.26171
14.27373
14.26844
14.28046
14.27517
14.28719
14.2819
14.29391
14.28863
14.30063
14.29536
14.30736
14.3021
14.31408
14.30882
14.3208
14.31554
14.32753
14.32227
14.33425
14.32899
14.34097
14.33572
14.3477
14.34245
14.35442
14.34918
14.36115
14.35591
14.36787
14.36264
14.3746
14.36937
14.38132
14.3761
14.38804
14.38283
14.39477
14.38956
14.40149
14.39629
14.40821
14.40302
14.41495
14.40975
14.42167
14.41649
14.42839
14.42322
14.43512
14.42995
14.44184
14.43667
14.44856
14.4434
14.45529
14.45013
14.46201
14.45686
14.46873
14.4636
14.47546
14.47033
14.48218
14.47706
14.4889
14.48379
14.49562
14.49052
14.50235
14.49725
14.50907
14.50398
14.51579
14.51071
14.52252
14.51744
14.52924
14.52417
14.53596
14.5309
14.54268
14.53763
14.54941
14.54436
14.55613
14.55109
14.56285
14.55782
14.56957
14.56455
14.57629
14.57127
14.58301
14.578
14.58973
14.58473
14.59645
14.59147
14.60318
14.5982
14.60989
14.60493
14.61661
14.61285
14.62333
14.61958
14.63004
14.6263
14.63676
14.63303
14.64349
14.63976
14.65021
14.64649
14.65693
14.65322
14.66365
14.65996
14.67037
14.66669
14.67709
14.67342
14.68382
14.68015
14.69054
14.68689
14.69726
14.69362
14.70398
14.70034
14.7107
14.70708
14.71743
14.71381
14.72415
14.72054
14.73087
14.72727
14.7376
14.734
14.74432
14.74073
14.75104
14.74747
14.75776
14.7542
14.76449
14.76092
14.77121
14.76765
14.77793
14.77438
14.78465
14.78111
14.79138
14.78784
14.7981
14.79457
14.80482
14.80131
14.81155
14.80804
14.81827
14.81477
14.82499
14.8215
14.83172
14.82823
14.83843
14.83496
14.84516
14.84169
14.85188
14.84842
14.8598
14.85515
14.86653
14.86188
14.87325
14.86861
14.87997
14.87534
14.88669
14.88207
14.89341
14.8888
14.90014
14.89553
14.90806
14.90226
14.91598
14.90899
14.9227
14.9194
14.92942
14.92613
14.93614
14.93285
14.94287
14.93958
14.94959
14.94631
14.95632
14.95305
14.96296
14.95978
14.96968
14.96651
14.9764
14.97324
14.98312
14.97997
14.98984
14.98671
14.99777
14.99464
15.00446
15.00137
15.01119
15.0081
15.01791
15.01602
15.02583
15.02395
15.0337
15.03067
15.04033
15.03862
15.047
15.04655
15.05366
15.05328
15.0603
15.06002
15.06694
15.06675
15.07361
15.07348
15.08024
15.08022
15.08693
15.08695
15.09353
15.09651
15.10014
15.10444
15.10677
15.11117
15.11348
15.1179
15.12137
15.12464
15.12802
15.13138
15.13472
15.13811
15.14141
15.14485
15.14813
15.15158
15.15485
15.15832
15.16279
15.16505
15.16949
15.17179
15.17622
15.18136
15.18294
15.18809
15.19086
15.19483
15.19758
15.20156
15.20425
15.2095
15.21097
15.21745
15.2177
15.22538
15.22442
15.23211
15.23108
15.23884
15.2378
15.24558
15.24452
15.25231
15.25125
15.25904
15.25797
15.26577
15.26469
15.27251
15.27141
15.27924
15.27814
15.28597
15.28486
15.2927
15.29158
15.29944
15.29831
15.30616
15.30624
15.31289
15.31295
15.31962
15.31968
15.32635
15.3264
15.33308
15.33313
15.33981
15.34105
15.34653
15.34773
15.35326
15.35438
15.35999
15.36101
15.36672
15.37133
15.37346
15.37792
15.38139
15.38454
15.38812
15.39107
15.39485
15.39886
15.40159
15.40549
15.40832
15.41212
15.41625
15.41869
15.42668
15.42643
15.43341
15.43585
15.44014
15.44244
15.44687
15.44907
15.4548
15.45694
15.46523
15.46363
15.47196
15.4703
15.47869
15.47703
15.48542
15.48371
15.49334
15.49036
15.50007
15.49704
15.5068
15.50372
15.51353
15.51044
15.52027
15.51716
15.527
15.52389
15.53373
15.53061
15.54046
15.53733
15.54718
15.54405
15.55392
15.55078
15.56065
15.5575
15.56738
15.56423
15.57411
15.57215
15.58085
15.58008
15.58758
15.588
15.59432
15.59472
15.60105
15.60144
15.60778
15.60812
15.61572
15.61485
15.62365
15.62274
15.63038
15.62936
15.63711
15.63607
15.64384
15.6427
15.65176
15.64935
15.65849
15.6572
15.66523
15.66383
15.67196
15.67047
15.67988
15.68482
15.68662
15.69147
15.69335
15.69804
15.70009
15.70459
15.70804
15.71226
15.71596
15.72251
15.7264
15.73016
15.73313
15.7402
15.73986
15.74658
15.74658
15.75292
15.75331
15.7592
15.76797
15.7667
15.7747
15.77416
15.78143
15.78043
15.78815
15.78673
15.79488
15.79424
15.80161
15.80174
15.81451
15.80797
15.82123
15.81424
15.82787
15.82057
15.8346
15.82805
15.84133
15.83547
15.84924
15.84293
15.85596
15.8492
15.86269
15.85546
15.86942
15.86545
15.88224
15.87171
15.88897
15.87794
15.89571
15.88418
15.90597
15.89036
15.91261
15.89648
15.91926
15.90256
15.92591
15.90987
15.93243
15.91596
15.93888
15.92206
15.94546
15.92813
15.95824
15.93427
15.96479
15.94413
15.97122
15.95024
15.98638
15.95633
15.99287
15.96245
15.99942
15.98343
16.01456
15.99692
16.02108
16.00304
16.02762
16.02659
16.04278
16.03628
16.04924
16.04344
16.05678
16.04936
16.06434
16.0553
16.0719
16.06237
16.07828
16.06825
16.08455
16.07408
16.09073
16.08607
16.09695
16.09193
16.10314
16.09766
16.1155
16.1071
16.12157
16.11655
16.12767
16.12601
16.13376
16.13177
16.13978
16.13752
16.15198
16.14695
16.15805
16.15267
16.16414
16.15839
16.17643
16.16533
16.18537
16.17107
16.19149
16.17968
16.19761
16.18545
16.20377
16.19122
16.21116
16.20069
16.22597
16.20767
16.23211
16.21468
16.23832
16.22175
16.25321
16.23127
16.25944
16.24286
16.26559
16.24866
16.2802
16.25813
16.28619
16.27417
16.29226
16.27994
16.30698
16.28574
16.31294
16.30763
16.32255
16.31456
16.32852
16.3215
16.3345
16.32842
16.34047
16.33537
16.35384
16.34239
16.35987
16.34818
16.36589
16.35396
16.37811
16.36346
16.38539
16.37044
16.39763
16.3874
16.40487
16.39317
16.41089
16.39894
16.41695
16.41094
16.42668
16.41675
16.43547
16.42254
16.44146
16.4331
16.44747
16.43893
16.45889
16.44477
16.46484
16.45057
16.47078
16.45757
16.47669
16.46339
16.48265
16.46925
16.48977
16.47882
16.49566
16.48469
16.50158
16.49053
16.51117
16.50011
16.517
16.50596
16.52298
16.51469
16.52892
16.5218
16.53611
16.52891
16.54203
16.53603
16.54797
16.54312
16.56511
16.55774
16.57226
16.5636
16.57938
16.56949
16.60098
16.58503
16.60688
16.59951
16.61277
16.60528
16.62618
16.61223
16.63199
16.61915
16.63784
16.62487
16.64491
16.63747
16.65446
16.6469
16.66397
16.65381
16.67352
16.6632
16.68718
16.68945
16.69425
16.69524
16.70385
16.70722
16.71094
16.71434
16.72809
16.72144
16.73406
16.72736
16.74007
16.73329
16.75234
16.7392
16.75842
16.74638
16.7723
16.75853
16.7797
16.76732
16.78959
16.77706
16.79585
16.7868
16.80214
16.7929
16.80845
16.799
16.81595
16.80879
16.82228
16.81491
16.82858
16.84545
16.84853
16.85158
16.8577
16.86641
16.86771
16.87368
16.88265
16.89339
16.88892
16.90066
16.89511
16.90672
16.9201
16.91399
16.9334
16.9238
16.93981
16.92992
16.94621
16.93604
16.96626
16.95086
16.97399
16.9582
16.98421
16.96814
16.99441
16.98546
17.00088
17.00275
17.0074
17.02419
17.02266
17.05885
17.03039
17.0734
17.05036
17.07931
17.05662
17.08516
17.06282
17.09463
17.07748
17.11311
17.08463
17.11877
17.10414
17.12439
17.10996
17.13
17.11573
17.13929
17.13015
17.14486
17.13592
17.15042
17.14166
17.15717
17.15111
17.16273
17.15685
17.16827
17.16259
17.18501
17.16958
17.19056
17.17823
17.20931
17.18773
17.21612
17.2092
17.22544
17.2151
17.23108
17.22101
17.23676
17.24061
17.24361
17.24658
17.24932
17.25257
17.25503
17.26385
17.26858
17.2711
17.27438
17.27718
17.28015
17.28323
17.28965
17.29053
17.29669
17.29662
17.30628
17.30392
17.31334
17.31869
17.32041
17.32478
17.33001
17.3309
17.33594
17.33701
17.34721
17.34593
17.35313
17.36321
17.35906
17.38045
17.3811
17.38779
17.3907
17.39762
17.41039
17.40994
17.41751
17.41722
17.4371
17.42699
17.44297
17.44087
17.44885
17.4482
17.47092
17.46796
17.47681
17.47406
17.48267
17.48009
17.49716
17.49477
17.50303
17.50083
17.51171
17.50685
17.53123
17.52573
17.53706
17.53178
17.55656
17.53781
17.56355
17.56492
17.58307
17.57209
17.59255
17.58907
17.61365
17.59502
17.61942
17.61719
17.65879
17.62433
17.66452
17.65139
17.69613
17.66093
17.70183
17.69542
17.70749
17.70405
17.74636
17.74214
17.7557
17.76049
17.77778
17.76755
17.78331
17.79941
17.78887
17.8087
17.80783
17.83754
17.81454
17.84599
17.83817
17.8719
17.84365
17.87752
17.857
17.88314
17.86621
17.9
17.88544
17.90691
17.89094
17.91381
17.89647
17.92323
17.92321
17.93676
17.93421
17.94373
17.93986
17.95065
17.9455
17.97516
17.96733
17.98217
17.97672
18.00665
18.0035
18.01533
18.01194
18.02481
18.01876
18.04423
18.04302
18.05115
18.04851
18.07304
18.054
18.07863
18.0756
18.08423
18.09633
18.10349
18.11955
18.12348
18.13365
18.13012
18.14273
18.15428
18.15181
18.161
18.17595
18.18174
18.18134
18.18719
18.19655
18.19265
18.2031
18.21426
18.22711
18.22331
18.23244
18.23235
18.23775
18.25638
18.25172
18.26169
18.26066
18.27566
18.2862
18.28093
18.2914
18.28618
18.31525
18.30759
18.34414
18.32395
18.3493
18.33038
18.35448
18.36189
18.38197
18.38925
18.3884
18.42069
18.40481
18.43629
18.41123
18.44281
18.43511
18.46304
18.45568
18.4696
18.46216
18.48356
18.48979
18.48887
18.51362
18.49419
18.52025
18.51517
18.53916
18.53782
18.55807
18.54427
18.56443
18.57066
18.59326
18.57954
18.6112
18.61777
18.62004
18.62577
18.6389
18.64715
18.64406
18.65231
18.66544
18.66992
18.67182
18.6889
18.67981
18.69531
18.68872
18.71673
18.70765
18.72318
18.71656
18.74463
18.73168
18.7536
18.73816
18.77879
18.76723
18.78538
18.79288
18.81949
18.7995
18.84737
18.83819
18.85474
18.8752
18.88154
18.90701
18.91279
18.91627
18.91969
18.93704
18.94571
18.94262
18.95505
18.95847
18.98109
18.96393
18.98664
18.99181
18.99214
18.99835
19.02121
19.01992
19.04991
19.04674
19.05638
19.052
19.06169
19.05725
19.067
19.07278
19.09469
19.07801
19.11737
19.10941
19.14135
19.11748
19.14661
19.13636
19.15188
19.14531
19.17206
19.17581
19.19484
19.18491
19.2231
19.22022
19.25082
19.24714
19.25734
19.26612
19.28499
19.29066
19.29144
19.2959
19.30043
19.30121
19.32154
19.32703
19.32679
19.34596
19.33213
19.37473
19.35734
19.4
19.38311
19.40663
19.40432
19.42473
19.41085
19.43301
19.42901
19.44216
19.44728
19.46129
19.45637
19.46792
19.47498
19.47952
19.48162
19.48872
19.5058
19.5078
19.51409
19.51608
19.53933
19.54172
19.56709
19.56694
19.59812
19.59314
19.62492
19.63055
19.65096
19.63982
19.67018
19.66658
19.67797
19.67527
19.6948
19.69121
19.70043
19.69806
19.70606
19.72211
19.73524
19.75864
19.77297
19.78415
19.79263
19.79105
19.79955
19.81981
19.82614
19.82542
19.83184
19.84526
19.83753
19.86739
19.86707
19.88107
19.88766
19.88791
19.89447
19.91197
19.90812
19.93387
19.92607
19.95031
19.93551
19.95591
19.9449
19.96962
19.9667
19.9753
19.99062
19.98093
19.99907
20.00457
20.01851
20.02738
20.04206
20.03296
20.05146
20.05487
20.0713
20.07166
20.08814
20.08055
20.10491
20.1005
20.11422
20.12223
20.1435
20.12897
20.15026
20.15564
20.17858
20.18983
20.18533
20.20766
20.20824
20.21442
20.21378
20.23523
20.21929
20.25445
20.24428
20.28032
20.27095
20.28945
20.29577
20.31116
20.31656
20.32039
20.32331
20.32961
20.34505
20.35772
20.3506
20.3798
20.35611
20.40825
20.38462
20.43
20.43574
20.45422
20.45288
20.46352
20.45968
20.47022
20.47653
20.4866
20.4833
20.49585
20.49011
20.51747
20.50936
20.52301
20.52709
20.52857
20.53382
20.54739
20.55305
20.56743
20.55848
20.57417
20.58693
20.59479
20.59528
20.60315
20.62735
20.63387
20.63287
20.66063
20.63841
20.66991
20.66909
20.68975
20.67748
20.71147
20.70687
20.74428
20.73728
20.77091
20.74666
20.8056
20.79077
20.81487
20.7965
20.85192
20.82931
20.87394
20.85485
20.89318
20.86424
20.89991
20.8854
20.9266
20.8923
20.9354
20.91419
20.96629
20.92318
20.97552
20.95508
21.00309
20.99088
21.03838
21.00024
21.04391
21.02607
21.04943
21.03455
21.08565
21.0756
21.11377
21.11049
21.14896
21.13912
21.1843
21.16833
21.2071
21.17738
21.21362
21.19441
21.25183
21.22261
21.28006
21.2392
21.30841
21.24832
21.34741
21.27749
21.38016
21.295
21.38952
21.30428
21.41642
21.33538
21.4221
21.36065
21.42777
21.38767
21.44967
21.40825
21.45906
21.41397
21.48441
21.43833
21.50146
21.45647
21.52501
21.48525
21.55325
21.51155
21.58151
21.51733
21.58843
21.52309
21.60485
21.55094
21.62871
21.57086
21.63558
21.5822
21.6674
21.60615
21.6879
21.62978
21.6935
21.63539
21.73182
21.65725
21.76903
21.67899
21.80364
21.71495
21.83225
21.74827
21.86474
21.79745
21.87024
21.81415
21.87576
21.82091
21.90722
21.87456
21.94578
21.90346
21.98263
21.95478
22.02015
21.98505
22.05013
21.9919
22.08786
22.02597
22.12271
22.05928
22.15951
22.0976
22.19362
22.13354
22.22875
22.17257
22.24551
22.19273
22.26329
22.22036
22.28848
22.25685
22.3116
22.29198
22.34518
22.32299
22.38362
22.34722
22.41989
22.35555
22.45273
22.38385
22.4885
22.41869
22.52558
22.4553
22.56512
22.48324
22.59903
22.5148
22.6386
22.61812
22.67435
22.67154
22.70996
22.70322
22.73991
22.72811
22.77575
22.73349
22.80662
22.73884
22.84179
22.77681
22.86864
22.81209
22.87763
22.82112
22.91391
22.85126
22.94671
22.88511
22.97502
22.91164
22.98043
22.92076
22.98581
22.94654
23.00413
22.95311
23.04298
22.98097
23.06456
23.00445
23.09781
23.01266
23.13278
23.04116
23.16494
23.07535
23.17393
23.11666
23.20437
23.1325
23.2285
23.17419
23.23745
23.20167
23.26649
23.23397
23.28447
23.25453
23.29219
23.27161
23.32183
23.27815
23.3283
23.3022
23.35402
23.33499
23.36308
23.35655
23.4012
23.38667
23.4363
23.42358
23.46492
23.45054
23.48751
23.45708
23.49649
23.48289
23.53388
23.50825
23.5669
23.52912
23.60089
23.55222
23.60759
23.55877
23.63752
23.58759
23.66776
23.63056
23.70591
23.71973
23.74027
23.72884
23.77336
23.7601
23.79981
23.78154
23.80883
23.78818
23.84797
23.81794
23.88109
23.83845
23.917
23.87799
23.95377
23.90344
23.98921
23.91257
24.02264
24.01057
24.06183
24.04087
24.08836
24.07254
24.10361
24.10422
24.13716
24.13497
24.17145
24.14334
24.19691
24.16641
24.2198
24.17552
24.22627
24.21226
24.25827
24.23998
24.29379
24.24904
24.31942
24.2872
24.35361
24.31637
24.38746
24.35071
24.41474
24.37899
24.42369
24.4122
24.44951
24.43206
24.45473
24.45483
24.47503
24.48468
24.48394
24.49363
24.50385
24.51462
24.51793
24.53405
24.52439
24.54297
24.54836
24.56275
24.5668
24.57717
24.5732
24.58246
24.60084
24.58771
24.633
24.61072
24.6594
24.61975
24.69502
24.64379
24.73195
24.66285
24.76788
24.7
24.80345
24.72483
24.83847
24.76356
24.8741
24.78603
24.9021
24.82328
24.90862
24.85556
24.94634
24.88876
24.97522
24.92288
25.00326
24.96078
25.03979
24.9959
25.07354
25.03117
25.10899
25.06674
25.14218
25.09939
25.17286
25.13423
25.20934
25.1707
25.24681
25.20765
25.27711
25.21614
25.30465
25.24545
25.33255
25.26706
25.3391
25.27372
25.37496
25.30776
25.40491
25.33838
25.43721
25.37265
25.47415
25.41641
25.5066
25.44773
25.54373
25.48055
25.57773
25.48969
25.58429
25.52398
25.62114
25.54795
25.65337
25.61096
25.68021
25.64678
25.68783
25.65343
25.72406
25.6897
25.73059
25.72433
25.76638
25.76234
25.79806
25.76876
25.80692
25.80514
25.84427
25.83392
25.86719
25.8391
25.90246
25.86584
25.92131
25.87402
25.95585
25.91532
25.98794
25.93666
25.99563
25.95296
26.03248
25.98394
26.05644
25.99029
26.06397
25.99916
26.09274
26.02809
26.10049
26.06987
26.13432
26.09527
26.16871
26.10325
26.18662
26.13655
26.19298
26.14172
26.2293
26.14687
26.26712
26.17048
26.2872
26.17851
26.2936
26.19994
26.32971
26.22134
26.33858
26.25432
26.36217
26.2895
26.36857
26.32086
26.40201
26.34481
26.40839
26.36214
26.44217
26.36858
26.46474
26.395
26.4699
26.41852
26.47506
26.44493
26.49894
26.45268
26.52697
26.4815
26.53498
26.48673
26.55168
26.51069
26.55805
26.51929
26.57394
26.54673
26.595
26.55567
26.61891
26.57961
26.62528
26.6149
26.66172
26.64376
26.68938
26.64905
26.72689
26.67927
26.75466
26.68826
26.77855
26.71956
26.78747
26.7567
26.82346
26.79326
26.85043
26.80092
26.85934
26.82566
26.89196
26.83613
26.89964
26.86765
26.92415
26.90147
26.95169
26.92546
26.95811
26.94949
26.99136
26.95722
26.99781
26.983
27.02592
26.98951
27.05365
27.00725
27.07593
27.04201
27.10814
27.04989
27.14605
27.07357
27.18115
27.08196
27.21699
27.1188
27.25217
27.15475
27.26127
27.19383
27.29046
27.23183
27.31706
27.2646
27.33011
27.28523
27.33539
27.30808
27.34066
27.3388
27.3659
27.36914
27.39016
27.40013
27.39661
27.40664
27.43002
27.4376
27.46298
27.466
27.50067
27.49989
27.52723
27.52369
27.5486
27.55174
27.57375
27.58887
27.59581
27.61057
27.60255
27.64278
27.63322
27.66419
27.65325
27.69739
27.65842
27.73438
27.69658
27.77131
27.72558
27.80604
27.73202
27.81367
27.76742
27.84271
27.80216
27.84797
27.80854
27.85323
27.84266
27.88511
27.87506
27.92121
27.90674
27.95629
27.93679
27.98227
27.94478
27.99126
27.97988
28.03031
27.9888
28.05511
28.01772
28.09201
28.05213
28.12483
28.08554
28.15793
28.1181
28.17566
28.15517
28.18374
28.17903
28.20272
28.18547
28.22609
28.21155
28.23511
28.24936
28.26761
28.27585
28.28803
28.30554
28.31028
28.33137
28.31676
28.35302
28.33694
28.36199
28.34507
28.39812
28.37417
28.43054
28.41058
28.46628
28.43865
28.50342
28.47435
28.51254
28.50217
28.54409
28.5389
28.57696
28.57512
28.61009
28.61072
28.64212
28.63553
28.68023
28.67252
28.71177
28.71055
28.75028
28.74604
28.75839
28.77602
28.79304
28.78263
28.8288
28.81349
28.8577
28.84519
28.89767
28.89103
28.92834
28.92291
28.95541
28.94394
28.97752
28.95071
29.01289
29.00201
29.04004
29.03282
29.07478
29.06402
29.09269
29.09104
29.12802
29.10043
29.13706
29.13201
29.1698
29.16635
29.2044
29.20305
29.23093
29.23734
29.26694
29.2756
29.30544
29.31191
29.33336
29.34681
29.34233
29.38043
29.37173
29.40717
29.37821
29.44
29.40416
29.44904
29.41236
29.47791
29.44375
29.48689
29.45261
29.50472
29.47476
29.50992
29.4799
29.53148
29.48507
29.56701
29.52036
29.59552
29.55207
29.62311
29.58832
29.6295
29.61672
29.66721
29.62311
29.69871
29.65339
29.72215
29.68884
29.73265
29.72426
29.77079
29.75921
29.80719
29.78716
29.84254
29.79245
29.87595
29.82178
29.90647
29.85436
29.92155
29.88982
29.95179
29.92092
29.98619
29.95505
30.05484
29.98793
30.08245
30.01014
30.09146
30.04379
30.12454
30.08047
30.15829
30.11618
30.18714
30.15205
30.22092
30.18723
30.25649
30.21813
30.29047
30.25562
30.32405
30.2922
30.36242
30.32806
30.39951
30.36298
30.4283
30.39532
30.46634
30.42849
30.50188
30.46058
30.53786
30.46689
30.57205
30.49723
30.59514
30.50608
30.63287
30.54287
30.66792
30.57589
30.70181
30.58479
30.7407
30.61757
30.74712
30.6405
30.78218
30.64936
30.81293
30.68432
30.81817
30.72073
30.8549
30.75672
30.89071
30.79386
30.92616
30.82953
30.95935
30.86368
30.99287
30.89543
31.03139
30.90301
31.05725
30.93907
31.06619
30.97309
31.10181
31.00841
31.13823
31.04429
31.16858
31.08075
31.17764
31.11992
31.20789
31.15457
31.23721
31.19161
31.31213
31.22534
31.3468
31.26364
31.38255
31.29701
31.41818
31.33252
31.45493
31.37053
31.49347
31.40747
31.53107
31.44255
31.5609
31.47405
31.59835
31.50668
31.63126
31.5438
31.6689
31.57886
31.70331
31.61228
31.74611
31.64545
31.78335
31.68226
31.81615
31.71789
31.84594
31.7539
31.85508
31.78331
31.89182
31.81015
31.92663
31.84534
31.96052
31.87488
31.99575
31.91095
32.02409
31.9475
32.05997
31.97939
32.06863
32.01436
32.10219
32.05368
32.13917
32.06123
32.17458
32.09425
32.21199
32.13478
32.24758
32.17167
32.2804
32.20331
32.3119
32.23271
32.34901
32.26651
32.38123
32.30383
32.41899
32.31826
32.4545
32.34335
32.488
32.37572
32.5237
32.40941
32.55942
32.44249
32.59447
32.47721
32.63091
32.51511
32.66441
32.55056
32.70216
32.58242
32.73472
32.61812
32.76997
32.65227
32.77887
32.68859
32.8148
32.7248
32.84921
32.75607
32.88604
32.79039
32.9198
32.8265
32.94701
32.86077
32.97945
32.8672
33.0182
32.89306
33.05332
32.9281
33.08336
32.96149
33.11711
32.99636
33.14356
33.02644
33.14986
33.03279
33.18352
33.05775
33.21301
33.06288
33.22185
33.06796
33.25834
33.09809
33.26343
33.13
33.28938
33.16461
33.31324
33.19113
33.33944
33.21294
33.37405
33.23905
33.40799
33.27111
33.44046
33.30595
33.4786
33.3148
33.51458
33.34985
33.54987
33.38564
33.58694
33.42001
33.61429
33.4578
33.64837
33.48837
33.68071
33.52366
33.68951
33.55697
33.71812
33.58865
33.75075
33.61889
33.77666
33.65525
33.8176
33.69232
33.84529
33.72963
33.85419
33.76665
33.8866
33.80312
33.91642
33.81197
33.95307
33.84682
33.99129
33.87437
34.01274
33.91175
34.03764
33.9463
34.07529
33.9804
34.10929
34.01754
34.14642
34.05236
34.17907
34.08524
34.21605
34.12279
34.25085
34.15913
34.28779
34.18652
34.32512
34.19535
34.35674
34.23414
34.38918
34.26922
34.39799
34.30353
34.43341
34.33978
34.44229
34.37682
34.48002
34.40821
34.50805
34.43765
34.54215
34.44649
34.57987
34.48413
34.60786
34.50282
34.64489
34.53914
34.67799
34.56632
34.71401
34.58642
34.74566
34.60644
34.77944
34.64418
34.78832
34.6755
34.80868
34.6991
34.8162
34.70419
34.84567
34.73404
34.8535
34.76825
34.88253
34.80348
34.88888
34.8375
34.91931
34.87552
34.94328
34.90561
34.95175
34.91441
34.97849
34.9458
35.01595
34.95213
35.0518
34.98098
35.08686
34.9873
35.11673
35.02068
35.12555
35.05634
35.16286
35.08764
35.2006
35.10361
35.22626
35.11246
35.26089
35.13456
35.26844
35.16417
35.30221
35.19611
35.32675
35.23212
35.35323
35.26894
35.39152
35.30262
35.42954
35.31036
35.46645
35.3446
35.50261
35.35352
35.53877
35.38863
35.5731
35.42282
35.60958
35.46056
35.64526
35.49529
35.67918
35.53094
35.71516
35.56184
35.74644
35.59895
35.78409
35.63591
35.81922
35.66732
35.84256
35.70474
35.84911
35.74228
35.88494
35.77947
35.92175
35.81394
35.94469
35.84133
35.98721
35.87519
36.00959
35.90652
36.04345
35.94232
36.10183
35.98106
36.13826
36.01574
36.14675
36.05134
36.1782
36.06018
36.18467
36.09633
36.22052
36.13153
36.25634
36.16526
36.29538
36.19628
36.33274
36.23181
36.36988
36.26358
36.40416
36.2985
36.43489
36.32727
36.46739
36.35506
36.50155
36.38146
36.5301
36.41294
36.56763
36.44761
36.60487
36.48265
36.63895
36.5195
36.67499
36.5539
36.71237
36.59064
36.74709
36.62587
36.78071
36.66198
36.81968
36.69494
36.85319
36.73271
36.89038
36.76818
36.92939
36.80333
36.96377
36.8391
37.00023
36.87721
37.03707
36.9136
37.0737
36.9491
37.11073
36.98461
37.1459
37.0188
37.18275
37.0534
37.21441
37.08658
37.24587
37.12308
37.28225
37.15471
37.31768
37.1875
37.35397
37.22646
37.38741
37.23533
37.42182
37.26931
37.45916
37.30268
37.49573
37.33732
37.52995
37.37219
37.56661
37.40659
37.60286
37.44372
37.63842
37.47945
37.67719
37.51625
37.7149
37.55074
37.74856
37.58967
37.75748
37.62629
37.79781
37.6601
37.83513
37.69517
37.87154
37.73186
37.9072
37.76794
37.94088
37.80153
37.98004
37.83895
38.01424
37.87038
38.0524
37.90556
38.08494
37.94214
38.12162
37.97589
38.15829
38.01261
38.18093
38.04984
38.21951
38.08402
38.25579
38.1179
38.28861
38.1543
38.3275
38.1894
38.35897
38.22281
38.39273
38.23031
38.43017
38.26383
38.46202
38.30053
38.49712
38.33413
38.53612
38.37186
38.57292
38.40873
38.61158
38.44387
38.645
38.46743
38.68081
38.47531
38.71432
38.50719
38.74835
38.54376
38.75476
38.57704
38.78981
38.60857
38.82291
38.64316
38.85777
38.67963
38.92662
38.71214
38.95312
38.74133
38.96198
38.77838
38.99266
38.8099
39.0015
38.81503
39.03686
38.84743
39.06647
38.88121
39.10436
38.91351
39.1415
38.94627
39.17271
38.98291
39.20643
39.01545
39.21397
39.04775
39.24378
39.07289
39.28025
39.10803
39.30531
39.14202
39.34056
39.1788
39.37648
39.2103
39.40734
39.24282
39.439
39.2758
39.47702
39.31072
39.51132
39.3458
39.54133
39.38213
39.54768
39.41515
39.58063
39.44285
39.61707
39.44924
39.65301
39.48507
39.68766
39.5206
39.71746
39.55499
39.74938
39.58694
39.77113
39.6205
39.79705
39.65312
39.83558
39.6855
39.86864
39.72121
39.8984
39.75399
39.90733
39.78511
39.92941
39.81832
39.96397
39.85209
39.99277
39.88715
40.02677
39.91462
40.06211
39.92246
40.09875
39.95902
40.13122
39.99617
40.16944
40.02802
40.20711
40.06294
40.23992
40.09922
40.27289
40.13723
40.30695
40.17461
40.34467
40.21227
40.37978
40.21867
40.41837
40.24911
40.44482
40.28811
40.47763
40.32476
40.51545
40.36052
40.55397
40.39386
40.5891
40.42588
40.6201
40.4611
40.65778
40.49796
40.69053
40.53523
40.7285
40.54302
40.76048
40.58182
40.79638
40.61415
40.8332
40.65176
40.86618
40.68667
40.90312
40.72651
40.93353
40.75792
40.96817
40.79034
41.00141
40.82518
41.03776
40.8598
41.07264
40.8969
41.10947
40.93036
41.13994
40.96476
41.17476
41.0006
41.21317
41.03729
41.25083
41.07234
41.28513
41.10843
41.32133
41.14017
41.35394
41.17746
41.39333
41.21695
41.42997
41.25414
41.4702
41.29367
41.50619
41.32626
41.53743
41.36259
41.57642
41.39711
41.60882
41.43127
41.64239
41.46231
41.67683
41.49814
41.70906
41.53321
41.74534
41.56881
41.78011
41.60699
41.81863
41.64322
41.85695
41.67582
41.89169
41.71151
41.92817
41.74727
41.96224
41.78431
41.9958
41.81601
42.02974
41.8513
42.06624
41.88889
42.09993
41.92249
42.1327
41.95859
42.17039
41.99465
42.20502
42.03068
42.24038
42.06665
42.27823
42.09993
42.31143
42.13486
42.34771
42.17163
42.38167
42.21094
42.41744
42.23851
42.45251
42.27429
42.49018
42.30901
42.52648
42.34205
42.53541
42.3783
42.57274
42.41418
42.60871
42.44982
42.64674
42.48468
42.68148
42.51923
42.71794
42.55903
42.75564
42.59483
42.79282
42.6228
42.82649
42.65788
42.86029
42.66667
42.86912
42.70053
42.90345
42.73697
42.94128
42.77259
42.97905
42.80539
43.01579
42.83927
43.04948
42.87753
43.08442
42.91393
43.12192
42.94796
43.15669
42.97911
43.19269
43.01611
43.22797
43.05326
43.2647
43.08989
43.30493
43.12448
43.34096
43.15884
43.37686
43.1949
43.41038
43.23375
43.44825
43.27133
43.48603
43.30792
43.52341
43.34149
43.55928
43.37637
43.59385
43.41326
43.62615
43.45028
43.66525
43.48612
43.70082
43.52164
43.73738
43.56081
43.77318
43.59893
43.8133
43.63605
43.85104
43.67318
43.88753
43.70772
43.92402
43.7439
43.95957
43.77921
43.99391
43.81356
44.02962
43.85263
44.06616
43.88837
44.10309
43.92502
44.1399
43.95939
44.17599
43.99495
44.21504
44.03173
44.24653
44.06556
44.28012
44.10048
44.31977
44.13617
44.34924
44.17149
44.38596
44.20932
44.42134
44.24168
44.45653
44.27533
44.49424
44.31361
44.52755
44.34724
44.56322
44.38406
44.59579
44.41879
44.63404
44.45332
44.67051
44.48837
44.7035
44.52184
44.73958
44.55913
44.77291
44.59445
44.80981
44.63199
44.84385
44.66796
44.88022
44.70533
44.91638
44.73885
44.94801
44.77417
44.98468
44.80852
45.02137
44.8456
45.05481
44.88086
45.08951
44.91752
45.12406
44.95345
45.16311
44.99098
45.19604
45.02611
45.23153
45.06132
45.26803
45.09588
45.30186
45.12773
45.33615
45.16241
45.37232
45.20028
45.40875
45.23504
45.44658
45.27305
45.48209
45.30907
45.51929
45.3455
45.55656
45.37937
45.59005
45.41199
45.62759
45.44746
45.66532
45.48473
45.69852
45.51693
45.73682
45.55773
45.77465
45.59261
45.81289
45.63088
45.84784
45.66972
45.88088
45.70369
45.9152
45.73881
45.95367
45.77128
45.98401
45.8068
46.01697
45.8429
46.05144
45.87786
46.08903
45.91264
46.12264
45.94785
46.15878
45.9856
46.19282
46.02297
46.23098
46.05851
46.2658
46.09024
46.3
46.1239
46.3357
46.16271
46.36767
46.20041
46.40337
46.23406
46.43853
46.26958
46.47791
46.30463
46.50833
46.33983
46.54717
46.37786
46.58295
46.41435
46.61597
46.45075
46.64964
46.48888
46.68832
46.52452
46.72637
46.56276
46.7606
46.59795
46.79711
46.6329
46.83361
46.66631
46.87005
46.7045
46.90145
46.73832
46.9352
46.77496
46.96989
46.80853
47.0054
46.84419
47.04226
46.87959
47.07648
46.91747
47.14607
46.95628
47.18411
46.9896
47.21402
47.02238
47.25119
47.05754
47.28837
47.09669
47.32376
47.1324
47.35801
47.16888
47.39322
47.20357
47.43072
47.24119
47.46661
47.27813
47.50141
47.31663
47.53772
47.34974
47.56889
47.38574
47.60604
47.42171
47.64512
47.45844
47.68013
47.49569
47.71254
47.53149
47.74665
47.56764
47.78316
47.60556
47.81814
47.64237
47.84746
47.67818
47.88449
47.71346
47.91885
47.75105
47.95296
47.78876
47.9912
47.82236
48.02784
47.85756
48.06302
47.89127
48.09568
47.9262
48.13098
47.96311
48.16918
48.00105
48.20015
48.03745
48.23706
48.07451
48.2705
48.10881
48.30515
48.14614
48.3426
48.18096
48.37468
48.21326
48.41328
48.24941
48.44755
48.28256
48.48043
48.31963
48.51598
48.35838
48.54718
48.39276
48.58408
48.42907
48.61894
48.4631
48.65668
48.49601
48.69252
48.53267
48.72293
48.56852
48.76174
48.60577
48.79694
48.64239
48.8349
48.67912
48.87771
48.7164
48.91058
48.75227
48.94886
48.78756
48.98099
48.82188
49.01697
48.85737
49.0535
48.89497
49.08775
48.93406
49.12485
48.96972
49.16067
49.00495
49.19356
49.04073
49.22984
49.07898
49.26285
49.11463
49.30233
49.15143
49.34083
49.18814
49.37535
49.22576
49.41181
49.25957
49.44394
49.2948
49.47647
49.33218
49.51337
49.36858
49.54842
49.40649
49.58755
49.44361
49.62272
49.47643
49.65612
49.51564
49.69519
49.55383
49.73193
49.59021
49.76966
49.62648
49.80745
49.66556
49.84579
49.70472
49.88241
49.74085
49.91753
49.7765
49.95422
49.81393
49.99257
49.84951
50.02711
49.88932
50.06519
49.92721
50.1
49.96429
50.13889
50.00216
50.17543
50.0383
50.21307
50.0754
50.24721
50.11316
50.28416
50.15115
50.31992
50.18661
50.35465
50.22284
50.39064
50.2588
50.42631
50.29008
50.4607
50.32739
50.49774
50.36533
50.533
50.40081
50.57167
50.4381
50.608
50.47758
50.64445
50.5152
50.68115
50.55229
50.71702
50.5883
50.75215
50.62392
50.78974
50.65961
50.82333
50.69626
50.85591
50.7344
50.89161
50.76966
50.92808
50.80614
50.96234
50.84237
50.99901
50.88189
51.03685
50.9196
51.0727
50.95537
51.10848
50.98948
51.14405
51.02748
51.18177
51.06089
51.19076
51.09858
51.22636
51.13401
51.25885
51.17239
51.29799
51.21299
51.33434
51.25119
51.37205
51.28968
51.41044
51.32606
51.44847
51.36331
51.48699
51.39959
51.5229
51.43612
51.55936
51.47529
51.59612
51.50983
51.63207
51.54938
51.67031
51.58864
51.70661
51.62843
51.74569
51.66756
51.78012
51.70287
51.81842
51.74138
51.85541
51.77756
51.89071
51.81416
51.92623
51.89005
51.9644
51.92695
51.99929
51.96598
52.03696
52.00235
52.07457
52.04018
52.11244
52.07586
52.14726
52.11485
52.18343
52.152
52.21825
52.18586
52.25243
52.22384
52.28912
52.25674
52.326
52.2957
52.3618
52.33385
52.40004
52.37065
52.43824
52.40639
52.47248
52.44383
52.50474
52.48359
52.54333
52.51984
52.58104
52.55591
52.61481
52.5931
52.6527
52.63108
52.69012
52.66985
52.72677
52.7093
52.76441
52.74736
52.80307
52.78524
52.84153
52.82275
52.87663
52.85984
52.91513
52.89807
52.9542
52.93345
52.98922
52.97187
53.02641
53.01036
53.06429
53.04935
53.10335
53.08766
53.13842
53.12665
53.17645
53.16331
53.21561
53.2013
53.24731
53.2397
53.28394
53.27565
53.32176
53.31464
53.35619
53.34932
53.39536
53.38684
53.43332
53.42593
53.47273
53.46334
53.50951
53.50213
53.54705
53.53807
53.5855
53.57629
53.6213
53.6138
53.65785
53.6534
53.69635
53.69197
53.73039
53.72921
53.76674
53.75795
53.80196
53.79395
53.84053
53.83175
53.87586
53.8707
53.91269
53.90489
53.94801
53.94262
53.98301
53.98063
54.02202
54.0171
54.06039
54.05594
54.09827
54.0938
54.13487
54.12659
54.16693
54.16153
54.20414
54.19799
54.23898
54.23835
54.27514
54.27352
54.31436
54.31119
54.35032
54.35025
54.38939
54.38987
54.42728
54.42814
54.4663
54.46747
54.50303
54.50259
54.53791
54.53957
54.57407
54.57434
54.60896
54.61175
54.64262
54.64757
54.67839
54.68564
54.71527
54.72171
54.75262
54.75824
54.78894
54.79495
54.8253
54.83395
54.86299
54.87064
54.90119
54.90917
54.93887
54.94635
54.97469
54.98268
55.00741
55.0179
55.04518
55.05537
55.07932
55.09016
55.1144
55.12336
55.15088
55.16237
55.18538
55.20139
55.2254
55.23511
55.25887
55.26457
55.29549
55.3006
55.32983
55.33098
55.36488
55.36222
55.39899
55.39793
55.43326
55.43444
55.4709
55.4693
55.50953
55.50394
55.54338
55.54044
55.58046
55.5764
55.61689
55.61166
55.6548
55.64904
55.69156
55.687
55.72903
55.72598
55.76553
55.76338
55.80157
55.77238
55.83917
55.81021
55.87685
55.84802
55.91369
55.88431
55.95133
55.9216
55.98573
55.95427
56.023
55.99015
56.05608
56.02817
56.09457
56.06618
56.13227
56.10386
56.17047
56.1433
56.21085
56.18095
56.24846
56.219
56.28273
56.24907
56.32197
56.28702
56.35855
56.32602
56.39375
56.36117
56.42759
56.39997
56.46684
56.43692
56.50353
56.47335
56.54181
56.50858
56.57611
56.54361
56.61234
56.58119
56.65046
56.61851
56.68681
56.65764
56.72458
56.69608
56.76374
56.73467
56.80157
56.77353
56.84079
56.81031
56.8753
56.84554
56.91358
56.88063
56.94924
56.91817
56.9838
56.95635
57.02303
56.99197
57.0606
57.02652
57.09846
57.06626
57.13382
57.10482
57.16983
57.14193
57.20494
57.1777
57.24358
57.21378
57.27907
57.2514
57.31658
57.28888
57.35458
57.32665
57.39393
57.40377
57.43143
57.44145
57.47066
57.4787
57.50581
57.51743
57.54457
57.55088
57.58092
57.58741
57.61779
57.62438
57.65313
57.66322
57.69057
57.70166
57.73031
57.73804
57.76757
57.77717
57.80515
57.81482
57.8434
57.85131
57.88059
57.88706
57.91746
57.92318
57.95196
57.9615
57.99042
57.99952
58.02762
58.03542
58.06593
58.07223
58.10247
58.1115
58.13918
58.14859
58.17835
58.18669
58.2156
58.2238
58.25037
58.25887
58.28697
58.29626
58.3246
58.33409
58.36378
58.37033
58.39817
58.4083
58.43731
58.44415
58.47406
58.4817
58.5115
58.51953
58.54723
58.55518
58.5819
58.59261
58.61696
58.62935
58.65537
58.66581
58.69198
58.70361
58.72835
58.73336
58.76216
58.77076
58.79706
58.77965
58.83603
58.8187
58.87349
58.85648
58.90821
58.89451
58.94449
58.93201
58.97976
58.96872
59.01658
59.00757
59.05402
59.04241
59.09259
59.08017
59.13093
59.11794
59.17002
59.15702
59.20781
59.19024
59.24379
59.22337
59.27999
59.25989
59.32081
59.29817
59.35463
59.33379
59.39185
59.37161
59.43059
59.40942
59.47061
59.44784
59.50829
59.48856
59.54933
59.52782
59.58842
59.56502
59.62554
59.64241
59.66441
59.68154
59.70144
59.71942
59.73774
59.75664
59.77572
59.79462
59.81644
59.833
59.8553
59.86857
59.8928
59.90709
59.93174
59.94641
59.97168
59.98467
60.00845
60.0239
60.04829
60.06199
60.08753
60.10141
60.12656
60.14066
60.16618
60.18016
60.20529
60.21965
60.24238
60.25677
60.2807
60.29517
60.32047
60.33348
60.35892
60.37066
60.39623
60.41095
60.43538
60.4499
60.46955
60.48664
60.50548
60.52579
60.54591
60.56517
60.58468
60.60337
60.6227
60.63889
60.66006
60.67538
60.69887
60.71518
60.73602
60.75445
60.77408
60.79398
60.8148
60.83198
60.84961
60.86847
60.88816
60.90601
60.92322
60.94019
60.96083
60.9789
60.99812
61.01593
61.03528
61.05426
61.07333
61.09192
61.11156
61.13263
61.15162
61.17186
61.19083
61.2106
61.22874
61.24844
61.26695
61.28535
61.30292
61.32107
61.33913
61.36016
61.37486
61.39944
61.41206
61.43634
61.44968
61.47485
61.48918
61.51381
61.52435
61.55146
61.56279
61.58909
61.60046
61.62688
61.63972
61.66369
61.67356
61.7028
61.7143
61.74247
61.75131
61.78169
61.78936
61.8207
61.82734
61.85918
61.86637
61.89835
61.90702
61.9376
61.94531
61.97519
61.98311
62.01308
62.01834
62.05046
62.05405
62.0769
62.09051
62.11351
62.12729
62.14999
62.1646
62.1874
62.20172
62.21983
62.23839
62.25127
62.24474
62.28918
62.28249
62.32613
62.31033
62.36001
62.34809
62.3918
62.38125
62.42897
62.4175
62.46631
62.45528
62.50256
62.52634
62.543
62.56403
62.57908
62.60312
62.61699
62.6416
62.65608
62.6797
62.69437
62.71822
62.7295
62.75249
62.76708
62.79163
62.8053
62.8272
62.84292
62.86599
62.88217
62.90369
62.92064
62.94203
62.95758
62.98107
62.99637
63.01944
63.03379
63.05959
63.07217
63.0967
63.11136
63.13532
63.15038
63.17385
63.18556
63.21099
63.22648
63.25036
63.26583
63.28983
63.30441
63.32954
63.34252
63.36753
63.38363
63.40744
63.41751
63.44497
63.45636
63.48558
63.49669
63.52504
63.53593
63.56384
63.57335
63.60201
63.61123
63.64156
63.64804
63.67859
63.68732
63.71666
63.72532
63.75452
63.7646
63.79361
63.80347
63.83189
63.84024
63.87112
63.8796
63.90823
63.91872
63.94642
63.95795
63.98592
63.9945
64.02052
64.0316
64.09598
64.06463
64.13245
64.10139
64.1665
64.13685
64.20204
64.17228
64.24167
64.20857
64.27807
64.24616
64.31689
64.28535
64.35486
64.31956
64.39095
64.3575
64.42851
64.39674
64.46487
64.43521
64.50246
64.47401
64.54213
64.51296
64.58147
64.55084
64.62054
64.58902
64.66153
64.62828
64.69972
64.66756
64.73729
64.70365
64.77363
64.74445
64.81414
64.7833
64.85329
64.8207
64.89254
64.85929
64.93135
64.89857
64.96949
64.93503
65.0075
64.97536
65.04827
65.01464
65.08748
65.053
65.12548
65.0893
65.16237
65.12753
65.19939
65.16119
65.23676
65.20032
65.27478
65.24023
65.31482
65.27768
65.35227
65.31305
65.38692
65.35208
65.42476
65.39249
65.46526
65.42999
65.50188
65.47078
65.539
65.50344
65.57512
65.54185
65.61135
65.57981
65.64537
65.61758
65.68186
65.65574
65.72179
65.66461
65.76009
65.70127
65.79866
65.74104
65.83609
65.77763
65.84505
65.78659
65.88428
65.82502
65.91393
65.86177
65.94978
65.8996
65.98783
65.93736
66.02314
65.97427
66.06387
66.0122
66.09946
66.04838
66.13947
66.08405
66.17818
66.12321
66.21374
66.16206
66.25134
66.19975
66.28796
66.23637
66.32642
66.27546
66.36525
66.31405
66.40288
66.35319
66.43961
66.39117
66.47758
66.42867
66.51291
66.46587
66.54944
66.50478
66.58772
66.5457
66.62725
66.58278
66.6666
66.62209
66.70583
66.66278
66.74258
66.70177
66.78087
66.74194
66.82169
66.78114
66.86108
66.81995
66.89838
66.85675
66.93764
66.89462
66.97711
66.93401
67.01624
66.97338
67.05724
67.01178
67.09559
67.05115
67.13323
67.08907
67.17203
67.12926
67.21102
67.16765
67.25008
67.206
67.28821
67.24461
67.32546
67.28367
67.36329
67.32178
67.4035
67.35982
67.44148
67.39869
67.48163
67.43643
67.51861
67.47438
67.55708
67.51237
67.59578
67.5498
67.63397
67.58831
67.67144
67.62866
67.71076
67.66778
67.7494
67.70682
67.78719
67.74597
67.82649
67.78508
67.86565
67.82338
67.9029
67.86265
67.94117
67.9017
67.98048
67.94
68.01612
67.97946
68.05692
68.01863
68.09627
68.05817
68.13303
68.09716
68.17155
68.13686
68.21169
68.17361
68.24983
68.21447
68.28725
68.25214
68.32698
68.29062
68.36371
68.32986
68.40272
68.36923
68.44193
68.4082
68.48055
68.44622
68.56083
68.4851
68.59856
68.52361
68.63703
68.56149
68.67397
68.59908
68.71252
68.63979
68.7497
68.67767
68.78648
68.71629
68.82446
68.7532
68.86279
68.79273
68.90362
68.832
68.94215
68.86861
68.97814
68.90701
69.01688
68.94566
69.05447
68.98219
69.09264
69.02035
69.12849
69.05835
69.16738
69.09624
69.20583
69.13563
69.24522
69.17508
69.28461
69.21372
69.32355
69.25204
69.36245
69.29195
69.4006
69.33151
69.44013
69.37116
69.47964
69.41119
69.51716
69.45045
69.55832
69.49097
69.59798
69.5305
69.63916
69.57145
69.67816
69.61095
69.71915
69.65195
69.75854
69.68983
69.79946
69.72926
69.83757
69.76859
69.87595
69.80958
69.91532
69.84743
69.9547
69.88687
69.99593
69.92628
70.03442
69.96555
70.07533
70.00478
70.11459
70.04401
70.15362
70.08212
70.19209
70.12056
70.23024
70.15941
70.2686
70.19879
70.30798
70.23681
70.34618
70.27599
70.38425
70.3142
70.42259
70.35316
70.46228
70.39097
70.4998
70.42895
70.53886
70.46861
70.57818
70.50629
70.61608
70.54604
70.65517
70.58263
70.69426
70.61922
70.72956
70.65728
70.76855
70.69516
70.80836
70.73251
70.84364
70.77168
70.8816
70.81039
70.92036
70.84971
70.95953
70.88766
70.99831
70.92519
71.03744
70.96381
71.07526
71.00246
71.11201
71.04012
71.1501
71.07758
71.18771
71.11193
71.22247
71.15065
71.25238
71.187
71.28967
71.2266
71.32647
71.26434
71.36363
71.30273
71.44112
71.34023
71.47795
71.37774
71.51591
71.41568
71.55244
71.45236
71.59058
71.49005
71.62943
71.52631
71.7056
71.56505
71.74368
71.60429
71.7806
71.64202
71.82011
71.67986
71.85798
71.71999
71.896
71.75875
71.9333
71.79802
71.97367
71.83654
72.01225
71.87392
72.05087
71.91313
72.09037
71.95256
72.12983
71.99183
72.16933
72.03117
72.21033
72.0722
72.24965
72.11145
72.28732
72.15154
72.32589
72.19083
72.36521
72.22994
72.40386
72.26923
72.44202
72.30847
72.47979
72.34594
72.519
72.38415
72.55715
72.42346
72.59641
72.46199
72.63405
72.50053
72.71217
72.53867
72.74966
72.57787
72.78874
72.61637
72.8275
72.65337
72.86597
72.69154
72.90256
72.73051
72.9411
72.76859
72.9817
72.80949
73.01661
72.84641
73.05622
72.8851
73.09196
72.92152
73.1328
72.9609
73.17033
72.99961
73.20888
73.03642
73.24702
73.07558
73.28622
73.11475
73.32717
73.15408
73.36485
73.19064
73.40209
73.22991
73.43973
73.26801
73.47803
73.30526
73.51694
73.34294
73.5561
73.38023
73.59332
73.41764
73.62978
73.45583
73.66837
73.49522
73.70757
73.53241
73.74635
73.57327
73.78431
73.61249
73.82346
73.65005
73.86084
73.68733
73.89877
73.72628
73.93389
73.76569
73.97316
73.8046
74.01128
73.84366
74.05054
73.88023
74.08585
73.91863
74.12455
73.95787
74.16353
73.99599
74.20251
74.03512
74.23936
74.07343
74.27827
74.11198
74.31626
74.14877
74.35417
74.18787
74.39002
74.22771
74.42913
74.26608
74.46677
74.30454
74.50445
74.34312
74.54366
74.38349
74.58189
74.42294
74.62045
74.46088
74.66143
74.4951
74.69827
74.53432
74.7328
74.57466
74.76942
74.61386
74.80977
74.65002
74.84892
74.68874
74.88727
74.72913
74.9252
74.76816
74.9659
74.80765
75.00403
74.84114
75.04137
74.87907
75.07869
74.91607
75.11347
74.95543
75.15208
74.99632
75.18932
75.03573
75.2287
75.07513
75.26708
75.11348
75.30709
75.15131
75.34473
75.1902
75.38393
75.22547
75.41992
75.26344
75.45887
75.30246
75.49703
75.34121
75.53635
75.37678
75.57336
75.41526
75.61205
75.4539
75.65283
75.49146
75.68983
75.52843
75.73064
75.56558
75.76532
75.60279
75.80583
75.64082
75.84339
75.67878
75.88101
75.71664
75.91744
75.75569
75.95663
75.79398
75.99474
75.8317
76.03156
75.86848
76.06929
75.90581
76.10863
75.94355
76.14423
75.98148
76.1832
76.05851
76.22214
76.09729
76.26051
76.13823
76.30048
76.17733
76.33966
76.21661
76.37765
76.25479
76.41572
76.29385
76.45387
76.33254
76.49058
76.37016
76.52987
76.40886
76.56629
76.44826
76.60544
76.48652
76.645
76.52384
76.68427
76.56313
76.72295
76.60155
76.76167
76.64069
76.79999
76.6782
76.83537
76.71555
76.87323
76.75299
76.9099
76.79217
76.94804
76.83134
76.9882
76.87067
77.02616
76.9068
77.06544
76.94466
77.10107
76.98389
77.14046
77.02183
77.1783
77.06008
77.21663
77.09932
77.25397
77.13757
77.29316
77.17686
77.33134
77.21365
77.36975
77.24986
77.4085
77.28905
77.44766
77.32898
77.48597
77.36794
77.52396
77.40511
77.56197
77.44408
77.59737
77.52249
77.63572
77.56126
77.67507
77.5994
77.71503
77.63613
77.75285
77.67543
77.79224
77.71477
77.83007
77.75361
77.86906
77.79126
77.90714
77.83041
77.94616
77.86837
77.98244
77.90768
78.02142
77.94402
78.06253
77.98212
78.10178
78.02111
78.14116
78.06211
78.18082
78.10155
78.22191
78.14263
78.26121
78.18205
78.30232
78.22056
78.34095
78.25983
78.3797
78.29794
78.41907
78.33479
78.45674
78.37312
78.49516
78.41237
78.53415
78.4509
78.57352
78.49197
78.61183
78.53129
78.65134
78.56972
78.68943
78.60914
78.72877
78.64856
78.7666
78.68613
78.80598
78.72604
78.84331
78.76477
78.88235
78.80531
78.92204
78.84474
78.96123
78.88436
79.0002
78.92306
79.03792
78.96227
79.07722
78.9987
79.11635
79.03717
79.15575
79.07439
79.1946
79.11295
79.23172
79.14845
79.27022
79.18769
79.30762
79.22712
79.34682
79.26653
79.38274
79.34402
79.42068
79.38342
79.46177
79.42057
79.50105
79.46067
79.54047
79.49766
79.57811
79.53688
79.61578
79.57493
79.65404
79.61439
79.69235
79.65366
79.72821
79.69261
79.76623
79.72919
79.80568
79.76788
79.84403
79.80741
79.88347
79.84502
79.92213
79.8846
79.96105
79.92384
79.9994
79.96377
80.0389
80.00355
80.07737
80.04152
80.11629
80.08115
80.1577
80.11947
80.19701
80.16109
80.23827
80.20047
80.27805
80.24192
80.31859
80.28157
80.35806
80.32219
80.39877
80.36207
80.43804
80.40229
80.47816
80.44128
80.51761
80.48128
80.55888
80.52096
80.59832
80.56033
80.63761
80.59989
80.67715
80.63966
80.71558
80.67934
80.75404
80.71906
80.79261
80.75867
80.83213
80.7983
80.87153
80.83599
80.95013
80.8745
80.98962
80.91193
81.02716
80.95135
81.06371
80.99064
81.10201
81.02925
81.1396
81.06747
81.17891
81.10571
81.21819
81.14268
81.2552
81.18133
81.29244
81.21899
81.33034
81.2557
81.3667
81.2927
81.40408
81.3314
81.43898
81.36959
81.47661
81.40836
81.51447
81.446
81.5555
81.48409
81.59483
81.52205
81.62928
81.56144
81.66714
81.59889
81.70586
81.63738
81.74365
81.67498
81.78068
81.71236
81.81837
81.75079
81.85594
81.78999
81.89532
81.82952
81.9341
81.86794
81.97456
81.90778
82.01375
81.94739
82.05331
81.98482
82.09292
82.02272
82.12935
82.06348
82.16718
82.1031
82.20552
82.1442
82.24511
82.18345
82.28417
82.22004
82.32549
82.25956
82.36262
82.29889
82.40356
82.33633
82.44286
82.37658
82.47887
82.41581
82.51776
82.45511
82.55872
82.49284
82.59544
82.53185
82.63618
82.56886
82.67479
82.60621
82.71104
82.64732
82.74968
82.6853
82.78926
82.72355
82.82911
82.76307
82.8679
82.80339
82.90662
82.84288
82.94431
82.88231
82.9838
82.9193
83.02336
82.95853
83.0613
82.9981
83.09827
83.03754
83.13774
83.0761
83.17616
83.11559
83.21706
83.15546
83.25547
83.19388
83.29503
83.23442
83.33446
83.27258
83.37221
83.31131
83.41084
83.35057
83.44784
83.39021
83.48728
83.42854
83.52658
83.46749
83.56599
83.50613
83.604
83.54419
83.64149
83.58102
83.68047
83.61848
83.71761
83.65736
83.75475
83.69674
83.79215
83.73406
83.83076
83.77156
83.86878
83.81084
83.90937
83.84714
83.94615
83.88735
83.98202
83.92682
84.01744
83.96323
84.05728
84.00201
84.09492
84.04293
84.13355
84.07915
84.17276
84.11543
84.21268
84.15475
84.25114
84.19256
84.28835
84.22948
84.32456
84.26721
84.36385
84.30668
84.40211
84.34264
84.44164
84.38307
84.47939
84.42245
84.51666
84.46007
84.55674
84.49735
84.59545
84.53605
84.6349
84.57281
84.67426
84.6123
84.71141
84.6518
84.74966
84.68996
84.78915
84.72758
84.8253
84.76638
84.86315
84.80596
84.90269
84.84519
84.94142
84.88628
84.98237
84.92445
85.02203
84.96509
85.06277
85.00465
85.10088
85.04207
85.14131
85.08154
85.17882
85.12114
85.21691
85.15997
85.25658
85.19839
85.29636
85.23844
85.33589
85.27611
85.37547
85.31571
85.41273
85.35506
85.45238
85.3939
85.4921
85.43372
85.53155
85.47495
85.5716
85.51262
85.61136
85.55173
85.65105
85.59052
85.68833
85.63042
85.72948
85.67012
85.76913
85.70988
85.80933
85.74953
85.84894
85.7891
85.88889
85.82951
85.92841
85.86675
85.96912
85.90546
86.00871
85.94489
86.04637
85.98141
86.08584
86.02035
86.12539
86.05898
86.16297
86.09825
86.20251
86.13777
86.24027
86.17453
86.2792
86.21138
86.31878
86.251
86.35686
86.28946
86.39203
86.32752
86.43104
86.36674
86.47076
86.40821
86.5083
86.44765
86.54794
86.48809
86.58762
86.52762
86.62717
86.56535
86.66692
86.60397
86.70506
86.6437
86.74278
86.68287
86.78185
86.72233
86.81992
86.76184
86.85722
86.8013
86.89677
86.841
86.93609
86.88068
86.97472
86.91809
87.01315
86.95717
87.05228
86.99661
87.08997
87.03577
87.12954
87.07536
87.16856
87.11492
87.20779
87.15304
87.24896
87.19208
87.28641
87.22914
87.3243
87.2683
87.36243
87.30842
87.40096
87.34532
87.43965
87.38354
87.48035
87.42314
87.52002
87.46155
87.55913
87.50072
87.59626
87.54021
87.63471
87.57948
87.67432
87.61913
87.71382
87.65948
87.75179
87.73425
87.79134
87.7727
87.82999
87.81121
87.86857
87.85045
87.9088
87.88993
87.94571
87.92946
87.98408
87.96791
88.02363
88.00755
88.06387
88.04328
88.10065
88.07938
88.13978
88.11638
88.17925
88.15585
88.2181
88.19368
88.25712
88.23312
88.29252
88.27255
88.33201
88.31204
88.37057
88.35152
88.41
88.38987
88.4481
88.42242
88.48886
88.46095
88.52827
88.498
88.56584
88.53732
88.60441
88.57829
88.64095
88.61756
88.67938
88.65849
88.72018
88.69778
88.75889
88.73473
88.79768
88.7738
88.83566
88.81127
88.87449
88.84596
88.91284
88.88667
88.952
88.92583
88.99065
88.9646
89.02983
89.00231
89.07055
89.04209
89.10758
89.07818
89.14546
89.11609
89.18311
89.1551
89.21996
89.19319
89.25352
89.23283
89.29398
89.27056
89.33341
89.30981
89.37251
89.34725
89.41212
89.38792
89.45145
89.42733
89.48893
89.46162
89.52696
89.50088
89.56651
89.54038
89.60143
89.57855
89.64003
89.61806
89.67962
89.65745
89.71908
89.69246
89.75729
89.73217
89.79578
89.77154
89.83408
89.81057
89.87146
89.84773
89.9099
89.88715
89.94959
89.92702
89.98682
89.96767
90.0267
90.00734
90.06811
90.04523
90.10761
90.08493
90.14677
90.1246
90.18541
90.16381
90.22538
90.20157
90.26509
90.243
90.3052
90.28274
90.34321
90.32414
90.38442
90.36388
90.42331
90.40385
90.46429
90.44299
90.5032
90.4842
90.54387
90.5209
90.58386
90.55907
90.62351
90.59872
90.66451
90.63996
90.70379
90.67967
90.74268
90.71894
90.78239
90.75824
90.82056
90.7935
90.8603
90.833
90.90041
90.87215
90.93915
90.91194
90.97952
90.95136
91.01918
90.99261
91.05827
91.03212
91.09796
91.07042
91.13872
91.10976
91.1784
91.14595
91.21966
91.18539
91.25935
91.22572
91.29821
91.26424
91.33791
91.30509
91.37837
91.34489
91.41746
91.38564
91.45739
91.42447
91.49857
91.46411
91.53846
91.50149
91.57996
91.54072
91.6197
91.58196
91.66034
91.62166
91.70004
91.66117
91.74049
91.70045
91.78027
91.74034
91.82188
91.77934
91.86184
91.81906
91.90182
91.85701
91.94156
91.89436
91.98232
91.93308
92.02206
91.97272
92.06213
92.01225
92.09977
92.05097
92.13931
92.08943
92.17912
92.13046
92.22054
92.16874
92.25878
92.20531
92.29859
92.24366
92.3382
92.28136
92.37735
92.32259
92.41693
92.36053
92.4551
92.40013
92.49386
92.43884
92.53362
92.47838
92.57342
92.5162
92.61323
92.55575
92.65224
92.59481
92.69176
92.63424
92.73113
92.67358
92.77067
92.7122
92.81065
92.75161
92.84884
92.79089
92.88989
92.83051
92.92796
92.86844
92.96782
92.90806
93.00635
92.9473
93.04732
92.98732
93.08598
93.02555
93.12641
93.06526
93.1656
93.10372
93.20467
93.1431
93.24519
93.18228
93.28282
93.21827
93.32084
93.25621
93.36013
93.29678
93.40033
93.33612
93.43884
93.37511
93.47997
93.41335
93.51775
93.45285
93.55603
93.49039
93.59559
93.52876
93.63455
93.56788
93.67426
93.60625
93.71564
93.64578
93.75536
93.68534
93.79475
93.72485
93.8346
93.76434
93.87395
93.80395
93.91363
93.8429
93.95334
93.88221
93.99357
93.92037
94.0334
93.95819
94.07416
93.99805
94.11335
94.0378
94.15323
94.07754
94.19326
94.11726
94.23477
94.159
94.26977
94.19865
94.31126
94.23847
94.35111
94.27822
94.39221
94.31574
94.43205
94.35535
94.47171
94.39667
94.51154
94.43633
94.55299
94.47745
94.59285
94.51725
94.63412
94.55735
94.67403
94.597
94.71549
94.63816
94.75539
94.67597
94.79601
94.71693
94.83544
94.75677
94.87496
94.79706
94.91646
94.83675
94.95403
94.87818
94.99557
94.91782
95.03545
94.95618
95.07691
94.99683
95.11669
95.03643
95.15579
95.07553
95.1948
95.11417
95.23495
95.15401
95.27395
95.19349
95.3136
95.23457
95.35321
95.26676
95.39301
95.30642
95.43201
95.34163
95.47179
95.38223
95.51059
95.41883
95.54956
95.45849
95.5885
95.4979
95.62826
95.53687
95.66802
95.57645
95.70768
95.61607
95.74728
95.65559
95.78574
95.69328
95.82693
95.73167
95.86669
95.77114
95.90641
95.81075
95.94617
95.85004
95.98744
95.88949
96.02707
95.92873
96.06659
95.96886
96.10635
96.00842
96.14512
96.04883
96.18478
96.08731
96.22585
96.1252
96.26405
96.1634
96.30335
96.20275
96.34296
96.24258
96.37922
96.27979
96.41904
96.32069
96.45128
96.35777
96.49144
96.38243
96.51681
96.41463
96.54353
96.45421
96.57395
96.49524
96.58936
96.52751
96.59592
96.56886
96.60237
96.60896
96.63867
96.61631
96.64548
96.62257
96.65226
96.62929
96.65884
96.63783
96.6657
96.64537
96.67248
96.65274
96.67947
96.65971
96.68607
96.66689
96.69279
96.67509
96.69939
96.68196
96.70599
96.68853
96.71274
96.69507
96.71965
96.70538
96.72657
96.71201
96.73376
96.7299
96.74094
96.73638
96.74744
96.74412
96.75449
96.75439
96.76635
96.76087
96.77283
96.76728
96.77924
96.7775
96.79198
96.79786
96.79838
96.80551
96.80475
96.8157
96.83015
96.82585
96.84533
96.85633
96.85168
96.86281
96.86937
96.86922
96.8757
96.88696
96.88205
96.89333
96.90987
96.9161
96.91614
96.92236
96.93638
96.92873
96.94438
96.95904
96.97723
96.96529
96.98354
96.97162
96.98978
96.99179
97.00744
96.99809
97.01375
97.00444
97.01999
97.0175
97.04276
97.02387
97.049
97.03015
97.05526
97.04019
97.0704
97.06804
97.07669
97.07429
97.08298
97.08055
97.10067
97.1109
97.10699
97.11726
97.14243
97.14508
97.15002
97.15137
97.18295
97.15769
97.18926
97.19057
97.21455
97.19695
97.22083
97.20331
97.22719
97.22863
97.25004
97.23502
97.25631
97.25526
97.26257
97.26163
97.29284
97.26791
97.30039
97.29569
97.33323
97.32336
97.34071
97.33087
97.36641
97.34592
97.37382
97.40851
97.41158
97.4147
97.41778
97.42088
97.44792
97.4389
97.45406
97.44509
97.4603
97.4702
97.50056
97.4764
97.52317
97.48257
97.52937
97.51021
97.55081
97.51639
97.55701
97.52261
97.5635
97.5966
97.58642
97.60327
97.59332
97.60991
97.60004
97.62677
97.60651
97.63327
97.61295
97.6397
97.61921
97.65974
97.64616
97.66611
97.65299
97.67216
97.69061
97.7123
97.72778
97.74921
97.76609
97.78737
97.80269
97.82617
97.81171
97.8598
97.84076
97.86781
97.84984
97.89931
97.87898
97.90818
97.88544
97.92156
97.90949
97.9267
97.91841
97.93183
97.94592
97.93817
97.95111
97.94703
97.95629
97.95339
97.96519
97.9698
97.9741
97.98004
97.99805
98.00317
98.007
98.01032
98.03214
98.01918
98.0373
98.0243
98.04247
98.03063
98.06387
98.04575
98.07024
98.05087
98.07915
98.05971
98.09303
98.07031
98.10104
98.07663
98.10995
98.0912
98.11633
98.09917
98.13532
98.1094
98.1405
98.11574
98.14565
98.13992
98.16461
98.14503
98.17101
98.15015
98.17616
98.15526
98.18131
98.16411
98.19022
98.16921
98.19538
98.17432
98.20053
98.18063
98.2069
98.18696
98.21325
98.19329
98.22211
98.20351
98.22848
98.20985
98.23485
98.21497
98.23998
98.2201
98.2451
98.23035
98.25528
98.23672
98.26328
98.24823
98.28221
98.25854
98.28737
98.2637
98.29254
98.28291
98.31647
98.30591
98.32162
98.31106
98.32678
98.33262
98.3504
98.33777
98.35844
98.34291
98.37737
98.35806
98.38372
98.36832
98.40399
98.37346
98.41037
98.4207
98.4351
98.4287
98.44308
98.43382
98.4482
98.43893
98.45332
98.44777
98.46104
98.45289
98.4699
98.458
98.47626
98.46311
98.4851
98.46822
98.494
98.47845
98.50037
98.48869
98.50672
98.49381
98.51472
98.50406
98.52741
98.5143
98.53257
98.51942
98.53774
98.52454
98.54412
98.53477
98.54928
98.54112
98.55444
98.54624
98.56332
98.55137
98.56848
98.5565
98.57487
98.57186
98.58375
98.5821
98.58891
98.58722
98.59408
98.59234
98.60047
98.59747
98.60688
98.60382
98.61204
98.60894
98.6225
98.6192
98.62767
98.62432
98.63284
98.63067
98.63799
98.6358
98.64315
98.64091
98.64832
98.64603
98.6547
98.65114
98.65987
98.65748
98.66503
98.6626
98.68146
98.66772
98.68662
98.68159
98.69178
98.68671
98.69694
98.69183
98.70332
98.71573
98.71974
98.72085
98.72489
98.73467
98.73003
98.73978
98.74398
98.74488
98.75285
98.75121
98.76682
98.75754
98.77194
98.7731
98.77706
98.7782
98.7859
98.78331
98.79102
98.78965
98.79613
98.79475
98.80126
98.79986
98.81263
98.80618
98.81776
98.81129
98.82289
98.8164
98.84209
98.82767
98.84721
98.83279
98.85235
98.83788
98.86119
98.84557
98.87428
98.85068
98.87942
98.85579
98.88455
98.8609
98.89468
98.87216
98.89982
98.87727
98.90495
98.88239
98.91383
98.89878
98.91897
98.90389
98.92412
98.90901
98.93049
98.91413
98.93564
98.91925
98.94078
98.92437
98.94594
98.92949
98.95232
98.93462
98.96375
98.94218
98.96891
98.94852
98.97408
98.95364
98.98444
98.95877
98.98959
98.97413
98.99477
98.97925
99.00115
98.98437
99.00754
98.99324
99.01467
99.00471
99.02106
99.00984
99.02748
99.01498
99.03642
99.02385
99.04533
99.02898
99.05426
99.03411
99.06319
99.03923
99.06838
99.0481
99.07356
99.05695
99.08247
99.06208
99.08887
99.06721
99.09692
99.07607
99.11212
99.08243
99.11731
99.09127
99.12249
99.09924
99.12891
99.10438
99.13531
99.10952
99.14051
99.1209
99.14571
99.12605
99.1509
99.13119
99.1573
99.14025
99.16373
99.1466
99.17012
99.15546
99.17653
99.1618
99.18295
99.16695
99.19379
99.1721
99.20019
99.17722
99.20539
99.18238
99.21059
99.19639
99.21823
99.20273
99.22342
99.20788
99.22861
99.21302
99.24007
99.21815
99.24653
99.22572
99.25171
99.23085
99.2569
99.236
99.26582
99.24236
99.271
99.24873
99.27618
99.26657
99.28256
99.27171
99.28895
99.27684
99.29412
99.28197
99.29929
99.29085
99.3082
99.29598
99.31339
99.30113
99.31857
99.30999
99.32376
99.31512
99.33019
99.32401
99.3366
99.32915
99.34463
99.3355
99.35104
99.34063
99.35745
99.34578
99.36265
99.35467
99.36786
99.36103
99.37306
99.36993
99.37827
99.3763
99.38346
99.38144
99.38866
99.38656
99.39507
99.39172
99.40026
99.40058
99.40546
99.40572
99.41441
99.41087
99.4196
99.41976
99.4248
99.42939
99.43418
99.43453
99.44061
99.43967
99.44835
99.45359
99.45656
99.45872
99.46175
99.46387
99.47622
99.47765
99.48141
99.48278
99.4866
99.48792
99.50635
99.49789
99.51154
99.50304
99.51672
99.50821
99.53268
99.51953
99.53791
99.52468
99.54311
99.55244
99.55801
99.55758
99.56322
99.56274
99.56841
99.57152
99.58134
99.57667
99.58656
99.58181
99.59177
99.59575
99.6115
99.60091
99.61674
99.61473
99.62194
99.62505
99.64285
99.6342
99.64806
99.63935
99.65327
99.64449
99.66898
99.65337
99.67419
99.66226
99.67941
99.6686
99.69218
99.68305
99.6974
99.6882
99.7026
99.69336
99.71042
99.70347
99.71688
99.70863
99.72581
99.71378
99.73101
99.72268
99.73621
99.72783
99.74699
99.73299
99.7522
99.74184
99.75742
99.747
99.76827
99.75215
99.77472
99.76015
99.78114
99.77293
99.78757
99.77809
99.79396
99.79329
99.79917
99.79846
99.80437
99.80362
99.81081
99.8137
99.82861
99.81886
99.83385
99.82402
99.83907
99.83559
99.84604
99.84074
99.85248
99.85539
99.86065
99.86057
99.87215
99.86572
99.88004
99.87481
99.88529
99.88241
99.89051
99.88878
99.90223
99.90286
99.90749
99.91434
99.9127
99.91951
99.92606
99.92467
99.9313
99.93106
99.93653
99.95178
99.95029
99.95817
99.96559
99.96455
99.97204
99.97984
99.98464
99.98621
99.98985
99.99511
99.99508
100.004
100.0164
100.0135
100.0237
100.0199
100.0433
100.0251
100.0486
100.0303
100.0645
100.0433
100.0697
100.0484
100.0749
100.0536
100.0814
100.0625
100.0879
100.0714
100.0951
100.0803
100.1015
100.0917
100.108
100.0969
100.117
100.102
100.1296
100.1084
100.1348
100.1173
100.1401
100.1237
100.1536
100.1301
100.1626
100.1366
100.1716
100.148
100.1856
100.1532
100.1909
100.1636
100.1962
100.1789
100.2015
100.1879
100.2142
100.1931
100.2208
100.1983
100.2374
100.2112
100.2427
100.2164
100.2479
100.2395
100.2639
100.25
100.2692
100.2709
100.2745
100.2814
100.2889
100.293
100.2941
100.2982
100.2994
100.3034
100.3173
100.3167
100.3238
100.3232
100.329
100.3321
100.3343
100.346
100.3477
100.3512
100.3529
100.3563
100.358
100.3664
100.3718
100.3715
100.3781
100.3766
100.3918
100.3922
100.3969
100.3973
100.402
100.4036
100.4071
100.4124
100.4187
100.4212
100.4238
100.4348
100.4288
100.4399
100.4402
100.445
100.4453
100.4538
100.4504
100.4601
100.4682
100.4763
100.4771
100.4826
100.4834
100.4877
100.4922
100.4928
100.4986
100.4979
100.5074
100.5043
100.5154
100.5147
100.5218
100.5199
100.5307
100.525
100.5396
100.5314
100.5535
100.5377
100.5624
100.5441
100.5713
100.5555
100.5864
100.5607
100.5916
100.5658
100.6031
100.5747
100.6096
100.5799
100.6148
100.5851
100.62
100.5982
100.629
100.6033
100.6342
100.6085
100.6394
100.6199
100.6564
100.6251
100.6745
100.6302
100.6797
100.6432
100.6939
100.6496
100.6991
100.6622
100.7044
100.6687
100.7144
100.6871
100.7209
100.696
100.7367
100.7139
100.742
100.7229
100.7473
100.7281
100.7558
100.7333
100.7611
100.7448
100.7743
100.7552
100.7795
100.7671
100.7848
100.7736
100.7901
100.7825
100.7984
100.7903
100.8124
100.7955
100.8177
100.8007
100.8285
100.8223
100.835
100.8288
100.849
100.8449
100.8571
100.8552
100.8624
100.8617
100.8676
100.8669
100.8854
100.872
100.8907
100.886
100.8959
100.8924
100.9133
100.8988
100.9223
100.9175
100.9395
100.9227
100.9459
100.9279
100.9549
100.947
100.9639
100.9535
100.9829
100.9616
100.9894
100.968
101.0104
100.9744
101.0295
100.9902
101.0385
100.9954
101.0449
101.0007
101.06
101.0171
101.0653
101.0261
101.073
101.0432
101.0783
101.0496
101.0836
101.0788
101.0989
101.0878
101.1059
101.0943
101.1178
101.108
101.123
101.117
101.1283
101.1234
101.1359
101.1404
101.1424
101.1468
101.1606
101.1583
101.1687
101.1635
101.177
101.1901
101.1848
101.1953
101.1937
101.2057
101.2027
101.2109
101.2092
101.2161
101.2227
101.2213
101.228
101.2367
101.2332
101.2419
101.2447
101.2483
101.2582
101.2573
101.2634
101.2725
101.2687
101.2789
101.2804
101.2853
101.2944
101.3029
101.2997
101.3093
101.3049
101.3183
101.3282
101.3311
101.3435
101.3363
101.3654
101.348
101.3744
101.3661
101.3888
101.3948
101.397
101.4047
101.4089
101.4112
101.4154
101.4201
101.4218
101.4265
101.4333
101.4355
101.4386
101.4474
101.4451
101.4563
101.454
101.4717
101.4724
101.4806
101.4776
101.4949
101.4829
101.5013
101.4944
101.5078
101.5122
101.5207
101.5174
101.5344
101.5288
101.5396
101.5341
101.5448
101.5394
101.55
101.5507
101.5552
101.5622
101.5725
101.5687
101.5789
101.5844
101.5841
101.5896
101.5893
101.5986
101.6016
101.6076
101.6136
101.6141
101.62
101.6205
101.6253
101.6328
101.6357
101.6418
101.6461
101.6508
101.6565
101.6573
101.6644
101.673
101.6696
101.6819
101.6749
101.6927
101.6813
101.7057
101.6878
101.7147
101.6943
101.7237
101.7044
101.7327
101.7134
101.748
101.7274
101.7545
101.7338
101.7636
101.7517
101.77
101.7582
101.7753
101.7647
101.7833
101.7762
101.7898
101.7815
101.7963
101.7944
101.8016
101.811
101.8069
101.819
101.8176
101.828
101.8229
101.8446
101.8382
101.8498
101.8434
101.8551
101.8487
101.8705
101.8599
101.8757
101.868
101.881
101.8733
101.8913
101.8786
101.8966
101.8901
101.9018
101.8954
101.9083
101.9146
101.9237
101.9237
101.9336
101.929
101.9401
101.9426
101.9453
101.9479
101.9506
101.9532
101.9571
101.9663
101.966
101.9728
101.9778
101.9819
101.9831
101.9884
101.9919
102.0026
101.9972
102.0079
102.0024
102.021
102.0089
102.0301
102.0141
102.0467
102.0194
102.0553
102.0363
102.0669
102.0416
102.0735
102.0531
102.09
102.0621
102.0991
102.0686
102.1058
102.0751
102.1199
102.0989
102.1265
102.122
102.1407
102.1273
102.1461
102.1327
102.1515
102.1508
102.1657
102.1866
102.1723
102.1919
102.1806
102.2064
102.1861
102.2118
102.1916
102.2172
102.197
102.2292
102.2135
102.2358
102.2202
102.2423
102.2294
102.249
102.2362
102.2544
102.2519
102.274
102.2574
102.2794
102.263
102.2849
102.2717
102.2903
102.2784
102.2957
102.2977
102.3012
102.3033
102.3158
102.3089
102.3212
102.3232
102.3279
102.33
102.3388
102.3394
102.3581
102.3479
102.3703
102.3535
102.3771
102.359
102.3838
102.3683
102.3931
102.3778
102.3987
102.3834
102.4042
102.3891
102.4135
102.396
102.4363
102.403
102.45
102.4086
102.4556
102.4143
102.4757
102.4213
102.4814
102.4349
102.4909
102.4444
102.4978
102.4514
102.5072
102.4572
102.5158
102.463
102.5252
102.4725
102.5322
102.4821
102.5379
102.4892
102.5437
102.4962
102.5556
102.5034
102.5615
102.5146
102.5673
102.5204
102.5744
102.5265
102.5815
102.5387
102.5886
102.5447
102.5945
102.5508
102.6005
102.5631
102.6064
102.5755
102.6124
102.583
102.6184
102.5904
102.6244
102.5966
102.6305
102.6029
102.6366
102.6093
102.6427
102.6156
102.6525
102.6231
102.6586
102.6295
102.6722
102.636
102.6785
102.6436
102.6847
102.6501
102.6977
102.6578
102.7041
102.6657
102.7104
102.6736
102.7169
102.6803
102.7233
102.6871
102.7297
102.6939
102.7362
102.7007
102.7427
102.7087
102.7493
102.7155
102.7558
102.7223
102.7653
102.7291
102.7719
102.7359
102.7785
102.7427
102.7851
102.7495
102.7917
102.7562
102.7996
102.7631
102.8063
102.7699
102.8131
102.7767
102.8199
102.7846
102.8266
102.7926
102.8346
102.7994
102.8414
102.8062
102.8482
102.813
102.8549
102.8198
102.8617
102.8266
102.8685
102.8334
102.8752
102.8414
102.882
102.851
102.8887
102.8578
102.8955
102.8646
102.9023
102.8714
102.909
102.8782
102.9158
102.885
102.9226
102.8918
102.9294
102.8986
102.9361
102.9066
102.9429
102.9133
102.9497
102.9201
102.9564
102.9269
102.9632
102.9337
102.97
102.9405
102.9767
102.9473
102.9835
102.9541
102.9903
102.9609
102.997
102.9677
103.0038
102.9745
103.0106
102.9813
103.0174
102.9918
103.0242
102.9986
103.0309
103.0054
103.0377
103.0121
103.0444
103.019
103.0512
103.0258
103.058
103.0326
103.0648
103.0406
103.0715
103.0474
103.0783
103.0543
103.0851
103.0623
103.0919
103.0691
103.0987
103.0747
103.1055
103.0815
103.1123
103.0884
103.1191
103.0953
103.1249
103.1022
103.1317
103.109
103.1384
103.1158
103.1452
103.1227
103.152
103.1295
103.1588
103.1363
103.1668
103.1431
103.1736
103.1499
103.1804
103.1568
103.1872
103.1648
103.194
103.1716
103.202
103.1786
103.2099
103.1854
103.2167
103.1923
103.2235
103.1991
103.2302
103.2071
103.237
103.214
103.2438
103.2208
103.2505
103.2344
103.2573
103.2412
103.2641
103.2518
103.2708
103.2586
103.2788
103.2656
103.2856
103.2724
103.2923
103.2793
103.2991
103.2861
103.3059
103.2998
103.3126
103.3066
103.3194
103.3134
103.3262
103.3203
103.3329
103.3271
103.3397
103.334
103.3464
103.3408
103.3532
103.3477
103.36
103.3545
103.3667
103.3682
103.3735
103.375
103.3803
103.383
103.387
103.3898
103.3938
103.3967
103.4006
103.4035
103.4073
103.4103
103.4141
103.4171
103.4208
103.4239
103.4276
103.4307
103.4344
103.4444
103.4411
103.4512
103.4479
103.4617
103.4546
103.4686
103.4614
103.4754
103.4681
103.4822
103.4749
103.489
103.4817
103.4958
103.4884
103.5026
103.4952
103.5094
103.5019
103.5215
103.5087
103.5295
103.5154
103.5363
103.5222
103.5431
103.529
103.5499
103.5357
103.5567
103.5425
103.5635
103.5492
103.5703
103.556
103.5771
103.5627
103.5839
103.5694
103.5907
103.5762
103.5975
103.5829
103.6043
103.5897
103.6111
103.5964
103.6178
103.6032
103.6246
103.6099
103.6314
103.6167
103.6382
103.6234
103.645
103.6302
103.6518
103.6369
103.6586
103.6436
103.6654
103.6504
103.6722
103.6571
103.6843
103.6639
103.691
103.6706
103.6978
103.6774
103.7046
103.6841
103.7114
103.6909
103.7181
103.6976
103.7249
103.7044
103.7317
103.7111
103.7385
103.7178
103.7452
103.7246
103.752
103.7313
103.7588
103.7381
103.7656
103.7448
103.7723
103.7515
103.7791
103.7583
103.7859
103.765
103.7926
103.7718
103.7994
103.7785
103.8061
103.7852
103.8129
103.792
103.8196
103.7987
103.8264
103.8055
103.8332
103.8122
103.8399
103.8189
103.8467
103.8257
103.8534
103.8324
103.8602
103.8392
103.8669
103.8459
103.8737
103.8526
103.8804
103.8594
103.8872
103.8661
103.8939
103.8728
103.9007
103.8796
103.9074
103.8863
103.9142
103.8931
103.9209
103.8998
103.9277
103.9065
103.9344
103.9133
103.9412
103.92
103.9479
103.9267
103.9547
103.9335
103.9614
103.9402
103.9682
103.947
103.9749
103.9537
103.9817
103.9604
103.9884
103.9672
103.9952
103.9739
104.0019
103.9806
104.0087
103.9874
104.0154
103.9941
104.0222
104.0008
104.0289
104.0076
104.0357
104.0143
104.0424
104.021
104.0492
104.0278
104.0559
104.0345
104.0627
104.0413
104.0695
104.048
104.0762
104.0547
104.083
104.0615
104.0897
104.0682
104.0965
104.0749
104.1032
104.0817
104.1099
104.0884
104.1167
104.0951
104.1234
104.1019
104.1302
104.1086
104.1369
104.1153
104.1437
104.1221
104.1504
104.1288
104.1572
104.1356
104.1639
104.1423
104.1707
104.149
104.1774
104.1558
104.1842
104.1625
104.1909
104.1692
104.1976
104.176
104.2044
104.1827
104.2112
104.1894
104.2179
104.1962
104.2246
104.2029
104.2314
104.2097
104.2381
104.2164
104.2449
104.2231
104.2516
104.2299
104.2584
104.2366
104.2651
104.2433
104.2719
104.2501
104.2786
104.2568
104.2854
104.2636
104.2921
104.2703
104.2989
104.277
104.3056
104.2838
104.3124
104.2905
104.3191
104.2972
104.3259
104.3039
104.3326
104.3107
104.3394
104.3174
104.3461
104.3241
104.3529
104.3309
104.3596
104.3376
104.3663
104.3443
104.3731
104.3511
104.3798
104.3578
104.3866
104.3645
104.3933
104.3713
104.4001
104.378
104.4068
104.3848
104.4135
104.3915
104.4203
104.3982
104.427
104.405
104.4338
104.4117
104.4406
104.4184
104.4473
104.4251
104.454
104.4319
104.4608
104.4386
104.4675
104.4454
104.4743
104.4521
104.481
104.4588
104.4878
104.4656
104.4945
104.4723
104.5013
104.479
104.508
104.4857
104.5148
104.4925
104.5215
104.4992
104.5283
104.506
104.535
104.5127
104.5417
104.5194
104.5485
104.5262
104.5552
104.5329
104.562
104.5396
104.5687
104.5464
104.5755
104.5531
104.5822
104.5598
104.589
104.5666
104.5957
104.5733
104.6024
104.58
104.6092
104.5867
104.616
104.5935
104.6227
104.6002
104.6294
104.6069
104.6362
104.6137
104.6429
104.6204
104.6497
104.6271
104.6564
104.6339
104.6632
104.6406
104.6699
104.6473
104.6767
104.6541
104.6834
104.6608
104.6901
104.6675
104.6969
104.6742
104.7036
104.681
104.7103
104.6877
104.7171
104.6945
104.7238
104.7012
104.7306
104.7079
104.7373
104.7146
104.7441
104.7214
104.7508
104.7281
104.7576
104.7348
104.7643
104.7416
104.771
104.7483
104.7778
104.7551
104.7845
104.7618
104.7913
104.7685
104.798
104.7752
104.8048
104.782
104.8115
104.7887
104.8183
104.7954
104.825
104.8022
104.8318
104.8089
104.8385
104.8157
104.8453
104.8224
104.852
104.8291
104.8587
104.8359
104.8655
104.8426
104.8723
104.8493
104.879
104.856
104.8857
104.8628
104.8925
104.8695
104.8992
104.8762
104.906
104.883
104.9127
104.8897
104.9195
104.8964
104.9262
104.9032
104.9329
104.9099
104.9397
104.9166
104.9464
104.9234
104.9532
104.9301
104.9599
104.9368
104.9666
104.9436
104.9734
104.9503
104.9801
104.957
104.9868
104.9637
104.9936
104.9705
105.0003
104.9772
105.0071
104.9839
105.0138
104.9974
105.0206
105.0041
105.0273
105.0109
105.034
105.0311
105.0408
105.0378
105.0475
105.0445
105.0543
105.0513
105.061
105.058
105.0678
105.0648
105.0745
105.0715
105.0813
105.0782
105.088
105.085
105.0947
105.0917
105.1015
105.0984
105.1082
105.1052
105.115
105.1119
105.1217
105.1186
105.1284
105.1254
105.1352
105.1321
105.1419
105.1388
105.1487
105.1456
105.1554
105.1523
105.1622
105.159
105.1689
105.1657
105.1757
105.1725
105.1824
105.1792
105.1891
105.1859
105.1959
105.1927
105.2026
105.1994
105.2094
105.2061
105.2161
105.2129
105.2229
105.2196
105.2296
105.2263
105.2363
105.2331
105.2431
105.2398
105.2498
105.2465
105.2566
105.2533
105.2633
105.26
105.27
105.2667
105.2768
105.2735
105.2835
105.2802
105.2903
105.2869
105.297
105.2936
105.3037
105.3004
105.3105
105.3071
105.3172
105.3138
105.324
105.3205
105.3307
105.3273
105.3374
105.334
105.3442
105.3407
105.3509
105.3475
105.3577
105.3542
105.3644
105.3609
105.3711
105.3677
105.3779
105.3744
105.3846
105.3811
105.3914
105.3878
105.3981
105.3946
105.4049
105.4013
105.4116
105.408
105.4183
105.4147
105.4251
105.4215
105.4318
105.4282
105.4386
105.4349
105.4453
105.4417
105.452
105.4484
105.4588
105.4551
105.4655
105.4619
105.4723
105.4686
105.479
105.4753
105.4858
105.4821
105.4925
105.4888
105.4993
105.4955
105.506
105.5023
105.5127
105.509
105.5195
105.5157
105.5262
105.5225
105.533
105.5292
105.5397
105.5359
105.5465
105.5427
105.5532
105.5494
105.56
105.5561
105.5667
105.5629
105.5734
105.5696
105.5802
105.5763
105.5869
105.5831
105.5937
105.5898
105.6004
105.5966
105.6071
105.6033
105.6139
105.61
105.6206
105.6168
105.6274
105.6235
105.6341
105.6302
105.6409
105.637
105.6476
105.6437
105.6544
105.6504
105.6611
105.6572
105.6678
105.6639
105.6746
105.6706
105.6813
105.6774
105.6881
105.6841
105.6948
105.6908
105.7016
105.6975
105.7083
105.7043
105.715
105.711
105.7218
105.7177
105.7285
105.7245
105.7353
105.7312
105.742
105.7379
105.7487
105.7447
105.7555
105.7514
105.7622
105.7581
105.769
105.7648
105.7757
105.7716
105.7824
105.7783
105.7892
105.785
105.7959
105.7918
105.8027
105.7985
105.8094
105.8052
105.8162
105.812
105.8229
105.8187
105.8296
105.8254
105.8364
105.8322
105.8431
105.8389
105.8499
105.8456
105.8566
105.8524
105.8633
105.8591
105.8701
105.8659
105.8768
105.8726
105.8836
105.8793
105.8903
105.8861
105.8971
105.8928
105.9038
105.8995
105.9106
105.9063
105.9173
105.913
105.924
105.9197
105.9308
105.9265
105.9375
105.9332
105.9443
105.9399
105.951
105.9467
105.9577
105.9534
105.9645
105.9602
105.9712
105.9669
105.978
105.9736
105.9847
105.9804
105.9914
105.9871
105.9982
105.9938
106.0049
106.0006
106.0117
106.0073
106.0184
106.0141
106.0252
106.0208
106.0319
106.0275
106.0387
106.0343
106.0454
106.041
106.0521
106.0478
106.0589
106.0545
106.0656
106.0612
106.0724
106.068
106.0791
106.0747
106.0859
106.0815
106.0926
106.0882
106.0993
106.0949
106.1061
106.1016
106.1128
106.1084
106.1196
106.1151
106.1263
106.1218
106.1331
106.1286
106.1398
106.1353
106.1466
106.1421
106.1533
106.1488
106.16
106.1555
106.1668
106.1623
106.1735
106.169
106.1803
106.1758
106.187
106.1825
106.1937
106.1892
106.2005
106.196
106.2072
106.2027
106.214
106.2094
106.2207
106.2162
106.2274
106.2229
106.2342
106.2296
106.2409
106.2364
106.2477
106.2431
106.2544
106.2498
106.2612
106.2566
106.2679
106.2633
106.2747
106.27
106.2814
106.2768
106.2881
106.2835
106.2949
106.2902
106.3016
106.297
106.3084
106.3037
106.3151
106.3104
106.3219
106.3172
106.3286
106.3239
106.3354
106.3307
106.3421
106.3374
106.3488
106.3441
106.3556
106.3509
106.3623
106.3576
106.3691
106.3643
106.3758
106.371
106.3825
106.3778
106.3893
106.3845
106.396
106.3912
106.4028
106.398
106.4095
106.4047
106.4163
106.4114
106.423
106.4182
106.4297
106.4249
106.4365
106.4316
106.4432
106.4384
106.45
106.4451
106.4567
106.4518
106.4635
106.4586
106.4702
106.4653
106.4769
106.472
106.4837
106.4788
106.4904
106.4855
106.4972
106.4922
106.5039
106.499
106.5107
106.5057
106.5174
106.5124
106.5242
106.5192
106.5309
106.5259
106.5377
106.5326
106.5444
106.5394
106.5511
106.5461
106.5579
106.5528
106.5646
106.5595
106.5714
106.5663
106.5781
106.573
106.5848
106.5797
106.5916
106.5865
106.5983
106.5932
106.6051
106.5999
106.6118
106.6067
106.6186
106.6134
106.6253
106.6201
106.632
106.6268
106.6388
106.6336
106.6455
106.6403
106.6523
106.647
106.659
106.6538
106.6657
106.6605
106.6725
106.6673
106.6792
106.674
106.686
106.6807
106.6927
106.6874
106.6995
106.6942
106.7062
106.7009
106.713
106.7076
106.7197
106.7144
106.7264
106.7211
106.7332
106.7278
106.7399
106.7346
106.7467
106.7413
106.7534
106.748
106.7601
106.7548
106.7669
106.7615
106.7736
106.7682
106.7804
106.775
106.7871
106.7817
106.7939
106.7884
106.8006
106.7952
106.8073
106.8019
106.8141
106.8086
106.8208
106.8154
106.8276
106.8221
106.8343
106.8288
106.841
106.8356
106.8478
106.8423
106.8545
106.849
106.8613
106.8558
106.868
106.8625
106.8747
106.8692
106.8815
106.876
106.8882
106.8827
106.895
106.8894
106.9017
106.8961
106.9084
106.9029
106.9152
106.9096
106.9219
106.9164
106.9287
106.9231
106.9354
106.9298
106.9421
106.9365
106.9489
106.9433
106.9556
106.95
106.9624
106.9567
106.9691
106.9635
106.9759
106.9702
106.9826
106.977
106.9893
106.9837
106.9961
106.9904
107.0028
106.9971
107.0096
107.0039
107.0163
107.0106
107.023
107.0173
107.0298
107.0241
107.0365
107.0308
107.0433
107.0375
107.05
107.0443
107.0567
107.051
107.0635
107.0577
107.0702
107.0645
107.077
107.0712
107.0837
107.0779
107.0905
107.0846
107.0972
107.0914
107.1039
107.0981
107.1107
107.1048
107.1174
107.1116
107.1242
107.1183
107.1309
107.125
107.1376
107.1318
107.1444
107.1385
107.1511
107.1452
107.1579
107.1519
107.1646
107.1587
107.1713
107.1654
107.1781
107.1721
107.1848
107.1788
107.1915
107.1856
107.1983
107.1923
107.205
107.199
107.2118
107.2058
107.2185
107.2125
107.2252
107.2192
107.232
107.226
107.2387
107.2327
107.2455
107.2394
107.2522
107.2461
107.2589
107.2529
107.2657
107.2596
107.2724
107.2663
107.2792
107.2731
107.2859
107.2798
107.2927
107.2865
107.2994
107.2933
107.3062
107.3
107.3129
107.3067
107.3196
107.3135
107.3264
107.3202
107.3331
107.3269
107.3399
107.3336
107.3466
107.3404
107.3534
107.3471
107.3601
107.3538
107.3669
107.3606
107.3736
107.3673
107.3803
107.374
107.3871
107.3808
107.3938
107.3875
107.4006
107.3942
107.4073
107.4009
107.4141
107.4077
107.4208
107.4144
107.4275
107.4211
107.4343
107.4279
107.441
107.4346
107.4478
107.4413
107.4545
107.4481
107.4612
107.4548
107.468
107.4615
107.4747
107.4682
107.4815
107.475
107.4882
107.4817
107.4949
107.4884
107.5017
107.4952
107.5084
107.5019
107.5152
107.5086
107.5219
107.5154
107.5287
107.5221
107.5354
107.5288
107.5421
107.5355
107.5489
107.5423
107.5556
107.549
107.5624
107.5557
107.5691
107.5625
107.5758
107.5692
107.5826
107.5759
107.5893
107.5827
107.5961
107.5894
107.6028
107.5961
107.6095
107.6029
107.6163
107.6096
107.623
107.6163
107.6298
107.623
107.6365
107.6298
107.6432
107.6365
107.65
107.6433
107.6567
107.65
107.6635
107.6567
107.6702
107.6635
107.677
107.6702
107.6837
107.6769
107.6904
107.6836
107.6972
107.6904
107.7039
107.6971
107.7107
107.7038
107.7174
107.7106
107.7242
107.7173
107.7309
107.724
107.7376
107.7308
107.7444
107.7375
107.7511
107.7442
107.7578
107.751
107.7646
107.7577
107.7713
107.7644
107.7781
107.7712
107.7848
107.7779
107.7915
107.7846
107.7983
107.7914
107.805
107.7981
107.8117
107.8048
107.8185
107.8116
107.8252
107.8183
107.832
107.825
107.8387
107.8318
107.8455
107.8385
107.8522
107.8452
107.859
107.852
107.8657
107.8587
107.8725
107.8654
107.8792
107.8721
107.8859
107.8789
107.8927
107.8856
107.8995
107.8923
107.9062
107.8991
107.9129
107.9058
107.9197
107.9126
107.9264
107.9193
107.9332
107.926
107.9399
107.9327
107.9467
107.9395
107.9534
107.9462
107.9602
107.9529
107.9669
107.9597
107.9736
107.9664
107.9804
107.9732
107.9871
107.9799
107.9939
107.9866
108.0006
107.9933
108.0074
108.0001
108.0141
108.0068
108.0209
108.0135
108.0276
108.0203
108.0343
108.027
108.0411
108.0338
108.0478
108.0405
108.0546
108.0472
108.0613
108.054
108.068
108.0607
108.0748
108.0674
108.0815
108.0742
108.0883
108.0809
108.095
108.0876
108.1018
108.0944
108.1085
108.1011
108.1152
108.1078
108.122
108.1146
108.1287
108.1213
108.1355
108.128
108.1422
108.1348
108.149
108.1415
108.1557
108.1482
108.1625
108.155
108.1692
108.1617
108.1759
108.1684
108.1827
108.1752
108.1894
108.1819
108.1962
108.1886
108.2029
108.1954
108.2097
108.2021
108.2164
108.2088
108.2232
108.2156
108.2299
108.2223
108.2366
108.229
108.2434
108.2357
108.2501
108.2425
108.2569
108.2492
108.2636
108.2559
108.2703
108.2627
108.2771
108.2694
108.2838
108.2761
108.2906
108.2829
108.2973
108.2896
108.3041
108.2963
108.3108
108.303
108.3175
108.3098
108.3243
108.3165
108.331
108.3232
108.3378
108.33
108.3445
108.3367
108.3513
108.3434
108.358
108.3502
108.3648
108.3569
108.3715
108.3636
108.3782
108.3704
108.385
108.3771
108.3917
108.3838
108.3985
108.3905
108.4052
108.3973
108.4119
108.404
108.4187
108.4108
108.4254
108.4175
108.4322
108.4242
108.4389
108.4309
108.4457
108.4377
108.4524
108.4444
108.4592
108.4511
108.4659
108.4579
108.4726
108.4646
108.4794
108.4713
108.4861
108.4781
108.4929
108.4848
108.4996
108.4915
108.5063
108.4983
108.5131
108.505
108.5198
108.5117
108.5266
108.5185
108.5333
108.5252
108.54
108.5319
108.5468
108.5387
108.5535
108.5454
108.5602
108.5521
108.567
108.5589
108.5737
108.5656
108.5805
108.5723
108.5872
108.579
108.5939
108.5858
108.6007
108.5925
108.6074
108.5992
108.6142
108.606
108.6209
108.6127
108.6276
108.6194
108.6344
108.6262
108.6411
108.6329
108.6479
108.6396
108.6546
108.6464
108.6613
108.6531
108.668
108.6598
108.6748
108.6666
108.6815
108.6733
108.6883
108.68
108.695
108.6868
108.7017
108.6935
108.7085
108.7002
108.7152
108.7069
108.7219
108.7137
108.7287
108.7204
108.7354
108.7271
108.7422
108.7339
108.7489
108.7406
108.7556
108.7473
108.7624
108.7541
108.7691
108.7608
108.7758
108.7675
108.7826
108.7742
108.7893
108.781
108.7961
108.7877
108.8028
108.7944
108.8095
108.8012
108.8163
108.8079
108.823
108.8146
108.8298
108.8281
108.8365
108.8348
108.8432
108.8416
108.85
108.8483
108.8567
108.855
108.8635
108.8618
108.8702
108.8685
108.8769
108.8752
108.8837
108.882
108.8904
108.8887
108.8972
108.8954
108.9039
108.9022
108.9107
108.9089
108.9174
108.9156
108.9241
108.9224
108.9309
108.9291
108.9376
108.9358
108.9444
108.9426
108.9511
108.9493
108.9578
108.956
108.9646
108.9628
108.9713
108.9695
108.9781
108.9762
108.9848
108.9829
108.9916
108.9897
108.9983
108.9964
109.0051
109.0031
109.0118
109.0099
109.0185
109.0166
109.0253
109.0233
109.032
109.0301
109.0388
109.0368
109.0455
109.0435
109.0522
109.0503
109.059
109.057
109.0657
109.0637
109.0724
109.0704
109.0792
109.0772
109.0859
109.0839
109.0927
109.0907
109.0994
109.0974
109.1061
109.1041
109.1129
109.1108
109.1196
109.1176
109.1264
109.1243
109.1331
109.131
109.1398
109.1378
109.1466
109.1445
109.1533
109.1512
109.1601
109.158
109.1668
109.1647
109.1736
109.1714
109.1803
109.1781
109.187
109.1849
109.1938
109.1916
109.2005
109.1983
109.2073
109.2051
109.214
109.2118
109.2207
109.2185
109.2275
109.2253
109.2342
109.232
109.241
109.2387
109.2477
109.2455
109.2545
109.2522
109.2612
109.2589
109.268
109.2656
109.2747
109.2724
109.2814
109.2791
109.2882
109.2859
109.2949
109.2926
109.3017
109.2993
109.3084
109.306
109.3151
109.3128
109.3219
109.3195
109.3286
109.3262
109.3354
109.3329
109.3421
109.3397
109.3488
109.3464
109.3556
109.3531
109.3623
109.3598
109.3691
109.3666
109.3758
109.3733
109.3825
109.38
109.3893
109.3868
109.396
109.3935
109.4028
109.4002
109.4095
109.4069
109.4162
109.4137
109.423
109.4204
109.4297
109.4271
109.4365
109.4339
109.4432
109.4406
109.4499
109.4473
109.4567
109.454
109.4634
109.4608
109.4702
109.4675
109.4769
109.4742
109.4837
109.481
109.4904
109.4877
109.4971
109.4944
109.5039
109.5012
109.5106
109.5079
109.5173
109.5146
109.5241
109.5213
109.5308
109.5281
109.5376
109.5348
109.5443
109.5415
109.5511
109.5483
109.5578
109.555
109.5645
109.5617
109.5713
109.5685
109.578
109.5752
109.5848
109.5819
109.5915
109.5886
109.5983
109.5954
109.605
109.6021
109.6117
109.6088
109.6185
109.6156
109.6252
109.629
109.632
109.6357
109.6387
109.6425
109.6454
109.6492
109.6522
109.6559
109.6589
109.6627
109.6657
109.6694
109.6724
109.6761
109.6791
109.6828
109.6859
109.6896
109.6926
109.6963
109.6994
109.703
109.7061
109.7097
109.7129
109.7165
109.7196
109.7232
109.7263
109.7299
109.7331
109.7367
109.7398
109.7434
109.7466
109.7501
109.7533
109.7569
109.76
109.7636
109.7668
109.7703
109.7735
109.7771
109.7803
109.7838
109.787
109.7905
109.7938
109.7972
109.8005
109.804
109.8073
109.8107
109.814
109.8174
109.8208
109.8242
109.8275
109.8309
109.8343
109.8376
109.841
109.8444
109.8477
109.8511
109.8545
109.8578
109.8612
109.8646
109.868
109.8713
109.8747
109.878
109.8815
109.8848
109.8882
109.8915
109.895
109.8982
109.9017
109.9049
109.9084
109.9117
109.9152
109.9184
109.9219
109.9251
109.9287
109.9319
109.9354
109.9386
109.9421
109.9453
109.9489
109.952
109.9556
109.9655
109.9624
109.9722
109.9691
109.979
109.9758
109.9857
109.9826
109.9924
109.9893
109.9992
109.9961
110.0059
110.0028
