10.00965
10.0094
10.01508
10.01488
10.02056
10.02023
10.02606
10.02562
10.03155
10.03103
10.03705
10.03649
10.04261
10.04194
10.04815
10.04739
10.05369
10.05281
10.05926
10.05833
10.06476
10.06497
10.07028
10.07041
10.07582
10.07595
10.08139
10.08136
10.08701
10.08799
10.09254
10.09343
10.09807
10.09899
10.10378
10.10442
10.10937
10.11118
10.11501
10.11661
10.12066
10.12209
10.12628
10.12763
10.13194
10.13318
10.13758
10.1387
10.14322
10.14416
10.15009
10.15093
10.15576
10.15645
10.16142
10.16201
10.16697
10.16754
10.17264
10.17308
10.17821
10.17862
10.18381
10.18412
10.18955
10.18975
10.19516
10.19533
10.20079
10.20096
10.20647
10.20656
10.21206
10.21218
10.21769
10.21772
10.22343
10.22326
10.22907
10.22882
10.23464
10.23446
10.24038
10.24007
10.24595
10.2456
10.25163
10.25115
10.25727
10.25677
10.26296
10.26236
10.26868
10.26791
10.27432
10.27362
10.27998
10.27926
10.28575
10.28485
10.29142
10.29056
10.29709
10.29728
10.30279
10.30288
10.30852
10.30855
10.31419
10.31418
10.31987
10.31976
10.32555
10.32548
10.33127
10.33109
10.33809
10.33676
10.34381
10.34241
10.34952
10.34807
10.35529
10.35374
10.36091
10.3594
10.36678
10.36498
10.37247
10.37062
10.37813
10.37634
10.38396
10.38202
10.38962
10.38776
10.39524
10.39342
10.40097
10.39914
10.4066
10.40477
10.41237
10.41045
10.41803
10.41612
10.42383
10.42172
10.42951
10.42748
10.43524
10.43312
10.44102
10.43887
10.44666
10.44452
10.45246
10.45016
10.4581
10.45594
10.46385
10.46164
10.46956
10.46859
10.47534
10.47419
10.48094
10.47997
10.4867
10.48688
10.49244
10.4937
10.49808
10.49947
10.50387
10.50515
10.50951
10.5109
10.51522
10.51656
10.52102
10.52226
10.52665
10.52793
10.53233
10.53356
10.53806
10.53934
10.54385
10.54493
10.55078
10.55074
10.5565
10.55638
10.56226
10.56215
10.5679
10.56783
10.57364
10.57349
10.57942
10.58029
10.58884
10.58604
10.59451
10.59164
10.6003
10.59745
10.60591
10.60317
10.61159
10.60891
10.6174
10.61465
10.62313
10.62037
10.62888
10.62608
10.6346
10.63179
10.64039
10.63753
10.64608
10.64315
10.65195
10.64895
10.65765
10.6546
10.66356
10.66033
10.66928
10.66608
10.67507
10.67173
10.682
10.67753
10.68774
10.68318
10.69351
10.68893
10.69935
10.69469
10.7051
10.70042
10.71078
10.70605
10.71664
10.71189
10.72234
10.71763
10.72803
10.7234
10.73383
10.7292
10.73963
10.73496
10.74528
10.74074
10.751
10.74644
10.75671
10.75221
10.7624
10.75796
10.7683
10.76365
10.77408
10.76945
10.77979
10.77525
10.78553
10.78104
10.79124
10.78683
10.79702
10.79264
10.8028
10.79836
10.80866
10.8042
10.81433
10.81003
10.82029
10.81583
10.82601
10.82164
10.83176
10.82747
10.83752
10.83447
10.84341
10.84028
10.8492
10.8461
10.85499
10.85194
10.86084
10.85772
10.86666
10.86348
10.87258
10.86932
10.87838
10.87521
10.8843
10.88103
10.89012
10.88691
10.89596
10.89277
10.90186
10.89867
10.90763
10.90579
10.91365
10.9117
10.91955
10.91745
10.9254
10.92328
10.9313
10.92913
10.93719
10.93497
10.94298
10.94087
10.94901
10.94666
10.95492
10.95256
10.96071
10.9584
10.96674
10.96428
10.97266
10.97012
10.97851
10.976
10.98456
10.98195
10.9905
10.98793
10.99651
10.99386
11.00255
10.99988
11.00849
11.00583
11.01457
11.01187
11.02048
11.01775
11.02642
11.02372
11.03351
11.02979
11.03972
11.03574
11.04576
11.04181
11.0516
11.04773
11.05777
11.05389
11.06377
11.05988
11.06979
11.06604
11.07576
11.0721
11.08283
11.07815
11.08893
11.08426
11.09494
11.09154
11.10098
11.09767
11.1071
11.1038
11.11317
11.10987
11.11918
11.11605
11.12535
11.12221
11.13126
11.12828
11.13723
11.13451
11.14346
11.14189
11.14954
11.14802
11.1556
11.15429
11.16185
11.16043
11.16809
11.16653
11.17426
11.1727
11.1805
11.17887
11.18787
11.18509
11.19396
11.19135
11.20022
11.19886
11.20645
11.20515
11.21272
11.21146
11.21893
11.21775
11.22531
11.22398
11.23143
11.23028
11.23761
11.23677
11.2439
11.24313
11.25008
11.24949
11.25641
11.25591
11.26271
11.26226
11.2688
11.26867
11.27524
11.27506
11.28155
11.28146
11.28787
11.28802
11.29432
11.29445
11.30061
11.301
11.307
11.30756
11.31334
11.3141
11.31978
11.32059
11.32619
11.32833
11.33265
11.33486
11.33885
11.34134
11.34544
11.34785
11.35169
11.35443
11.35829
11.36101
11.36474
11.36751
11.37126
11.37409
11.37906
11.38069
11.3856
11.3872
11.39215
11.39373
11.39863
11.40016
11.40525
11.40664
11.41178
11.41322
11.41833
11.41968
11.42479
11.4262
11.43123
11.43273
11.43776
11.43919
11.44423
11.44565
11.45061
11.45207
11.45712
11.45851
11.46362
11.46505
11.47009
11.47146
11.47661
11.47786
11.483
11.48555
11.48931
11.49196
11.4959
11.49829
11.5022
11.50462
11.50863
11.51106
11.51503
11.51751
11.52146
11.52388
11.52793
11.53035
11.5344
11.5368
11.54093
11.54324
11.5475
11.54982
11.55398
11.55631
11.56046
11.56292
11.56705
11.56941
11.5737
11.57614
11.58037
11.58262
11.58686
11.58935
11.59358
11.59592
11.60018
11.60265
11.60812
11.60936
11.61481
11.61599
11.62154
11.62272
11.62812
11.62945
11.63484
11.63618
11.64153
11.64291
11.64826
11.64964
11.65498
11.65637
11.6617
11.66311
11.66843
11.66984
11.67515
11.67656
11.68187
11.68329
11.6886
11.69002
11.69532
11.69675
11.70205
11.70348
11.70877
11.71021
11.71549
11.71694
11.72221
11.72366
11.72894
11.73039
11.73565
11.73831
11.74238
11.74504
11.74911
11.75176
11.75583
11.75848
11.76255
11.76521
11.76928
11.77194
11.776
11.77985
11.78273
11.78658
11.78945
11.7933
11.79617
11.80003
11.8029
11.80676
11.80962
11.81349
11.81634
11.82022
11.82307
11.82695
11.82979
11.83368
11.83651
11.8404
11.84324
11.84714
11.84996
11.85387
11.85668
11.86059
11.86341
11.86732
11.87013
11.87405
11.87685
11.88078
11.88357
11.88751
11.8903
11.89424
11.89702
11.90097
11.90374
11.9077
11.91047
11.91442
11.91719
11.92115
11.92391
11.92788
11.93064
11.93461
11.93736
11.94134
11.94408
11.94807
11.9508
11.9548
11.95753
11.96152
11.96426
11.96825
11.97098
11.97497
11.9777
11.9817
11.98442
11.98843
11.99234
11.99515
11.99906
12.00188
12.00578
12.00861
12.0125
12.01535
12.01923
12.02208
12.02595
12.02881
12.03267
12.03554
12.0394
12.04227
12.04612
12.049
12.05284
12.05573
12.05956
12.06246
12.06629
12.06919
12.073
12.07591
12.07973
12.08264
12.08644
12.08937
12.09317
12.0961
12.09988
12.10283
12.1066
12.10956
12.11332
12.11628
12.12004
12.12301
12.12676
12.12974
12.13348
12.13648
12.14021
12.14321
12.14693
12.14994
12.15364
12.15667
12.16036
12.1634
12.16708
12.17013
12.17381
12.17686
12.18053
12.18359
12.18725
12.19032
12.19397
12.19705
12.20069
12.20378
12.20741
12.21051
12.21413
12.21723
12.22086
12.22397
12.22758
12.2307
12.2343
12.23743
12.24103
12.24416
12.24775
12.25089
12.25447
12.25762
12.2612
12.26435
12.26792
12.27108
12.27464
12.27782
12.28136
12.28455
12.28808
12.29128
12.2948
12.29801
12.30153
12.30474
12.30825
12.31147
12.31497
12.31821
12.32169
12.32494
12.32842
12.33167
12.33637
12.3384
12.34309
12.34513
12.34981
12.35186
12.35653
12.35859
12.36325
12.36531
12.36997
12.37205
12.37669
12.37878
12.38342
12.38551
12.39014
12.39224
12.39686
12.39897
12.40358
12.4057
12.4103
12.41243
12.41702
12.41917
12.42375
12.4259
12.43047
12.43262
12.43719
12.43935
12.44392
12.44607
12.45064
12.4528
12.45737
12.45953
12.46409
12.46744
12.47082
12.47416
12.47754
12.48089
12.48426
12.48762
12.49098
12.49435
12.49771
12.50107
12.50443
12.5078
12.51116
12.51453
12.51788
12.52126
12.5246
12.52799
12.53132
12.53472
12.53805
12.54145
12.54477
12.54817
12.55149
12.5549
12.55821
12.56163
12.56494
12.56835
12.57166
12.57508
12.57838
12.58181
12.5851
12.58854
12.59182
12.59527
12.59855
12.602
12.60527
12.60873
12.61199
12.61545
12.61871
12.62218
12.62543
12.6289
12.63215
12.63562
12.63888
12.64235
12.6456
12.64907
12.65232
12.65579
12.65905
12.66251
12.66577
12.66924
12.67249
12.67596
12.67922
12.68268
12.68594
12.68942
12.69266
12.69615
12.69937
12.70287
12.70609
12.7096
12.71281
12.71633
12.71954
12.72305
12.72626
12.72978
12.73299
12.73651
12.73971
12.74323
12.74643
12.74996
12.75316
12.75669
12.75988
12.76342
12.7666
12.77014
12.77332
12.77687
12.78004
12.7836
12.78676
12.79033
12.79348
12.79707
12.8002
12.8038
12.80692
12.81052
12.81365
12.81725
12.82037
12.82398
12.82709
12.83071
12.83382
12.83744
12.84054
12.84417
12.84727
12.8509
12.854
12.85763
12.86072
12.86436
12.86744
12.87109
12.87417
12.87782
12.88089
12.88455
12.88762
12.89128
12.89435
12.89801
12.90107
12.90474
12.9078
12.91147
12.91452
12.9182
12.92124
12.92492
12.92797
12.93165
12.9347
12.93838
12.94142
12.94511
12.94815
12.95184
12.95487
12.95976
12.96159
12.96648
12.96832
12.9732
12.97505
12.97993
12.98178
12.98666
12.9885
12.99458
12.99522
13.0013
13.00195
13.00803
13.00867
13.01476
13.01539
13.0215
13.02212
13.02822
13.03002
13.03495
13.03675
13.04168
13.04347
13.0496
13.0502
13.05632
13.05692
13.06306
13.06365
13.06979
13.07037
13.07652
13.07709
13.08324
13.08382
13.08997
13.09054
13.0967
13.09727
13.10344
13.104
13.11016
13.11072
13.1169
13.11744
13.12363
13.12416
13.13036
13.13089
13.13709
13.13761
13.14382
13.14434
13.15055
13.15106
13.15729
13.15779
13.16402
13.16451
13.17075
13.17124
13.17748
13.17797
13.18421
13.18469
13.19095
13.19141
13.19768
13.19814
13.20441
13.20487
13.21115
13.21159
13.21788
13.21831
13.22461
13.22504
13.23135
13.23176
13.23808
13.23849
13.24481
13.24521
13.25154
13.25194
13.25827
13.25866
13.26501
13.26539
13.27174
13.27212
13.27847
13.27884
13.2852
13.28557
13.29193
13.2923
13.29867
13.29902
13.3054
13.30575
13.31214
13.31247
13.31887
13.32038
13.32561
13.3271
13.33234
13.33383
13.33907
13.34055
13.3458
13.34728
13.35253
13.35401
13.35927
13.36074
13.366
13.36746
13.37273
13.37537
13.37947
13.38209
13.3862
13.38882
13.39412
13.39555
13.40085
13.40228
13.40759
13.409
13.41432
13.41572
13.42105
13.42245
13.42778
13.42918
13.43451
13.43591
13.44124
13.44264
13.44797
13.44936
13.45471
13.45609
13.46144
13.46282
13.46817
13.46954
13.4749
13.47626
13.48163
13.48299
13.48836
13.48972
13.49509
13.49644
13.50182
13.50317
13.50855
13.5099
13.51528
13.51662
13.52201
13.52334
13.52874
13.53006
13.53548
13.53679
13.5422
13.5435
13.54894
13.55023
13.55567
13.55695
13.5624
13.56367
13.56912
13.57039
13.57585
13.57712
13.58258
13.58384
13.58931
13.59057
13.59604
13.5973
13.60277
13.60403
13.6095
13.61076
13.61623
13.61749
13.62296
13.62422
13.62969
13.63094
13.63643
13.63767
13.64316
13.6444
13.64989
13.65113
13.65662
13.65785
13.66335
13.66457
13.67008
13.6713
13.67682
13.67803
13.68354
13.68476
13.69027
13.69149
13.69701
13.69821
13.70374
13.70494
13.71047
13.71167
13.71721
13.71839
13.72394
13.73184
13.73067
13.74529
13.7374
13.75201
13.74414
13.77891
13.75087
13.78563
13.7576
13.79236
13.76433
13.79908
13.77106
13.80581
13.7778
13.81253
13.78453
13.81927
13.79128
13.82599
13.79801
13.83271
13.80474
13.83944
13.81147
13.84616
13.81821
13.85289
13.82494
13.85962
13.83167
13.86634
13.83841
13.87307
13.84514
13.8798
13.85187
13.88652
13.85861
13.89325
13.86534
13.89998
13.87207
13.9079
13.87881
13.91585
13.88554
13.92257
13.89228
13.9293
13.89901
13.93603
13.90574
13.94276
13.91248
13.94949
13.91921
13.95621
13.92714
13.96295
13.93387
13.96967
13.94061
13.97641
13.94734
13.98314
13.95408
13.98986
13.96081
13.99659
13.96754
14.00331
13.97427
14.01004
13.98101
14.01688
13.98774
14.02361
13.99448
14.03033
14.00121
14.03706
14.00795
14.04379
14.01468
14.05052
14.02141
14.05724
14.02814
14.06398
14.03487
14.0707
14.04161
14.07743
14.04834
14.08415
14.05507
14.09087
14.06181
14.09759
14.06854
14.10431
14.07527
14.11104
14.082
14.11777
14.08874
14.1245
14.09547
14.13122
14.10221
14.13795
14.10894
14.14468
14.11567
14.15141
14.12241
14.15814
14.12914
14.16487
14.13587
14.17159
14.1426
14.17832
14.14934
14.18505
14.15607
14.19178
14.1628
14.19851
14.16954
14.20524
14.17626
14.21197
14.18299
14.22543
14.18972
14.23216
14.19645
14.23889
14.20318
14.24562
14.2099
14.25235
14.21665
14.25908
14.22337
14.26581
14.2301
14.27927
14.23683
14.286
14.24356
14.29273
14.25028
14.29945
14.25702
14.30618
14.26375
14.31291
14.27048
14.3331
14.27722
14.33983
14.28395
14.34657
14.29068
14.35329
14.29742
14.36002
14.30415
14.37348
14.31088
14.38021
14.31762
14.38693
14.32435
14.39365
14.33108
14.40712
14.33781
14.41385
14.34454
14.42058
14.35127
14.42731
14.358
14.43404
14.36474
14.44077
14.37147
14.4475
14.37821
14.45423
14.38494
14.46096
14.39168
14.46768
14.39841
14.47441
14.40514
14.48113
14.41188
14.48786
14.41861
14.49458
14.42535
14.50131
14.43209
14.50804
14.43882
14.51477
14.44556
14.5215
14.45229
14.52823
14.45902
14.53496
14.46575
14.54169
14.47248
14.54842
14.47922
14.55515
14.48595
14.56188
14.49268
14.56861
14.49942
14.57534
14.50615
14.58206
14.51289
14.58879
14.51962
14.59552
14.52635
14.60225
14.53309
14.60897
14.53982
14.6157
14.54656
14.62916
14.5533
14.63589
14.56003
14.64262
14.56676
14.64936
14.5735
14.65609
14.58024
14.66282
14.58697
14.66955
14.59371
14.67628
14.60044
14.68301
14.60718
14.68974
14.61391
14.69647
14.62065
14.7032
14.62738
14.70992
14.63412
14.7503
14.64086
14.77048
14.64759
14.77721
14.65433
14.78394
14.66107
14.79066
14.6678
14.79739
14.67454
14.80412
14.68128
14.81084
14.68802
14.81757
14.69475
14.8243
14.70149
14.83103
14.70823
14.83775
14.71496
14.84449
14.72169
14.85121
14.72843
14.85793
14.73517
14.86466
14.74191
14.87138
14.74864
14.87811
14.75538
14.88484
14.76212
14.89157
14.76885
14.8983
14.77559
14.90623
14.78232
14.91296
14.78906
14.91969
14.7958
14.92642
14.80375
14.93315
14.8117
14.94661
14.81844
14.95334
14.82518
14.96007
14.83192
14.9668
14.83865
14.97353
14.84539
14.98026
14.85213
14.98699
14.85887
14.99492
14.86561
15.00165
14.87234
15.00837
14.87908
15.01511
14.88949
15.02551
14.89623
15.03224
14.90296
15.03897
14.9109
15.0457
14.91763
15.05244
14.92437
15.05917
14.93402
15.07382
14.94075
15.08055
14.94749
15.08727
14.95422
15.09401
14.96216
15.10074
14.96889
15.10747
14.97563
15.1142
14.98237
15.12214
14.9891
15.12886
14.99584
15.1356
15.00258
15.14233
15.00931
15.14906
15.01605
15.15698
15.02279
15.16371
15.0332
15.17044
15.03994
15.17718
15.04667
15.18391
15.05341
15.19064
15.06015
15.19738
15.06688
15.20411
15.07362
15.21084
15.08036
15.21757
15.0871
15.22552
15.09669
15.23225
15.10343
15.23898
15.11017
15.24571
15.11691
15.25244
15.12366
15.25917
15.13039
15.2659
15.13714
15.27263
15.14388
15.27936
15.15061
15.28609
15.15736
15.29282
15.1641
15.29955
15.17084
15.30628
15.17758
15.31421
15.18432
15.32094
15.19106
15.32767
15.1978
15.3356
15.20455
15.34905
15.21128
15.36251
15.21802
15.36924
15.22476
15.37597
15.23268
15.3827
15.24309
15.38943
15.25103
15.39616
15.25776
15.40289
15.2645
15.40961
15.27124
15.41634
15.27797
15.42307
15.28471
15.4298
15.29144
15.43653
15.29818
15.44326
15.30491
15.44999
15.31165
15.45671
15.31839
15.46344
15.33133
15.47387
15.33807
15.48059
15.3448
15.48732
15.35153
15.49405
15.35947
15.50078
15.3674
15.5075
15.37413
15.51841
15.38087
15.52513
15.3888
15.53186
15.39674
15.53859
15.40347
15.54652
15.41021
15.55324
15.41694
15.55997
15.42368
15.5667
15.43042
15.57343
15.43715
15.58016
15.44389
15.58689
15.45063
15.59362
15.45855
15.60036
15.46529
15.60708
15.47202
15.61381
15.47876
15.62172
15.48549
15.62845
15.49223
15.65537
15.50017
15.6621
15.50691
15.66883
15.51365
15.67556
15.52157
15.68229
15.52952
15.68902
15.53625
15.69943
15.543
15.70616
15.54974
15.7129
15.55647
15.72331
15.56322
15.73003
15.57612
15.73677
15.58285
15.7435
15.58959
15.75023
15.61162
15.75697
15.61835
15.77652
15.62631
15.78446
15.63305
15.7949
15.63978
15.80163
15.6502
15.80836
15.66062
15.81508
15.66725
15.82303
15.67387
15.82975
15.68038
15.83648
15.68687
15.84441
15.69466
15.85382
15.70228
15.86046
15.7087
15.86699
15.71508
15.87477
15.72146
15.88136
15.72783
15.88788
15.73422
15.89448
15.7419
15.90104
15.752
15.9076
15.76204
15.91409
15.7712
15.92058
15.77871
15.93734
15.78511
15.94384
15.79159
15.95035
15.80173
15.96058
15.8082
15.96703
15.81592
15.97358
15.82362
15.98018
15.83014
15.98677
15.83669
15.99332
15.84319
16
15.8497
16.01535
15.86241
16.02187
15.86887
16.02841
15.8754
16.03866
15.88558
16.04515
15.89205
16.05167
15.90473
16.06681
15.91116
16.0733
15.91867
16.07971
15.92861
16.08612
15.9385
16.09862
15.94829
16.10488
15.95556
16.11484
15.96528
16.12224
15.97124
16.12963
15.97724
16.1358
15.98311
16.14194
15.99513
16.14925
16.00092
16.15529
16.00667
16.16136
16.01524
16.16736
16.02216
16.18206
16.02789
16.18809
16.03365
16.19408
16.03941
16.20005
16.05136
16.21226
16.05709
16.21825
16.06284
16.22421
16.06861
16.23021
16.07434
16.24496
16.08011
16.25103
16.08959
16.25707
16.09537
16.2685
16.10118
16.27457
16.11076
16.28068
16.1178
16.29544
16.1349
16.30154
16.14075
16.30763
16.14668
16.32738
16.15265
16.3335
16.15982
16.34581
16.17699
16.35186
16.18288
16.35792
16.18884
16.36767
16.20591
16.37373
16.2118
16.37983
16.2177
16.38965
16.22476
16.39693
16.23182
16.40425
16.2377
16.41409
16.24359
16.42024
16.26071
16.42927
16.26953
16.43919
16.28662
16.44541
16.2926
16.45914
16.29859
16.4653
16.31086
16.47146
16.31818
16.47758
16.328
16.48987
16.33413
16.49588
16.34024
16.50197
16.34632
16.50803
16.3525
16.51694
16.3586
16.52298
16.36838
16.52901
16.37451
16.53624
16.38061
16.54593
16.38677
16.55193
16.39661
16.55794
16.40275
16.57263
16.40892
16.61702
16.4151
16.62429
16.42127
16.63153
16.43777
16.63884
16.44394
16.6486
16.45013
16.65837
16.47149
16.66565
16.4776
16.68034
16.48369
16.68638
16.50094
16.6924
16.51059
16.69843
16.52182
16.71306
16.52773
16.72024
16.54474
16.72747
16.55058
16.74469
16.55643
16.75067
16.56229
16.7567
16.58182
16.77558
16.58887
16.78286
16.6051
16.79266
16.61477
16.80245
16.63192
16.81233
16.63798
16.82219
16.64404
16.84207
16.659
16.84838
16.66519
16.85475
16.67145
16.86764
16.68057
16.88848
16.70065
16.89619
16.70696
16.90622
16.71336
16.91919
16.72831
16.92681
16.73468
16.93615
16.75725
16.94259
16.7636
16.94898
16.76994
16.95658
16.78251
16.98167
16.78885
16.99171
16.79645
16.99804
16.80909
17.00442
16.81551
17.02838
16.82207
17.03487
16.83227
17.06044
16.84006
17.07077
16.85195
17.07741
16.85862
17.0841
16.86531
17.09953
16.87823
17.10626
16.88497
17.11299
16.89172
17.12594
16.89839
17.13263
16.91376
17.1393
16.92154
17.16314
16.9317
17.17061
16.95154
17.18041
16.96127
17.18763
16.97583
17.1997
16.98166
17.20557
16.98746
17.21142
16.99324
17.21841
17.02007
17.23032
17.02574
17.23604
17.03141
17.25794
17.05329
17.26497
17.05895
17.27439
17.06464
17.29608
17.0765
17.30188
17.0834
17.32139
17.10283
17.32729
17.10863
17.33322
17.13072
17.34034
17.13666
17.34906
17.15382
17.35502
17.15982
17.36097
17.16587
17.36692
17.18281
17.38168
17.18899
17.39141
17.1951
17.39867
17.20124
17.41335
17.21107
17.41941
17.23331
17.42541
17.23937
17.44927
17.24545
17.48207
17.27758
17.50426
17.31746
17.51937
17.34213
17.52529
17.34806
17.53124
17.35402
17.55338
17.37112
17.55917
17.37832
17.57864
17.40701
17.58446
17.41422
17.59028
17.43887
17.61392
17.44763
17.62342
17.46473
17.66036
17.48921
17.6698
17.49874
17.70499
17.53583
17.71188
17.57091
17.75051
17.57662
17.78588
17.61098
17.82287
17.63836
17.85454
17.6476
17.85999
17.68184
17.86544
17.71265
17.89947
17.7182
17.90613
17.72377
17.938
17.7495
17.96293
17.7551
17.9697
17.7607
18.00906
17.79318
18.03998
17.79886
18.07577
17.83573
18.08133
17.85849
18.08688
17.86781
18.11767
17.89404
18.15504
17.91736
18.17719
17.95201
18.20286
17.98398
18.20945
18.00559
18.24828
18.03635
18.28599
18.07363
18.30908
18.10534
18.31553
18.11059
18.35203
18.19759
18.38766
18.20556
18.41792
18.22444
18.42642
18.23086
18.46479
18.26459
18.49093
18.28512
18.49995
18.31415
18.53721
18.33745
18.57413
18.37733
18.61093
18.40487
18.63637
18.41126
18.64525
18.43714
18.67405
18.45513
18.67921
18.46029
18.68439
18.46545
18.70263
18.48676
18.70781
18.49193
18.713
18.4971
18.74039
18.51845
18.74887
18.53385
18.78291
18.54277
18.80339
18.56827
18.82247
18.59479
18.85925
18.60006
18.88153
18.60536
18.90841
18.6281
18.91673
18.65209
18.93365
18.67622
18.95141
18.71243
18.9572
18.74689
18.96304
18.77898
18.97999
18.78436
18.98574
18.78973
18.99137
18.82627
19.02913
18.84773
19.06732
18.85296
19.10101
18.85817
19.13965
18.89678
19.14488
18.92375
19.15011
18.95552
19.18794
18.96193
19.22196
18.99975
19.25868
19.00768
19.28913
19.0387
19.327
19.05755
19.36547
19.06399
19.39461
19.07288
19.4037
19.10048
19.44015
19.1174
19.46686
19.12265
19.49147
19.15542
19.49977
19.18517
19.5141
19.22411
19.53531
19.24975
19.54457
19.28197
19.57187
19.30718
19.60006
19.34271
19.63902
19.37502
19.66731
19.40874
19.67283
19.41531
19.67841
19.44917
19.70522
19.4899
19.71454
19.52143
19.75351
19.55886
19.79317
19.5681
19.82053
19.60029
19.854
19.60582
19.8728
19.62739
19.89633
19.66272
19.90307
19.69721
19.93141
19.72357
19.96128
19.74824
19.97681
19.77706
19.98378
19.81515
20.0148
19.84672
20.03521
19.87672
20.10141
19.90896
20.12757
19.91565
20.13334
19.95043
20.15287
19.9596
20.15981
19.99692
20.1793
20.03436
20.18611
20.06292
20.22119
20.07203
20.2305
20.10507
20.26376
20.13611
20.29562
20.14524
20.30472
20.17097
20.33986
20.1776
20.34823
20.20673
20.37995
20.21512
20.38911
20.23989
20.4124
20.26166
20.42154
20.28724
20.44393
20.29637
20.45063
20.31802
20.48718
20.32713
20.5139
20.34776
20.54691
20.37896
20.57102
20.41591
20.60657
20.45236
20.6402
20.48495
20.64926
20.49402
20.67605
20.53268
20.70755
20.56086
20.71677
20.5699
20.74815
20.59647
20.78559
20.60469
20.8206
20.63684
20.84321
20.65627
20.87832
20.66539
20.89951
20.70451
20.90527
20.72901
20.91092
20.73812
20.93671
20.75852
20.97398
20.76394
21.00602
20.80044
21.01278
20.8239
21.0513
20.86214
21.08166
20.89155
21.1196
20.89822
21.1552
20.93548
21.1921
20.97106
21.19938
21.00813
21.22617
21.0381
21.24419
21.04687
21.24973
21.07834
21.26921
21.10674
21.29018
21.14215
21.32827
21.17322
21.36307
21.20911
21.40652
21.24396
21.46243
21.2743
21.50181
21.29901
21.53089
21.32417
21.54262
21.3483
21.56091
21.37582
21.58732
21.41018
21.61034
21.41695
21.6197
21.45377
21.65149
21.49259
21.68793
21.53116
21.72566
21.56929
21.73409
21.60144
21.75564
21.63278
21.87979
21.66777
21.88667
21.67438
21.94101
21.70811
21.96819
21.74369
21.98699
21.77907
22.019
21.81414
22.04563
21.84852
22.07419
21.88539
22.10414
21.92186
22.14417
21.95664
22.17296
21.99543
22.20659
22.0022
22.23756
22.03529
22.24715
22.07027
22.28126
22.10286
22.31446
22.13946
22.33636
22.17504
22.34477
22.21241
22.36655
22.24951
22.45976
22.28163
22.52728
22.31475
22.55423
22.35198
22.58878
22.38938
22.6322
22.42387
22.66476
22.45875
22.69907
22.49283
22.73767
22.52837
22.77291
22.55944
22.80585
22.59488
22.83141
22.62818
22.84049
22.66358
22.87168
22.69876
22.90869
22.73162
22.94677
22.76539
22.97876
22.79039
23.01585
22.82807
23.02246
22.86051
23.0491
22.89923
23.11779
22.92919
23.16258
22.96635
23.18924
23.00342
23.20824
23.03626
23.23953
23.07012
23.25759
23.10022
23.29009
23.10712
23.31547
23.14058
23.34204
23.16748
23.37285
23.19143
23.40866
23.19837
23.43406
23.22983
23.46814
23.23624
23.50097
23.26204
23.51007
23.29342
23.53269
23.29984
23.54178
23.33562
23.56397
23.36127
23.58958
23.39869
23.61003
23.43294
23.61867
23.46577
23.65614
23.4983
23.68711
23.53464
23.72479
23.56662
23.76124
23.59823
23.79695
23.60617
23.82248
23.64152
23.8291
23.67313
23.86573
23.68206
23.90407
23.71782
23.93987
23.74897
23.97852
23.78499
23.98773
23.8202
24.02394
23.85293
24.06186
23.88923
24.09806
23.92181
24.13257
23.9497
24.16953
23.98397
24.20178
23.99293
24.23397
24.02746
24.24305
24.05895
24.28097
24.09579
24.31623
24.12939
24.35321
24.16231
24.38378
24.17121
24.42053
24.20279
24.45145
24.22799
24.46041
24.23316
24.48777
24.26759
24.49672
24.29106
24.52315
24.30902
24.53106
24.31541
24.55757
24.33816
24.56407
24.36112
24.57679
24.37379
24.58334
24.38836
24.60118
24.41777
24.62932
24.44054
24.65206
24.46241
24.65737
24.49826
24.68323
24.52641
24.71195
24.56256
24.73755
24.56896
24.77564
24.60455
24.81219
24.63514
24.85097
24.6689
24.88702
24.69991
24.92058
24.72952
24.95697
24.7515
24.99208
24.77899
25.03017
24.83577
25.06914
24.86651
25.10219
24.89898
25.13867
24.93168
25.17227
24.96221
25.20753
24.97112
25.24087
25.00515
25.2486
25.03977
25.28654
25.07046
25.31894
25.07927
25.35265
25.1082
25.37268
25.11465
25.37811
25.13414
25.41592
25.1707
25.44881
25.17971
25.47549
25.21305
25.48216
25.24546
25.5124
25.27908
25.5305
25.31532
25.56786
25.34846
25.59863
25.38254
25.6384
25.41821
25.66968
25.44836
25.6979
25.47892
25.70704
25.48414
25.73792
25.48934
25.7563
25.51598
25.76442
25.52246
25.79082
25.55643
25.79978
25.59115
25.83216
25.59999
25.83736
25.63415
25.84254
25.66838
25.86586
25.69913
25.87476
25.71548
25.90111
25.73702
25.90755
25.74581
25.94574
25.77079
25.9745
25.79326
26.0084
25.82994
26.0404
25.84872
26.07768
25.87625
26.11363
25.91084
26.13892
25.941
26.14781
25.94869
26.17425
25.97483
26.19988
25.98116
26.20509
26.01246
26.21029
26.01759
26.23166
26.0512
26.25841
26.08883
26.29457
26.12407
26.33147
26.15325
26.36565
26.19245
26.39413
26.22783
26.43066
26.25826
26.45942
26.28471
26.49348
26.29278
26.50111
26.3199
26.52171
26.32877
26.52694
26.35793
26.53215
26.36428
26.55867
26.37811
26.56507
26.38695
26.58549
26.41336
26.61817
26.43868
26.6247
26.46376
26.65924
26.47011
26.68821
26.49722
26.71336
26.5061
26.71984
26.54118
26.74996
26.56626
26.75795
26.60264
26.79481
26.63859
26.82501
26.6731
26.86164
26.68195
26.87058
26.71954
26.9075
26.74621
26.91648
26.77204
26.95493
26.79757
26.99159
26.82669
27.02701
26.84414
27.0578
26.84933
27.09201
26.90974
27.12249
26.91615
27.16005
26.94688
27.19406
26.95593
27.23216
26.99016
27.24139
27.0251
27.28042
27.06286
27.30525
27.09769
27.33165
27.12742
27.33706
27.13639
27.35908
27.16842
27.38363
27.19848
27.4056
27.22438
27.41208
27.23325
27.44355
27.26433
27.45255
27.27319
27.47153
27.29162
27.49539
27.29678
27.50065
27.30194
27.5059
27.32592
27.54437
27.34896
27.58195
27.38096
27.61079
27.40509
27.64047
27.41145
27.64569
27.43423
27.65092
27.45939
27.68844
27.49286
27.7195
27.52622
27.75329
27.55874
27.79154
27.59534
27.80046
27.62908
27.8356
27.66188
27.87009
27.69191
27.90202
27.70084
27.93534
27.7715
27.96064
27.79318
27.96714
27.80085
28.00114
27.82882
28.00759
27.84513
28.03338
27.87152
28.06642
27.90628
28.09751
27.91515
28.11939
27.93647
28.13943
27.97284
28.14596
28.00407
28.1775
28.0322
28.21421
28.03856
28.24993
28.06399
28.27543
28.08176
28.2831
28.08692
28.30757
28.09208
28.31407
28.11624
28.33548
28.13891
28.36818
28.14781
28.39488
28.1787
28.42506
28.2036
28.4485
28.23129
28.45759
28.26651
28.49181
28.29757
28.52065
28.30647
28.52981
28.34456
28.55965
28.37682
28.59739
28.40592
28.63082
28.44235
28.66195
28.46882
28.6953
28.48883
28.73448
28.52445
28.76969
28.55753
28.80424
28.59041
28.83084
28.62269
28.86152
28.65925
28.87073
28.66452
28.90194
28.66979
28.91129
28.69974
28.9382
28.73334
28.94388
28.76102
28.97823
28.79486
29.01351
28.83098
29.04175
28.86514
29.07561
28.89401
29.09371
28.92656
29.13245
28.96011
29.16667
28.99069
29.20382
29.02563
29.23948
29.0566
29.27329
29.09082
29.304
29.12658
29.31311
29.13547
29.34927
29.16761
29.38033
29.1765
29.40667
29.20508
29.41578
29.21025
29.4523
29.24375
29.48277
29.27728
29.52235
29.30971
29.55719
29.34318
29.59419
29.378
29.62415
29.41175
29.65794
29.42058
29.66683
29.4572
29.70491
29.48271
29.74218
29.5177
29.77246
29.53743
29.77769
29.56862
29.78291
29.59799
29.81464
29.62104
29.82361
29.62999
29.85015
29.6643
29.88483
29.6873
29.91839
29.71363
29.95175
29.74494
29.98562
29.77532
29.99219
29.8097
30.02967
29.84468
30.0664
29.88369
30.10453
29.91796
30.14101
29.95094
30.17727
29.98418
30.21106
30.02035
30.24728
30.05598
30.28474
30.09
30.3192
30.12362
30.3545
30.15817
30.39288
30.1967
30.42785
30.23008
30.46331
30.26589
30.50023
30.2996
30.532
30.33548
30.56668
30.37161
30.57555
30.40479
30.61256
30.43815
30.64251
30.46706
30.67593
30.48656
30.6835
30.52419
30.71622
30.55776
30.75055
30.59409
30.78587
30.62677
30.82483
30.65242
30.86288
30.66133
30.89813
30.69401
30.92871
30.72808
30.95554
30.76276
30.96455
30.7957
30.9977
30.82952
31.02803
30.86488
31.05764
30.89403
31.09089
30.92473
31.09988
30.94637
31.13894
30.97456
31.16122
31.01181
31.16774
31.04989
31.20336
31.08366
31.27785
31.1196
31.31455
31.1555
31.35021
31.19354
31.38722
31.22394
31.42404
31.25889
31.45653
31.29525
31.4958
31.33147
31.50362
31.3652
31.54102
31.39977
31.57876
31.43221
31.61277
31.46992
31.64712
31.50357
31.68155
31.53922
31.71631
31.5481
31.74632
31.58233
31.78396
31.61807
31.82058
31.65325
31.8652
31.68735
31.90134
31.72044
31.93414
31.74741
31.97052
31.77765
32.00496
31.81344
32.03493
31.84859
32.0401
31.88293
32.06521
31.91462
32.09432
31.94841
32.12576
31.98173
32.15688
32.01656
32.1658
32.0241
32.19933
32.05284
32.23424
32.06794
32.27036
32.10461
32.3055
32.13218
32.33995
32.16711
32.37659
32.20229
32.41106
32.23855
32.44702
32.26776
32.5025
32.30061
32.51152
32.33704
32.54945
32.37094
32.58559
32.4047
32.62125
32.43603
32.65877
32.47216
32.69524
32.50513
32.73291
32.5369
32.76686
32.57476
32.8041
32.60836
32.83709
32.64275
32.84612
32.67494
32.88068
32.71126
32.91494
32.74053
32.92133
32.7702
32.95665
32.8028
32.96308
32.83665
32.99649
32.84422
33.03263
32.85936
33.05917
32.87867
33.06803
32.88496
33.09859
32.91411
33.13172
32.95353
33.16806
32.95989
33.19833
32.99183
33.23544
33.01768
33.26733
33.05357
33.28885
33.06109
33.29771
33.0902
33.32174
33.12285
33.35772
33.15841
33.36667
33.1911
33.40088
33.22759
33.43892
33.26001
33.47277
33.28571
33.50787
33.31841
33.54302
33.35306
33.58039
33.37973
33.61552
33.43434
33.64711
33.46725
33.67976
33.47236
33.71232
33.50323
33.74067
33.51121
33.76234
33.54702
33.79964
33.5838
33.83513
33.61711
33.86323
33.65084
33.87077
33.68673
33.90623
33.70745
33.91517
33.7154
33.93945
33.75161
33.94838
33.78993
33.98228
33.82077
34.01524
33.84744
34.04873
33.88295
34.08496
33.91641
34.11972
33.95102
34.15625
33.98263
34.19169
34.01588
34.22551
34.05011
34.26306
34.0833
34.294
34.11893
34.30038
34.15485
34.33583
34.18998
34.37517
34.22178
34.41208
34.22815
34.4499
34.26421
34.48643
34.29708
34.52233
34.33213
34.55692
34.36474
34.5915
34.39688
34.62269
34.43262
34.65908
34.46233
34.69086
34.4984
34.69979
34.5059
34.73307
34.53218
34.7419
34.54705
34.76965
34.58176
34.80221
34.61044
34.81107
34.61877
34.8448
34.65101
34.85114
34.67883
34.87615
34.68629
34.88494
34.72063
34.9213
34.75297
34.94335
34.78784
34.97472
34.81386
35.01225
34.82263
35.04277
34.85852
35.05169
34.89096
35.08812
34.92786
35.1245
34.95804
35.1552
34.9924
35.1933
35.0474
35.22932
35.08117
35.26187
35.11519
35.2985
35.1497
35.33419
35.18621
35.36959
35.22414
35.40646
35.2606
35.43932
35.29739
35.47718
35.33081
35.5119
35.36652
35.55194
35.39624
35.58718
35.42651
35.62371
35.46449
35.6326
35.49824
35.66528
35.53437
35.68918
35.57059
35.72209
35.57572
35.74599
35.60764
35.75485
35.64325
35.78252
35.67411
35.82661
35.70789
35.85237
35.74286
35.85876
35.77556
35.88935
35.81449
35.92716
35.84921
35.96319
35.88717
36.00605
35.92279
36.04012
35.95684
36.07661
35.99429
36.11335
36.02956
36.14743
36.0653
36.18373
36.09895
36.21778
36.12965
36.22636
36.16623
36.26441
36.20293
36.29596
36.2121
36.33
36.24508
36.36311
36.2788
36.39959
36.31423
36.43291
36.35014
36.47156
36.38443
36.508
36.41959
36.54421
36.45366
36.5782
36.49004
36.61275
36.52162
36.65203
36.55618
36.68885
36.58974
36.72712
36.62525
36.76363
36.65532
36.79761
36.69257
36.83428
36.70145
36.87279
36.73964
36.91007
36.7751
36.94648
36.81008
36.98146
36.84666
37.01758
36.87911
37.0522
36.91285
37.08879
36.94713
37.09653
36.98096
37.12507
37.01487
37.15205
37.04886
37.18775
37.07814
37.22605
37.08446
37.26112
37.11947
37.29688
37.14422
37.33208
37.17973
37.37043
37.24685
37.40814
37.28249
37.44493
37.32
37.48238
37.35466
37.52075
37.39357
37.55959
37.42856
37.59621
37.4645
37.60518
37.50105
37.64359
37.53636
37.67496
37.5707
37.71403
37.60344
37.74728
37.6406
37.78482
37.67472
37.82315
37.71049
37.85752
37.78236
37.89555
37.83911
37.93255
37.84804
37.97075
37.88091
38.0051
37.91295
38.03589
37.94887
38.07152
37.98223
38.10566
38.01681
38.13794
38.04556
38.17057
38.07806
38.17817
38.112
38.2124
38.14721
38.24589
38.18319
38.28377
38.21833
38.32028
38.25673
38.35778
38.2929
38.39682
38.32355
38.43263
38.35917
38.465
38.3963
38.50315
38.43149
38.5398
38.46182
38.5709
38.4888
38.60707
38.52362
38.64256
38.55986
38.67933
38.59487
38.71365
38.62777
38.73951
38.65776
38.74594
38.66566
38.77607
38.69814
38.80996
38.73348
38.83707
38.77048
38.87189
38.80376
38.90558
38.83527
38.94207
38.8709
38.97843
38.90789
39.01466
38.91672
39.05352
38.95026
39.08561
38.97686
39.12246
39.00235
39.13135
39.03011
39.16782
39.06578
39.20173
39.09801
39.23773
39.13388
39.27311
39.16576
39.30416
39.19979
39.34246
39.23039
39.37226
39.26008
39.38117
39.29544
39.41524
39.32967
39.44339
39.36449
39.47367
39.39579
39.48264
39.42881
39.5206
39.45798
39.55079
39.49347
39.58989
39.52164
39.62262
39.55558
39.65854
39.59278
39.69392
39.62531
39.72916
39.66218
39.76499
39.69337
39.80093
39.70229
39.80991
39.73593
39.84786
39.77215
39.88287
39.80053
39.91747
39.83491
39.95486
39.86685
39.99081
39.90336
40.02979
39.94055
40.06433
39.9703
40.0984
40.0012
40.13736
40.0395
40.17385
40.0764
40.20724
40.11177
40.21619
40.14855
40.25518
40.17874
40.29108
40.18512
40.32958
40.24936
40.36786
40.28608
40.40794
40.32516
40.44442
40.35551
40.47972
40.3896
40.5175
40.42484
40.55411
40.46397
40.59209
40.50149
40.63046
40.53888
40.66896
40.57403
40.70924
40.60926
40.74762
40.64658
40.7834
40.67979
40.82027
40.71731
40.85732
40.74862
40.89555
40.78284
40.93256
40.82102
40.97336
40.85945
41.01135
40.89422
41.04887
40.92834
41.08631
40.96129
41.12205
40.99688
41.15903
41.0327
41.19755
41.06799
41.23216
41.10344
41.26527
41.13955
41.30075
41.17377
41.33844
41.21333
41.37672
41.25089
41.4126
41.2813
41.44988
41.31797
41.48584
41.35262
41.52355
41.39002
41.5616
41.4188
41.59856
41.45532
41.63608
41.49147
41.67178
41.52793
41.71098
41.56169
41.74689
41.59724
41.78501
41.63013
41.8231
41.66687
41.85814
41.70243
41.89323
41.73487
41.92573
41.76885
41.96429
41.80542
41.99823
41.83913
42.03317
41.91185
42.06483
41.92072
42.10092
41.95435
42.13568
41.9632
42.17027
41.99849
42.2048
42.03243
42.21373
42.06927
42.2501
42.10564
42.28601
42.14373
42.32392
42.1811
42.36067
42.217
42.39791
42.25499
42.43312
42.28747
42.47087
42.32309
42.50891
42.35835
42.54633
42.36731
42.58161
42.40494
42.62086
42.44148
42.65987
42.47836
42.69801
42.51618
42.73507
42.5547
42.77377
42.58832
42.8073
42.61964
42.84273
42.65625
42.87961
42.69036
42.91721
42.72754
42.95245
42.76389
42.99202
42.8017
43.03094
42.83493
43.06897
42.87277
43.10555
42.91213
43.14288
42.94609
43.17686
42.98259
43.21492
43.01817
43.25293
43.05274
43.29095
43.08934
43.32816
43.12329
43.36388
43.15817
43.40377
43.19489
43.44025
43.23225
43.47825
43.26986
43.51587
43.29816
43.5509
43.33547
43.59023
43.37153
43.6293
43.40597
43.66875
43.44457
43.70618
43.479
43.74343
43.51479
43.7814
43.54901
43.81924
43.58657
43.85506
43.6265
43.89425
43.65891
43.93276
43.69424
43.97129
43.73191
44.00728
43.80584
44.04667
43.83939
44.08041
43.87636
44.11837
43.91172
44.15662
43.94596
44.18671
43.98363
44.22525
44.01738
44.26292
44.05641
44.29952
44.08721
44.33737
44.1218
44.37412
44.1577
44.41105
44.18986
44.44627
44.22766
44.48452
44.26128
44.51933
44.2998
44.55437
44.33102
44.59104
44.36876
44.6301
44.40364
44.66584
44.50783
44.70451
44.54179
44.74082
44.58065
44.77641
44.61091
44.81375
44.64782
44.84846
44.6788
44.88595
44.7136
44.92233
44.75159
44.95987
44.7883
44.99727
44.81974
45.03492
44.85846
45.07394
44.89209
45.1096
44.92976
45.14515
44.96307
45.18247
44.99834
45.21976
45.03465
45.25499
45.06818
45.29131
45.10146
45.33009
45.13737
45.36872
45.17073
45.40802
45.20963
45.44367
45.24389
45.48237
45.27922
45.5182
45.31261
45.55909
45.34761
45.59818
45.38329
45.63525
45.42018
45.67446
45.45826
45.71075
45.49056
45.74806
45.52622
45.78687
45.56102
45.8234
45.59675
45.85559
45.63466
45.89297
45.66802
45.90192
45.70428
45.93942
45.74129
45.97778
45.77632
46.01281
45.81267
46.04911
45.85009
46.05814
45.88618
46.09576
45.91925
46.12585
45.95435
46.16125
45.98642
46.19882
46.01955
46.23372
46.05594
46.27085
46.0905
46.30632
46.12689
46.3436
46.16076
46.37691
46.19601
46.41467
46.22974
46.44827
46.26773
46.48536
46.30005
46.52037
46.33743
46.55834
46.36641
46.59435
46.40058
46.63279
46.43793
46.67084
46.4719
46.70963
46.50968
46.74853
46.54528
46.78635
46.58134
46.82338
46.6157
46.85873
46.65055
46.89463
46.68591
46.93281
46.72207
46.9665
46.75563
47.00219
46.79129
47.03861
46.82311
47.07532
46.85902
47.11386
46.89737
47.15046
46.93278
47.18724
46.96663
47.22266
47.00569
47.26002
47.04007
47.29703
47.07647
47.3333
47.10991
47.36936
47.14503
47.4084
47.18337
47.44679
47.22074
47.48298
47.25698
47.51838
47.28752
47.55503
47.31997
47.59223
47.35782
47.62986
47.39174
47.66224
47.42504
47.7004
47.46174
47.73524
47.49437
47.77314
47.52996
47.80989
47.56797
47.8426
47.606
47.87768
47.63904
47.91603
47.67013
47.94821
47.70895
47.98798
47.74709
48.02056
47.78112
48.06123
47.81453
48.09683
47.84616
48.13514
47.87775
48.17252
47.91602
48.20833
47.95395
48.24375
47.98927
48.27649
48.02335
48.3135
48.0592
48.34988
48.09391
48.38617
48.13026
48.41315
48.16774
48.45047
48.20112
48.48875
48.23008
48.52798
48.27091
48.56477
48.30484
48.59978
48.34216
48.63618
48.37544
48.67315
48.40762
48.70729
48.44218
48.7421
48.4795
48.77814
48.5162
48.8154
48.58331
48.85276
48.6193
48.89078
48.65496
48.92728
48.6857
48.96525
48.72296
49.00227
48.75687
49.03755
48.78836
49.0766
48.82639
49.11351
48.86217
49.14922
48.89528
49.18641
48.92895
49.2249
48.96884
49.26328
49.00597
49.29705
49.04319
49.33217
49.07487
49.37122
49.11069
49.40436
49.14673
49.43971
49.1803
49.47848
49.21088
49.51271
49.24583
49.5493
49.2762
49.58697
49.38926
49.62563
49.41975
49.65951
49.45792
49.69724
49.49319
49.73795
49.53025
49.77422
49.5663
49.8133
49.60355
49.85221
49.63563
49.88662
49.67289
49.9246
49.70763
49.96331
49.73993
50.00013
49.77546
50.03474
49.81157
50.07416
49.84806
50.11285
49.88509
50.14698
49.92065
50.1854
49.95645
50.22382
49.99214
50.2614
50.02879
50.29882
50.06685
50.33801
50.09883
50.37619
50.13386
50.41402
50.16921
50.45082
50.20371
50.48826
50.2373
50.52625
50.2724
50.56255
50.30676
50.59874
50.34513
50.63873
50.38202
50.67659
50.41509
50.71735
50.45074
50.75653
50.48646
50.79363
50.52312
50.82735
50.55569
50.86299
50.62754
50.90208
50.6647
50.93954
50.70301
50.97752
50.73943
51.01409
50.77381
51.05109
50.8099
51.08795
50.84562
51.12704
50.88202
51.16428
50.95625
51.20172
50.99031
51.23792
51.02564
51.27623
51.03455
51.31526
51.06924
51.35262
51.10732
51.38971
51.14555
51.42072
51.18258
51.45696
51.2201
51.4957
51.25549
51.53493
51.29211
51.57164
51.33021
51.60886
51.36623
51.64909
51.40514
51.68654
51.44305
51.72638
51.47986
51.76568
51.51724
51.80627
51.55706
51.84546
51.59469
51.88446
51.6306
51.92258
51.66491
51.9592
51.70165
51.99602
51.73809
52.03516
51.77519
52.07394
51.8134
52.11273
51.84446
52.15045
51.88117
52.18745
51.91851
52.22528
51.95561
52.23168
51.99174
52.26921
52.02674
52.3099
52.06176
52.34892
52.09761
52.38357
52.13574
52.42024
52.17355
52.45931
52.2031
52.49717
52.23951
52.53337
52.31145
52.56733
52.34661
52.60566
52.38264
52.6437
52.42046
52.68297
52.45692
52.72091
52.49442
52.75955
52.52993
52.79399
52.5658
52.83136
52.60287
52.86941
52.6434
52.90707
52.67965
52.94579
52.71649
52.98446
52.75415
53.0234
52.79121
53.06205
52.86791
53.10137
52.90446
53.13954
52.93961
53.17702
52.97841
53.2165
53.01747
53.25565
53.05344
53.29253
53.08873
53.33078
53.12379
53.36747
53.1621
53.40454
53.19684
53.442
53.23428
53.48129
53.26989
53.52011
53.30787
53.55765
53.34389
53.59713
53.38152
53.63587
53.41781
53.67438
53.44854
53.7124
53.48801
53.75129
53.56154
53.78826
53.59558
53.82901
53.63018
53.86687
53.66724
53.90527
53.69931
53.94235
53.73563
53.98176
53.76955
54.01778
53.8037
54.05855
53.83976
54.09314
53.87611
54.13331
53.91315
54.17125
53.94785
54.2099
53.97901
54.24892
54.01723
54.28432
54.0503
54.32423
54.08795
54.36348
54.12349
54.4013
54.16024
54.44051
54.19813
54.47747
54.23667
54.51664
54.27465
54.5559
54.31195
54.59402
54.34664
54.63488
54.38504
54.66896
54.41663
54.70856
54.45147
54.74583
54.48635
54.78247
54.52298
54.821
54.56118
54.85958
54.59467
54.89783
54.63152
54.9339
54.66848
54.97439
54.70391
55.0122
54.74015
55.04876
54.77548
55.08635
54.80867
55.12486
54.8793
55.1606
54.88565
55.19752
54.91796
55.23309
54.95313
55.2683
54.99022
55.30467
55.02468
55.34119
55.0612
55.37997
55.09866
55.41729
55.1337
55.4539
55.16908
55.48841
55.20504
55.52628
55.24031
55.56426
55.27661
55.59869
55.31248
55.63673
55.34703
55.67381
55.38062
55.70987
55.41648
55.74626
55.45284
55.78487
55.48816
55.8246
55.52527
55.86245
55.56283
55.90203
55.59937
55.93935
55.6363
55.9762
55.67371
56.01342
55.71106
56.05429
55.74736
56.09182
55.78272
56.13107
55.81974
56.1675
55.85217
56.20412
55.88952
56.24356
55.92813
56.28101
55.96867
56.31805
56.00307
56.35721
56.04088
56.39678
56.07772
56.43476
56.11294
56.47377
56.15036
56.51209
56.18658
56.55089
56.22439
56.58591
56.26328
56.62425
56.29692
56.6632
56.33417
56.69932
56.37118
56.73857
56.40343
56.77613
56.44042
56.81435
56.477
56.85149
56.51409
56.88976
56.55127
56.92705
56.58781
56.96606
56.62243
57.00283
56.65722
57.04308
56.73428
57.07909
56.76555
57.11788
56.805
57.15401
56.83881
57.19053
56.87469
57.22842
56.9125
57.26537
56.9503
57.30396
56.98731
57.34251
57.02066
57.38219
57.05901
57.42076
57.09528
57.4558
57.16756
57.49534
57.20645
57.53283
57.27982
57.57219
57.31672
57.61086
57.35408
57.65154
57.38722
57.68611
57.4214
57.72375
57.4568
57.76259
57.49592
57.80086
57.53116
57.83979
57.56709
57.87785
57.60431
57.91465
57.6419
57.95393
57.67803
57.9924
57.7151
58.02968
57.75048
58.06807
57.78693
58.10738
57.82227
58.14791
57.85902
58.18468
57.89808
58.22361
57.93427
58.26274
57.97184
58.30246
58.00908
58.33978
58.04583
58.37806
58.08459
58.4173
58.11941
58.45511
58.15469
58.49249
58.19017
58.52928
58.26304
58.56606
58.29861
58.60503
58.33679
58.64301
58.37147
58.68014
58.40519
58.71881
58.43876
58.75137
58.47222
58.78992
58.50859
58.82795
58.54354
58.8667
58.57932
58.90575
58.61624
58.94091
58.65409
58.98014
58.69016
59.0181
58.72819
59.05608
58.76247
59.09315
58.79868
59.13208
58.83635
59.16913
58.8726
59.20972
58.9099
59.24848
58.94847
59.28736
58.98505
59.32656
59.02373
59.36577
59.05723
59.40129
59.0941
59.43744
59.12898
59.47732
59.16709
59.51434
59.20564
59.55482
59.24288
59.59316
59.2773
59.63441
59.31797
59.67262
59.35577
59.71297
59.39615
59.75163
59.43431
59.78947
59.50751
59.83013
59.54827
59.86963
59.58622
59.91071
59.62415
59.94929
59.66193
59.98965
59.69732
60.02711
59.7311
60.06388
59.76896
60.1016
59.80595
60.13988
59.84417
60.17941
59.88362
60.21905
59.92136
60.25799
59.95989
60.29767
59.99704
60.33748
60.03567
60.37866
60.07416
60.41741
60.11349
60.45654
60.15205
60.49669
60.18771
60.53484
60.22705
60.57407
60.26437
60.61257
60.30141
60.65206
60.33884
60.69059
60.3728
60.73019
60.41197
60.76951
60.45023
60.80824
60.48648
60.8458
60.5226
60.88599
60.56103
60.92464
60.59932
60.96294
60.63807
61.00188
60.67731
61.03943
60.71437
61.07899
60.75264
61.11828
60.78748
61.15561
60.82391
61.19301
60.85821
61.23231
60.895
61.27103
60.93125
61.30868
60.96939
61.34634
61.00674
61.38535
61.04576
61.42459
61.08269
61.46131
61.12034
61.50047
61.1558
61.53563
61.19221
61.57181
61.22546
61.61068
61.2626
61.65018
61.30289
61.68916
61.33867
61.72807
61.37701
61.76463
61.41517
61.805
61.45184
61.84078
61.48849
61.88062
61.52495
61.917
61.56147
61.95394
61.59678
61.99335
61.63544
62.03253
61.67289
62.07327
61.71149
62.11169
61.74941
62.15126
61.78701
62.18929
61.82508
62.22596
61.8628
62.26471
61.89384
62.30049
61.92928
62.33795
61.96372
62.37105
62.00165
62.40981
62.03451
62.44847
62.07022
62.48527
62.10829
62.52293
62.14662
62.5608
62.15548
62.59951
62.19259
62.63798
62.228
62.67547
62.26547
62.71191
62.29782
62.74884
62.3338
62.788
62.4438
62.82601
62.48306
62.86539
62.52104
62.90316
62.55774
62.94133
62.59454
62.98053
62.63229
63.01874
62.66954
63.05944
62.70464
63.09678
62.74274
63.13594
62.78086
63.1746
62.81903
63.21385
62.85637
63.2523
62.89558
63.29093
62.93415
63.32916
62.9735
63.36732
63.01267
63.40669
63.04779
63.44622
63.0837
63.48582
63.12238
63.52539
63.16027
63.56569
63.19851
63.60371
63.23698
63.64471
63.27523
63.6843
63.31067
63.72445
63.34918
63.76255
63.38891
63.80283
63.42542
63.84233
63.46356
63.88219
63.50286
63.9216
63.54123
63.96043
63.61667
63.99929
63.65628
64.03854
63.6914
64.07854
63.73052
64.11773
63.76751
64.15207
63.80482
64.19124
63.8424
64.22871
63.87865
64.26778
63.91541
64.30512
63.95376
64.34337
63.98919
64.38004
64.02691
64.41762
64.06152
64.45615
64.09737
64.4956
64.13525
64.53146
64.17398
64.57022
64.2101
64.60786
64.2479
64.64716
64.28706
64.68272
64.32438
64.72253
64.35889
64.75984
64.39658
64.79756
64.43488
64.83688
64.4733
64.8741
64.51086
64.9135
64.55064
64.9529
64.58892
64.99261
64.62619
65.03119
64.66171
65.06891
64.69889
65.10501
64.7397
65.14384
64.77888
65.18132
64.81673
65.22161
64.8559
65.26041
64.89188
65.29958
64.93083
65.33884
64.97083
65.37686
65.04606
65.41499
65.08311
65.45042
65.11964
65.48788
65.1571
65.52618
65.19272
65.56525
65.22826
65.60315
65.26705
65.64384
65.30463
65.68282
65.34271
65.72205
65.38138
65.76112
65.4174
65.79584
65.45268
65.83453
65.48241
65.87063
65.51984
65.90614
65.55604
65.94531
65.59344
65.98342
65.63177
66.02259
65.66921
66.05926
65.70831
66.09837
65.7457
66.1374
65.78271
66.17537
65.81519
66.21297
65.85374
66.24635
65.89103
66.28448
65.93002
66.32401
65.96826
66.36166
66.00697
66.40083
66.04466
66.43259
66.08242
66.47334
66.11662
66.5125
66.15483
66.55174
66.19131
66.59097
66.26596
66.62637
66.30491
66.66573
66.3436
66.70291
66.38094
66.7412
66.4182
66.78055
66.45506
66.82084
66.49086
66.85941
66.5301
66.89905
66.5697
66.93832
66.60729
66.976
66.64742
67.01531
66.68495
67.0519
66.72198
67.09126
66.75922
67.13078
66.7963
67.17036
66.83404
67.2088
66.8734
67.2478
66.91428
67.28671
66.95232
67.32679
66.98962
67.36604
67.02771
67.40529
67.06751
67.44357
67.10511
67.48346
67.14419
67.52251
67.18194
67.56007
67.22069
67.59918
67.25979
67.63769
67.29965
67.67595
67.33664
67.71462
67.37489
67.75372
67.45123
67.7931
67.48868
67.83184
67.52553
67.87099
67.5637
67.9086
67.60287
67.94771
67.63902
67.9853
67.67808
68.02394
67.71844
68.06119
67.75611
68.09968
67.7943
68.13892
67.83264
68.17812
67.87074
68.21787
67.90984
68.25643
67.9492
68.29589
67.99013
68.33349
68.06628
68.37289
68.10445
68.40955
68.14408
68.44881
68.17989
68.48746
68.21707
68.52551
68.25629
68.56227
68.29256
68.60146
68.33141
68.64082
68.37022
68.67898
68.40977
68.71743
68.44639
68.75498
68.48293
68.79234
68.52028
68.83141
68.55853
68.8706
68.5928
68.91114
68.63227
68.9491
68.66976
68.98946
68.70699
69.02859
68.74332
69.0685
68.78254
69.10752
68.81998
69.14243
68.85799
69.18173
68.89532
69.22278
68.93316
69.25934
68.96821
69.30032
69.00719
69.33967
69.04645
69.38085
69.08575
69.41921
69.16262
69.45771
69.20055
69.49744
69.2391
69.53713
69.27693
69.57743
69.31478
69.61737
69.35297
69.65888
69.39279
69.69836
69.43225
69.73969
69.47318
69.77935
69.51344
69.81929
69.55333
69.85871
69.59268
69.89809
69.63145
69.93629
69.67034
69.97662
69.71047
70.01597
69.74889
70.05424
69.78708
70.09381
69.82801
70.13326
69.86693
70.17284
69.90541
70.21306
69.94467
70.25232
69.98469
70.29162
70.02396
70.32903
70.06139
70.36638
70.10068
70.40526
70.1395
70.44312
70.17867
70.48396
70.21647
70.5208
70.25543
70.55952
70.29346
70.59591
70.3298
70.63599
70.36871
70.67516
70.40678
70.71404
70.4459
70.7523
70.48376
70.79308
70.51935
70.83123
70.55997
70.86717
70.59579
70.90723
70.63637
70.94418
70.67559
70.98206
70.74679
71.02122
70.82296
71.06125
70.85887
71.09858
70.89487
71.1367
70.93158
71.17432
70.96957
71.2132
71.00603
71.25224
71.0458
71.28801
71.08163
71.32298
71.11544
71.36013
71.15593
71.39848
71.18863
71.43753
71.22668
71.47533
71.26558
71.51399
71.30206
71.55387
71.33685
71.58961
71.37475
71.62884
71.41355
71.6676
71.45206
71.70589
71.49134
71.74429
71.53002
71.78367
71.5627
71.82355
71.6013
71.86108
71.6413
71.90021
71.67815
71.93916
71.71596
71.97729
71.7544
72.01669
71.79541
72.05591
71.83357
72.09531
71.87174
72.13638
71.91018
72.17574
71.94789
72.2133
71.98885
72.25249
72.02696
72.2926
72.06713
72.3313
72.10582
72.37017
72.1468
72.4099
72.18468
72.44807
72.2229
72.48926
72.26028
72.52902
72.29875
72.56956
72.33593
72.60931
72.3753
72.64909
72.41319
72.68784
72.45209
72.72648
72.49063
72.76517
72.52767
72.80604
72.56654
72.8452
72.60485
72.88448
72.64298
72.92235
72.68076
72.96053
72.71964
72.99891
72.75317
73.03702
72.7906
73.07631
72.82978
73.11557
72.86816
73.15388
72.90414
73.19236
72.9427
73.23341
72.97846
73.2716
73.01536
73.31147
73.05443
73.35098
73.09364
73.39006
73.13178
73.42919
73.16991
73.47033
73.20966
73.5087
73.247
73.54604
73.28493
73.58545
73.3203
73.62281
73.35785
73.66061
73.39381
73.69978
73.43146
73.73917
73.46989
73.77863
73.50684
73.81802
73.54478
73.85553
73.58393
73.89491
73.6192
73.93278
73.658
73.97157
73.7336
74.00996
73.76959
74.04752
73.80875
74.0868
73.84549
74.12424
73.88345
74.16264
73.91948
74.19997
73.95821
74.23865
73.99498
74.27741
74.03202
74.31568
74.07114
74.35494
74.10749
74.39361
74.14202
74.43256
74.18047
74.47066
74.21907
74.50903
74.25521
74.55023
74.2946
74.58936
74.33241
74.63066
74.36887
74.66957
74.40827
74.71087
74.44763
74.75034
74.48592
74.78976
74.52408
74.8245
74.5626
74.86181
74.60163
74.90096
74.64016
74.94012
74.67839
74.97556
74.71612
75.01463
74.75457
75.05389
74.79178
75.09269
74.83092
75.13205
74.86753
75.17133
74.90479
75.20893
74.94332
75.24712
74.98164
75.28506
75.02042
75.32442
75.05877
75.36349
75.097
75.4029
75.13187
75.44212
75.17015
75.48066
75.20822
75.51972
75.24441
75.55878
75.28271
75.59766
75.32192
75.63717
75.36055
75.67539
75.3979
75.71584
75.43272
75.75371
75.47131
75.79192
75.50832
75.8295
75.54617
75.86883
75.61888
75.90593
75.65509
75.94513
75.69431
75.98544
75.73277
76.02325
75.76931
76.06248
75.80901
76.09924
75.84537
76.13869
75.88219
76.17738
75.95882
76.21689
75.99789
76.25443
76.03478
76.29407
76.07348
76.33338
76.11264
76.37272
76.15087
76.41383
76.18974
76.44962
76.22874
76.48914
76.26751
76.52724
76.30477
76.56672
76.37961
76.604
76.41547
76.64325
76.45301
76.68245
76.49203
76.72141
76.528
76.76031
76.56522
76.79934
76.60314
76.83636
76.6401
76.87663
76.67706
76.91146
76.74854
76.94969
76.78643
76.98694
76.82398
77.0254
76.86338
77.06611
76.90179
77.10551
76.94107
77.14284
76.97951
77.18038
77.01392
77.21954
77.05437
77.25878
77.09016
77.29568
77.12854
77.33499
77.16644
77.37303
77.20403
77.41189
77.24329
77.45142
77.27767
77.49049
77.31671
77.52794
77.35599
77.56898
77.39325
77.60856
77.43165
77.64881
77.46931
77.68851
77.50868
77.72518
77.5471
77.7648
77.58369
77.80604
77.62312
77.8457
77.6625
77.8851
77.70182
77.92455
77.74246
77.96433
77.78167
78.00387
77.81877
78.0434
77.85762
78.08115
77.89595
78.1207
77.93336
78.16181
77.97157
78.20129
78.01056
78.24123
78.05021
78.27937
78.08839
78.3203
78.12701
78.35835
78.16615
78.39878
78.20375
78.43703
78.24353
78.47655
78.28202
78.51589
78.32005
78.55581
78.35944
78.59458
78.39886
78.63425
78.43822
78.67336
78.47593
78.71294
78.51517
78.75067
78.55508
78.79045
78.59466
78.83187
78.63347
78.87145
78.67298
78.91261
78.71287
78.95097
78.75211
78.99139
78.79142
79.03039
78.83137
79.06972
78.8685
79.10596
78.90358
79.14338
78.94199
79.22259
78.97895
79.2615
79.0176
79.29636
79.0568
79.33591
79.09325
79.37502
79.13176
79.41434
79.16992
79.45377
79.21078
79.49052
79.24962
79.52893
79.28722
79.56818
79.32484
79.60771
79.36243
79.64404
79.40133
79.68361
79.44002
79.72325
79.4798
79.76253
79.51914
79.80212
79.55742
79.84135
79.5966
79.88078
79.63467
79.92035
79.67387
79.95951
79.70972
79.9977
79.74831
80.03721
79.78773
80.07578
79.82527
80.11563
79.86475
80.15575
79.90427
80.19482
79.94342
80.23497
79.98032
80.27491
80.01933
80.3158
80.05954
80.35458
80.09938
80.39593
80.13899
80.43586
80.17821
80.47739
80.2196
80.51743
80.25872
80.55892
80.29975
80.59892
80.33932
80.64062
80.38026
80.68064
80.41914
80.71935
80.46027
80.75917
80.49971
80.80042
80.53912
80.84005
80.57864
80.88081
80.61807
80.92023
80.65752
80.95982
80.69694
80.9982
80.73402
81.03696
80.7724
81.07381
80.8105
81.11219
80.88549
81.1511
80.92428
81.1891
80.9623
81.22585
81.00051
81.26395
81.03901
81.30508
81.07644
81.34457
81.11401
81.38463
81.15045
81.42258
81.18905
81.45983
81.2263
81.4967
81.263
81.53558
81.29969
81.57357
81.33768
81.6125
81.37756
81.65291
81.4168
81.69138
81.453
81.73103
81.49229
81.76964
81.52651
81.80914
81.56542
81.84646
81.60469
81.88582
81.64274
81.92527
81.68087
81.96383
81.72143
82.00195
81.7597
82.04158
81.79936
82.0816
81.83626
82.11986
81.87482
82.16003
81.91102
82.20015
81.95082
82.24195
81.99052
82.28203
82.03046
82.32256
82.07197
82.36251
82.11159
82.40319
82.1511
82.44312
82.19041
82.48298
82.23134
82.52145
82.27071
82.56081
82.31018
82.6002
82.34946
82.63951
82.38891
82.67743
82.42806
82.71842
82.46883
82.75686
82.5032
82.79514
82.54316
82.83305
82.58018
82.87148
82.61692
82.91257
82.65453
82.95221
82.6925
82.9917
82.73206
83.03115
82.76868
83.07228
82.80974
83.11131
82.84921
83.15026
82.88864
83.18983
82.92741
83.22836
82.96424
83.26795
83.00236
83.30752
83.04094
83.34679
83.07883
83.38641
83.11664
83.42596
83.19511
83.46716
83.23441
83.50525
83.27386
83.54239
83.31102
83.58165
83.38548
83.62115
83.42372
83.65998
83.46064
83.69936
83.5001
83.73879
83.53943
83.7783
83.57738
83.81773
83.61587
83.85481
83.65317
83.89397
83.6889
83.93293
83.7299
83.97189
83.76823
84.01061
83.80431
84.05161
83.84366
84.09019
83.88316
84.12983
83.92259
84.16953
83.96357
84.20825
84.00114
84.24767
84.03682
84.28508
84.07777
84.32616
84.11567
84.36397
84.15582
84.40258
84.19245
84.44118
84.22911
84.48091
84.26841
84.51984
84.30884
84.55778
84.34624
84.59605
84.38365
84.63532
84.42259
84.67502
84.46146
84.7144
84.49946
84.75384
84.53874
84.7933
84.57579
84.83282
84.61533
84.87247
84.65474
84.91211
84.69411
84.95053
84.73077
84.98946
84.7702
85.02836
84.80789
85.06989
84.84747
85.10982
84.88821
85.15121
84.92755
85.19104
84.96864
85.23209
85.00813
85.2718
85.04523
85.31065
85.08359
85.35035
85.12296
85.38922
85.16135
85.42735
85.1992
85.46774
85.23846
85.5074
85.27742
85.54631
85.31683
85.5863
85.35641
85.62618
85.396
85.665
85.43523
85.7048
85.47317
85.74469
85.51287
85.78421
85.55105
85.82397
85.59063
85.86343
85.66958
85.90203
85.70909
85.94159
85.74691
85.98132
85.78595
86.01838
85.82439
86.05733
85.86368
86.09502
85.90411
86.13429
85.94348
86.17398
85.98277
86.21353
86.01982
86.25214
86.0574
86.28455
86.09681
86.31696
86.13577
86.3569
86.17322
86.39678
86.21277
86.43566
86.25231
86.47641
86.29064
86.50877
86.33022
86.54881
86.36981
86.58875
86.40983
86.62957
86.44942
86.66965
86.48912
86.71039
86.52841
86.75002
86.56786
86.78984
86.60693
86.82965
86.6448
86.86916
86.68424
86.91087
86.72386
86.95081
86.76093
86.98307
86.80051
87.02306
86.83917
87.05997
86.87834
87.09492
86.91685
87.12983
86.95645
87.16938
86.99745
87.20923
87.03452
87.24908
87.07372
87.2888
87.11292
87.32937
87.15218
87.36904
87.18961
87.40884
87.22723
87.44827
87.26667
87.48638
87.30756
87.52591
87.34608
87.56403
87.38526
87.60371
87.42133
87.64342
87.46038
87.68263
87.49754
87.72282
87.53687
87.75926
87.57786
87.79891
87.61578
87.83775
87.65712
87.87511
87.69663
87.91483
87.73676
87.95474
87.77389
87.99512
87.8131
88.03403
87.85043
88.07453
87.89052
88.11442
87.93008
88.15415
87.96837
88.1919
88.00786
88.23052
88.04613
88.27004
88.0855
88.31007
88.12363
88.34927
88.16151
88.38927
88.19773
88.42764
88.2369
88.46424
88.27655
88.50412
88.31267
88.54492
88.35211
88.58404
88.38962
88.62301
88.42902
88.66353
88.4682
88.70284
88.50639
88.74233
88.54466
88.78171
88.5834
88.82261
88.62264
88.86089
88.66106
88.89951
88.6982
88.93798
88.73804
88.97581
88.7773
89.01499
88.81604
89.05341
88.85361
89.09274
88.89244
89.13352
88.93082
89.17281
88.96958
89.21141
89.00683
89.25075
89.0454
89.29007
89.08338
89.32581
89.12261
89.36522
89.15879
89.40303
89.19804
89.44236
89.23502
89.48107
89.27415
89.52032
89.31265
89.55803
89.34997
89.5977
89.38805
89.63728
89.42738
89.67236
89.46732
89.71127
89.50676
89.74915
89.54503
89.78876
89.58062
89.83022
89.62023
89.86527
89.65803
89.90525
89.69666
89.94298
89.7362
89.98482
89.77599
90.02369
89.81751
90.05796
89.85741
90.09207
89.89793
90.12403
89.93643
90.13401
89.97774
90.1591
90.01749
90.18422
90.05631
90.25037
90.09572
90.28046
90.13635
90.32191
90.17418
90.37125
90.21553
90.41252
90.25468
90.45216
90.29479
90.49142
90.3344
90.52908
90.37326
90.59002
90.41396
90.65176
90.45293
90.75918
90.4934
90.79836
90.53315
90.83592
90.57353
90.876
90.61282
90.90675
90.65177
90.94682
90.69134
90.97813
90.73037
91.0107
90.77003
91.04168
90.81023
91.0792
90.84683
91.11909
90.88642
91.16069
90.92602
91.19265
90.96574
91.22536
91.00468
91.28356
91.04437
91.29363
91.08316
91.3311
91.12288
91.37838
91.16269
91.41637
91.20204
91.5041
91.24326
91.57332
91.28304
91.62318
91.32433
91.6663
91.36323
91.67396
91.40395
91.68828
91.4437
91.69579
91.48335
91.72868
91.52314
91.77333
91.56416
91.81491
91.60372
91.85477
91.64316
91.89467
91.68279
91.92953
91.72227
91.97006
91.76181
92.01
91.80193
92.0499
91.84138
92.05955
91.88258
92.08692
91.92213
92.14914
91.96168
92.17641
92.0007
92.21545
92.04015
92.25524
92.07936
92.29512
92.11724
92.33513
92.15686
92.37482
92.19579
92.41986
92.23667
92.45253
92.27641
92.49992
92.31502
92.55578
92.35364
92.60597
92.39327
92.64783
92.43282
92.68786
92.47217
92.72815
92.51173
92.76806
92.55144
92.8079
92.59079
92.84682
92.62888
92.88827
92.66833
92.92783
92.70633
92.96916
92.74492
93.00874
92.78217
93.12901
92.82196
93.16718
92.86129
93.20654
92.90047
93.24623
92.93983
93.28574
92.97785
93.3268
93.01704
93.36618
93.05499
93.40588
93.09377
93.44524
93.13116
93.48586
93.1698
93.52549
93.20808
93.56523
93.24728
93.60491
93.28592
93.63572
93.32436
93.65538
93.36307
93.70229
93.40401
93.72705
93.44339
93.76202
93.48043
93.78259
93.51969
93.80856
93.55923
93.86519
93.59884
93.90031
93.63931
93.96957
93.67886
94.04929
93.71979
94.06676
93.75949
94.08413
93.79893
94.13723
93.83723
94.14733
93.8772
94.16765
93.91664
94.19563
93.95635
94.22699
93.99566
94.23731
94.03463
94.2628
94.07426
94.30009
94.11401
94.36838
94.15497
94.47758
94.19463
94.50568
94.23447
94.51929
94.27419
94.5295
94.31557
94.53993
94.35517
94.56277
94.39509
94.60435
94.43471
94.65735
94.47567
94.72815
94.51551
94.7512
94.55684
94.82847
94.59663
94.89739
94.63768
94.94278
94.67725
94.98129
94.71867
94.98907
94.75773
95.08214
94.799
95.25201
94.83868
95.25825
94.87817
95.28693
94.91759
95.31454
94.9569
95.33701
94.99583
95.36189
95.03493
95.37168
95.07552
95.38893
95.11403
95.39873
95.15388
95.43861
95.19276
95.48029
95.23338
95.52036
95.27291
95.56018
95.31092
95.59512
95.35024
95.64416
95.39149
95.67903
95.43114
95.70151
95.47059
95.72901
95.50992
95.75147
95.55097
95.76125
95.58952
95.79789
95.62914
95.82777
95.66702
95.88925
95.70671
95.97976
95.74645
96.03951
95.78614
96.06935
95.82561
96.12545
95.8651
96.18488
95.90456
96.22322
95.94398
96.36167
95.98331
96.40637
96.02016
96.41375
96.05933
96.42855
96.09741
96.43472
96.13462
96.44097
96.174
96.45333
96.21369
96.45952
96.25316
96.46565
96.29438
96.47807
96.33434
96.48551
96.37433
96.49184
96.41438
96.49804
96.4471
96.50439
96.47133
96.51364
96.47895
96.52126
96.4968
96.52772
96.50317
96.53422
96.50964
96.54076
96.51591
96.54739
96.52602
96.55403
96.53239
96.56087
96.5387
96.56775
96.54507
96.57433
96.55276
96.58111
96.55927
96.5876
96.56604
96.59473
96.57298
96.60137
96.58005
96.60813
96.58755
96.61498
96.59727
96.62305
96.60432
96.6299
96.61147
96.63751
96.61816
96.65031
96.62476
96.65672
96.63136
96.66428
96.63793
96.67188
96.6583
96.67987
96.66482
96.68737
96.6713
96.69739
96.68941
96.7049
96.69579
96.72508
96.70214
96.73135
96.72491
96.73759
96.73245
96.75763
96.74249
96.76387
96.76263
96.7701
96.76893
96.78008
96.7752
96.7863
96.79795
96.79255
96.80423
96.79999
96.8105
96.82764
96.83321
96.8606
96.84071
96.88181
96.86121
96.89423
96.86745
96.90039
96.87369
96.91543
96.89629
96.9216
96.90257
96.9278
96.90884
96.93522
96.9315
96.94514
96.93771
96.96777
96.94392
96.97392
96.97588
97.00156
96.98207
97.00773
96.98828
97.02319
97.00833
97.02934
97.01454
97.0355
97.02077
97.04543
97.04087
97.05163
97.04713
97.05778
97.05333
97.07774
97.06587
97.08391
97.0721
97.09011
97.07828
97.11066
97.11362
97.11681
97.11986
97.12297
97.12608
97.14305
97.14871
97.15044
97.15492
97.17059
97.17754
97.18851
97.18375
97.19467
97.18997
97.20086
97.21004
97.21592
97.21618
97.22205
97.22236
97.22817
97.25517
97.25335
97.26302
97.2595
97.29317
97.26566
97.32085
97.28064
97.32697
97.2868
97.33311
97.29294
97.36058
97.30542
97.36668
97.31155
97.37277
97.31768
97.39023
97.32761
97.39635
97.33375
97.4025
97.35484
97.41744
97.37347
97.42355
97.3983
97.42966
97.40441
97.43704
97.47255
97.44949
97.47866
97.45557
97.4848
97.46169
97.49722
97.47411
97.50334
97.48149
97.5095
97.48887
97.52951
97.49622
97.53565
97.50233
97.5418
97.50845
97.55167
97.55116
97.58684
97.56346
97.5942
97.6037
97.63437
97.6137
97.67223
97.65408
97.67887
97.6774
97.68552
97.68597
97.69611
97.70435
97.70353
97.71175
97.71184
97.71886
97.71928
97.72623
97.72681
97.7334
97.73376
97.74072
97.74113
97.74798
97.74833
97.7565
97.75542
97.76383
97.76239
97.77113
97.77029
97.77811
97.78432
97.78503
97.79787
97.79178
97.80413
97.79964
97.81898
97.80698
97.825
97.81449
97.84769
97.85352
97.8909
97.877
97.89735
97.88371
97.93398
97.92282
97.963
97.95428
97.98194
97.96066
97.98837
97.99221
98.00986
98.0004
98.01505
98.02693
98.02026
98.03491
98.03667
98.04881
98.04187
98.05393
98.04706
98.05907
98.05597
98.07043
98.06991
98.07557
98.0751
98.08071
98.08649
98.09464
98.09167
98.09977
98.09686
98.1049
98.11079
98.11128
98.11723
98.11765
98.12617
98.12656
98.13137
98.1317
98.13779
98.13684
98.14298
98.1432
98.14816
98.14954
98.15704
98.15597
98.16222
98.16753
98.16739
98.17391
98.17627
98.18448
98.18145
98.19087
98.18662
98.20234
98.19301
98.20872
98.19939
98.22725
98.20826
98.23358
98.2247
98.24249
98.22986
98.24762
98.23503
98.25275
98.2414
98.26074
98.25786
98.27714
98.26303
98.28601
98.2784
98.30664
98.28727
98.31298
98.30867
98.32688
98.31383
98.3332
98.31898
98.3421
98.34237
98.34902
98.36285
98.35536
98.36921
98.36046
98.37807
98.36556
98.3937
98.39755
98.39882
98.40845
98.41516
98.41353
98.42027
98.42788
98.42536
98.43296
98.44215
98.43806
98.44727
98.44315
98.45237
98.44823
98.45749
98.45332
98.46261
98.4584
98.47271
98.46349
98.47782
98.47366
98.48294
98.47876
98.48806
98.49529
98.49946
98.51571
98.50458
98.52204
98.50969
98.52837
98.52061
98.53722
98.52573
98.54234
98.53708
98.54745
98.5422
98.55257
98.54732
98.55769
98.55868
98.56281
98.5638
98.56794
98.56892
98.57307
98.57526
98.57942
98.58039
98.58453
98.58552
98.58966
98.59779
98.59479
98.60292
98.59992
98.60806
98.60506
98.6132
98.61019
98.61833
98.61533
98.62346
98.62422
98.62982
98.62936
98.63497
98.6345
98.6401
98.64085
98.64526
98.64599
98.66671
98.65111
98.67186
98.65623
98.67701
98.67517
98.69751
98.6803
98.70576
98.71381
98.73289
98.71896
98.73803
98.75151
98.74317
98.77519
98.75816
98.78031
98.76332
98.79799
98.76846
98.80312
98.79312
98.81482
98.79829
98.81995
98.80346
98.82506
98.81591
98.84145
98.82108
98.84657
98.82624
98.85168
98.84016
98.858
98.84532
98.86311
98.85048
98.86823
98.85686
98.87335
98.86826
98.88218
98.87463
98.88729
98.88854
98.8924
98.89371
98.89751
98.89887
98.90263
98.90523
98.90775
98.91159
98.91286
98.91675
98.91797
98.9219
98.92308
98.92905
98.93108
98.93544
98.93994
98.94183
98.94506
98.95071
98.95018
98.95589
98.95656
98.96104
98.96292
98.96623
98.96805
98.97141
98.97318
98.97659
98.98344
98.98175
98.98856
98.98692
98.99368
98.99207
98.99882
99.00352
99.00516
99.01553
99.02187
99.02192
99.0308
99.03661
99.03715
99.05058
99.05357
99.07147
99.05993
99.08754
99.06509
99.09555
99.07021
99.10448
99.07658
99.11987
99.11619
99.12507
99.12255
99.13026
99.1289
99.14877
99.13403
99.15394
99.13916
99.15914
99.15306
99.16807
99.1582
99.17325
99.17091
99.17844
99.18916
99.18738
99.19946
99.20525
99.21344
99.21164
99.2198
99.22305
99.22495
99.22823
99.23008
99.23342
99.24409
99.23862
99.24923
99.24508
99.25437
99.2565
99.25951
99.26169
99.26465
99.26689
99.26979
99.27208
99.27493
99.28606
99.28008
99.29127
99.29147
99.29645
99.29663
99.30284
99.30177
99.30804
99.30816
99.31321
99.3133
99.31962
99.31844
99.33077
99.32359
99.33595
99.32873
99.34114
99.339
99.35007
99.34414
99.35904
99.35301
99.36797
99.36189
99.37441
99.37079
99.38333
99.37967
99.39227
99.3936
99.39751
99.4025
99.41087
99.41893
99.42233
99.42604
99.42915
99.43491
99.44216
99.44628
99.44738
99.45263
99.45258
99.46922
99.46986
99.47436
99.47507
99.4795
99.48028
99.49712
99.50124
99.50744
99.51019
99.52148
99.52666
99.52666
99.53187
99.53179
99.53707
99.54561
99.55107
99.55076
99.55749
99.55592
99.57268
99.56601
99.5779
99.57117
99.58313
99.57636
99.59203
99.58545
99.59725
99.60094
99.60247
99.61118
99.61928
99.61636
99.62451
99.62152
99.62974
99.63399
99.64834
99.63913
99.65355
99.64431
99.65879
99.65206
99.67403
99.65725
99.67925
99.6624
99.68444
99.67631
99.6934
99.68148
99.69859
99.68665
99.70381
99.69183
99.7143
99.7007
99.71948
99.70587
99.7247
99.71228
99.73489
99.71744
99.7401
99.72259
99.74535
99.73571
99.7568
99.74462
99.77242
99.75354
99.77763
99.76049
99.7891
99.7669
99.79431
99.77208
99.79952
99.77726
99.81812
99.79256
99.82456
99.80149
99.8395
99.81042
99.8572
99.82514
99.86618
99.85103
99.87265
99.85622
99.87789
99.86525
99.88313
99.87041
99.88837
99.8756
99.8936
99.88456
99.90206
99.89349
99.91357
99.8987
99.91879
99.90388
99.92401
99.91669
99.9368
99.92431
99.94202
99.93102
99.94727
99.93621
99.9525
99.9414
99.963
99.95199
99.96822
99.95839
99.97345
99.96478
99.98241
99.97286
99.98882
99.97925
99.99776
99.9949
100.0067
100.0001
100.0195
100.0053
100.0247
100.0105
100.0332
100.0219
100.0396
100.0271
100.0448
100.0323
100.05
100.0387
100.0564
100.0438
100.0629
100.049
100.0743
100.0554
100.0795
100.0606
100.0848
100.0658
100.0937
100.0722
100.1044
100.0786
100.1109
100.0876
100.1161
100.1083
100.1214
100.1147
100.1303
100.1211
100.1356
100.1263
100.1409
100.1315
100.1498
100.1393
100.1563
100.1445
100.1715
100.1497
100.178
100.1624
100.1845
100.1688
100.1911
100.1804
100.1964
100.1857
100.2017
100.1909
100.2101
100.1999
100.2167
100.2063
100.2233
100.2178
100.2286
100.2283
100.2339
100.2445
100.243
100.2498
100.2495
100.255
100.2586
100.2603
100.2819
100.2693
100.2909
100.2758
100.2975
100.281
100.3028
100.2863
100.3093
100.2928
100.3158
100.298
100.3223
100.3033
100.3275
100.3099
100.3327
100.3164
100.3465
100.3378
100.3517
100.3441
100.3568
100.3493
100.3619
100.3544
100.3758
100.3746
100.3846
100.3809
100.3934
100.3895
100.4023
100.3958
100.4085
100.4021
100.4149
100.4109
100.4313
100.4173
100.4363
100.4236
100.4414
100.4299
100.4465
100.435
100.4543
100.4401
100.4594
100.4515
100.4645
100.4578
100.4733
100.4704
100.4822
100.4755
100.4885
100.4806
100.4973
100.4857
100.5137
100.496
100.5214
100.5011
100.5278
100.5063
100.5341
100.5142
100.543
100.5282
100.5494
100.5333
100.5658
100.5385
100.5723
100.5449
100.5812
100.55
100.5876
100.5552
100.5956
100.5604
100.6046
100.5708
100.611
100.5798
100.6199
100.5887
100.6289
100.5993
100.6353
100.6082
100.6442
100.6212
100.6608
100.6264
100.666
100.6316
100.6712
100.6531
100.6793
100.6596
100.6984
100.6732
100.7037
100.6813
100.7089
100.6878
100.718
100.6942
100.7233
100.7007
100.7285
100.7145
100.7337
100.7198
100.739
100.7251
100.748
100.7365
100.762
100.743
100.7673
100.7495
100.7725
100.7585
100.7866
100.7706
100.7918
100.7758
100.7971
100.7811
100.8036
100.795
100.8089
100.8015
100.8141
100.8079
100.8282
100.8194
100.8347
100.8247
100.8437
100.8299
100.8627
100.8351
100.8692
100.8404
100.8782
100.8456
100.8834
100.8521
100.8886
100.8685
100.8975
100.8737
100.904
100.879
100.9176
100.8854
100.9266
100.8906
100.9397
100.8958
100.9449
100.9011
100.9502
100.9063
100.9555
100.9152
100.9607
100.9216
100.9727
100.9319
100.9792
100.9383
100.9883
100.9482
100.9973
100.9572
101.0127
100.9636
101.018
100.9725
101.0233
100.9878
101.0298
101.0018
101.0413
101.007
101.0466
101.0123
101.0519
101.0212
101.0649
101.0277
101.0714
101.0366
101.0767
101.0431
101.082
101.0583
101.0885
101.0647
101.0976
101.0791
101.1148
101.0843
101.1214
101.0945
101.1304
101.101
101.1357
101.1075
101.1409
101.1164
101.155
101.1361
101.1615
101.1476
101.1731
101.1555
101.1796
101.1619
101.1885
101.1709
101.1976
101.1829
101.2041
101.1894
101.2131
101.1958
101.229
101.2073
101.2343
101.2125
101.242
101.2177
101.2473
101.2266
101.2525
101.2331
101.2642
101.242
101.2732
101.2535
101.2934
101.2688
101.2987
101.2777
101.3039
101.2918
101.313
101.3008
101.3182
101.3158
101.3287
101.3222
101.3352
101.3311
101.3461
101.3401
101.3546
101.3524
101.3661
101.3576
101.3714
101.3716
101.3766
101.3805
101.3906
101.3895
101.397
101.4002
101.4086
101.4092
101.4241
101.4182
101.4356
101.4235
101.4523
101.4308
101.4588
101.4372
101.4678
101.4437
101.4768
101.4521
101.4833
101.4712
101.4989
101.4877
101.5079
101.4994
101.5145
101.5058
101.531
101.5249
101.5464
101.5339
101.5529
101.5506
101.5594
101.5571
101.5685
101.5661
101.5803
101.5713
101.5868
101.5766
101.5935
101.5875
101.5999
101.5944
101.6065
101.6076
101.6117
101.6128
101.617
101.6181
101.626
101.627
101.635
101.6323
101.6403
101.6388
101.6456
101.6452
101.6547
101.6542
101.6713
101.6657
101.6819
101.6722
101.6934
101.6812
101.7013
101.6877
101.7103
101.6942
101.7155
101.7032
101.7296
101.7122
101.7385
101.7187
101.745
101.7277
101.7516
101.7367
101.7582
101.7448
101.7701
101.7563
101.7791
101.7627
101.7906
101.7783
101.8072
101.7848
101.8137
101.7989
101.8203
101.8042
101.8257
101.8095
101.831
101.8161
101.8364
101.8226
101.8417
101.8291
101.8471
101.8445
101.8611
101.858
101.8718
101.867
101.8859
101.8735
101.895
101.8825
101.9015
101.8983
101.9081
101.9048
101.9134
101.9101
101.9268
101.9154
101.9321
101.9218
101.9374
101.93
101.9504
101.9365
101.9569
101.9455
101.9635
101.9509
101.9751
101.9624
101.9816
101.9689
101.9868
101.9779
101.9922
101.9869
101.9987
101.9934
102.0041
101.9999
102.0095
102.0064
102.0236
102.0155
102.0301
102.0245
102.0367
102.0311
102.0527
102.0376
102.0593
102.0429
102.0783
102.0482
102.0874
102.0573
102.1006
102.0689
102.1098
102.0742
102.1152
102.0796
102.132
102.0861
102.1529
102.0992
102.1584
102.1058
102.1639
102.1149
102.173
102.1316
102.1785
102.137
102.184
102.1424
102.2009
102.1563
102.2076
102.1631
102.2169
102.1722
102.2237
102.188
102.2329
102.1935
102.2384
102.2086
102.244
102.2153
102.256
102.2245
102.2644
102.2361
102.27
102.2428
102.2756
102.252
102.2825
102.2587
102.2893
102.2642
102.2949
102.2697
102.3007
102.2751
102.3064
102.2869
102.316
102.2937
102.3218
102.3029
102.3276
102.3097
102.3334
102.319
102.3392
102.3283
102.3477
102.3378
102.3535
102.3487
102.3593
102.3544
102.3649
102.3601
102.3707
102.3669
102.3777
102.3726
102.3848
102.3782
102.392
102.3839
102.3979
102.3897
102.4038
102.3966
102.411
102.4036
102.4231
102.4106
102.4291
102.4163
102.4364
102.4221
102.4425
102.4307
102.4485
102.4427
102.4557
102.4522
102.4629
102.4592
102.4702
102.4651
102.4824
102.4709
102.4885
102.4767
102.4947
102.4826
102.5008
102.4884
102.5081
102.4956
102.5142
102.5015
102.5204
102.5074
102.5266
102.5213
102.5328
102.5311
102.539
102.537
102.5452
102.5431
102.5527
102.5503
102.559
102.5564
102.5654
102.5624
102.5731
102.5686
102.5794
102.576
102.586
102.5834
102.5924
102.5895
102.5991
102.5957
102.6055
102.602
102.612
102.6084
102.6186
102.6146
102.6254
102.6209
102.6334
102.631
102.6402
102.6375
102.647
102.6441
102.6538
102.6519
102.6606
102.6622
102.6674
102.67
102.6742
102.6766
102.6813
102.6832
102.6881
102.6912
102.6949
102.6991
102.7017
102.7096
102.7085
102.7163
102.7154
102.7231
102.7222
102.7299
102.729
102.7367
102.7358
102.7447
102.7426
102.7514
102.7494
102.7582
102.7562
102.7651
102.7631
102.773
102.7699
102.7798
102.7767
102.7866
102.7835
102.7946
102.7904
102.8051
102.7972
102.8119
102.804
102.8187
102.8108
102.8255
102.8176
102.8323
102.8244
102.839
102.8312
102.8459
102.838
102.8527
102.8449
102.8595
102.8517
102.8662
102.8597
102.873
102.8665
102.881
102.8733
102.889
102.8801
102.8958
102.887
102.9026
102.8938
102.9093
102.9006
102.9161
102.9074
102.9229
102.9143
102.9314
102.9211
102.9381
102.9279
102.9449
102.9347
102.9517
102.9415
102.9585
102.9483
102.9652
102.9551
102.972
102.962
102.9788
102.9688
102.9856
102.9756
102.9936
102.9824
103.0004
102.9892
103.0071
102.996
103.0139
103.0028
103.0207
103.0096
103.0275
103.0164
103.0343
103.0233
103.0411
103.0301
103.0479
103.0369
103.0547
103.0437
103.0615
103.0505
103.0683
103.0573
103.075
103.0641
103.0818
103.0709
103.0887
103.0777
103.0955
103.0845
103.1023
103.0913
103.109
103.0982
103.1158
103.1049
103.1226
103.1117
103.1294
103.1186
103.1362
103.1254
103.143
103.1322
103.1497
103.139
103.1565
103.1458
103.1633
103.1526
103.1701
103.1594
103.1769
103.1662
103.1837
103.173
103.1905
103.1798
103.1972
103.1867
103.204
103.1935
103.2108
103.2003
103.2176
103.2071
103.2244
103.2139
103.2311
103.2207
103.2379
103.2275
103.2447
103.2343
103.2515
103.2411
103.2582
103.2479
103.265
103.2547
103.2718
103.2615
103.2786
103.2683
103.2854
103.2751
103.2921
103.2819
103.2989
103.2887
103.3057
103.2955
103.3125
103.3023
103.3192
103.3091
103.326
103.3159
103.3328
103.3227
103.3395
103.3295
103.3463
103.3362
103.3531
103.343
103.3598
103.3498
103.3666
103.3566
103.3734
103.3634
103.3802
103.3702
103.387
103.377
103.3937
103.3838
103.4005
103.3905
103.4073
103.3973
103.4141
103.4041
103.4208
103.4109
103.4276
103.4177
103.4344
103.4244
103.4411
103.4313
103.4479
103.438
103.4547
103.4448
103.4614
103.4516
103.4682
103.4584
103.475
103.4651
103.4818
103.4719
103.4885
103.4787
103.4953
103.4854
103.5021
103.4922
103.5088
103.499
103.5156
103.5057
103.5224
103.5125
103.5291
103.5193
103.5359
103.5261
103.5427
103.5328
103.5494
103.5396
103.5562
103.5464
103.563
103.5531
103.5697
103.5599
103.5765
103.5667
103.5833
103.5734
103.59
103.5802
103.5968
103.587
103.6036
103.5937
103.6103
103.6005
103.6171
103.6073
103.6239
103.614
103.6306
103.6208
103.6374
103.6276
103.6442
103.6343
103.6509
103.6411
103.6577
103.6479
103.6645
103.6546
103.6712
103.6614
103.678
103.6681
103.6848
103.6749
103.6915
103.6817
103.6983
103.6884
103.705
103.6952
103.7118
103.7019
103.7186
103.7087
103.7253
103.7155
103.7321
103.7222
103.7388
103.729
103.7456
103.7357
103.7524
103.7425
103.7591
103.7493
103.7659
103.756
103.7726
103.7628
103.7794
103.7696
103.7861
103.7763
103.7929
103.7831
103.7997
103.7898
103.8064
103.7966
103.8132
103.8033
103.8199
103.8101
103.8267
103.8168
103.8334
103.8236
103.8402
103.8303
103.8469
103.8371
103.8537
103.8438
103.8605
103.8506
103.8672
103.8573
103.874
103.8641
103.8807
103.8708
103.8875
103.8776
103.8942
103.8843
103.901
103.8911
103.9077
103.8978
103.9145
103.9046
103.9212
103.9113
103.928
103.9181
103.9347
103.9248
103.9415
103.9315
103.9482
103.9383
103.955
103.945
103.9618
103.9518
103.9685
103.9585
103.9753
103.9653
103.982
103.972
103.9888
103.9788
103.9955
103.9855
104.0023
103.9922
104.009
103.999
104.0158
104.0057
104.0225
104.0125
104.0293
104.0192
104.036
104.026
104.0428
104.0327
104.0495
104.0395
104.0563
104.0474
104.063
104.0542
104.0698
104.0609
104.0765
104.0676
104.0833
104.0744
104.09
104.0811
104.0968
104.0879
104.1035
104.0946
104.1103
104.1014
104.117
104.1081
104.1238
104.1148
104.1305
104.1216
104.1373
104.1283
104.144
104.1351
104.1508
104.1418
104.1575
104.1486
104.1643
104.1553
104.171
104.162
104.1777
104.1688
104.1845
104.1755
104.1912
104.1823
104.198
104.189
104.2047
104.1958
104.2115
104.2025
104.2182
104.2093
104.225
104.216
104.2317
104.2227
104.2384
104.2295
104.2452
104.2362
104.2519
104.243
104.2587
104.2497
104.2654
104.2565
104.2721
104.2632
104.2789
104.27
104.2856
104.2767
104.2924
104.2835
104.2991
104.2902
104.3059
104.297
104.3126
104.3037
104.3193
104.3104
104.3261
104.3172
104.3328
104.3239
104.3396
104.3307
104.3463
104.3374
104.3531
104.3442
104.3598
104.3509
104.3665
104.3577
104.3733
104.3644
104.38
104.3712
104.3868
104.3779
104.3935
104.3847
104.4003
104.3914
104.407
104.3981
104.4137
104.4049
104.4205
104.4116
104.4272
104.4184
104.434
104.4251
104.4407
104.4319
104.4475
104.4386
104.4542
104.4454
104.4609
104.4521
104.4677
104.4589
104.4744
104.4656
104.4812
104.4724
104.4879
104.4791
104.4946
104.4858
104.5014
104.4926
104.5081
104.4994
104.5149
104.5061
104.5216
104.5128
104.5284
104.5196
104.5351
104.5263
104.5418
104.5331
104.5486
104.5398
104.5553
104.5466
104.5621
104.5533
104.5688
104.5601
104.5756
104.5668
104.5823
104.5736
104.589
104.5803
104.5958
104.5871
104.6025
104.5938
104.6093
104.6005
104.616
104.6073
104.6227
104.614
104.6295
104.6208
104.6362
104.6275
104.643
104.6342
104.6497
104.641
104.6565
104.6477
104.6632
104.6545
104.67
104.6612
104.6767
104.668
104.6835
104.6747
104.6902
104.6814
104.697
104.6882
104.7037
104.6949
104.7105
104.7017
104.7172
104.7084
104.724
104.7152
104.7307
104.7219
104.7375
104.7287
104.7442
104.7354
104.751
104.7422
104.7577
104.7489
104.7645
104.7557
104.7712
104.7624
104.7779
104.7692
104.7847
104.7759
104.7914
104.7827
104.7982
104.7894
104.8049
104.7961
104.8117
104.8029
104.8184
104.8096
104.8251
104.8164
104.8319
104.8231
104.8386
104.8299
104.8454
104.8366
104.8521
104.8434
104.8589
104.8501
104.8656
104.8569
104.8724
104.8636
104.8792
104.8704
104.8859
104.8771
104.8927
104.8839
104.8994
104.8906
104.9062
104.8973
104.9129
104.9041
104.9197
104.9109
104.9265
104.9176
104.9332
104.9243
104.94
104.9311
104.9467
104.9378
104.9535
104.9446
104.9602
104.9513
104.967
104.9581
104.9737
104.9648
104.9805
104.9715
104.9873
104.9783
104.994
104.985
105.0008
104.9918
105.0075
104.9985
105.0143
105.0053
105.021
105.012
105.0278
105.0187
105.0346
105.0255
105.0413
105.0322
105.0481
105.039
105.0548
105.0457
105.0615
105.0525
105.0683
105.0592
105.0751
105.066
105.0818
105.0727
105.0885
105.0795
105.0953
105.0862
105.1021
105.0929
105.1088
105.0997
105.1156
105.1064
105.1223
105.1132
105.1291
105.1199
105.1358
105.1267
105.1426
105.1334
105.1493
105.1402
105.1561
105.1469
105.1628
105.1537
105.1695
105.1604
105.1763
105.1672
105.1831
105.1739
105.1898
105.1806
105.1965
105.1874
105.2033
105.1941
105.21
105.2009
105.2168
105.2076
105.2235
105.2144
105.2303
105.2211
105.237
105.2279
105.2438
105.2346
105.2505
105.2414
105.2572
105.2481
105.264
105.2549
105.2707
105.2616
105.2775
105.2683
105.2842
105.2751
105.291
105.2818
105.2977
105.2886
105.3045
105.2953
105.3112
105.3021
105.3179
105.3088
105.3247
105.3156
105.3314
105.3223
105.3382
105.329
105.3449
105.3358
105.3517
105.3426
105.3584
105.3493
105.3652
105.356
105.3719
105.3628
105.3786
105.3695
105.3854
105.3763
105.3921
105.383
105.3989
105.3898
105.4056
105.3965
105.4124
105.4033
105.4191
105.41
105.4258
105.4168
105.4326
105.4235
105.4393
105.4303
105.4461
105.437
105.4528
105.4438
105.4596
105.4505
105.4663
105.4573
105.4731
105.464
105.4798
105.4708
105.4866
105.4775
105.4933
105.4843
105.5001
105.491
105.5068
105.4978
105.5136
105.5045
105.5203
105.5113
105.5271
105.518
105.5338
105.5247
105.5406
105.5315
105.5473
105.5382
105.5541
105.545
105.5609
105.5517
105.5676
105.5585
105.5743
105.5652
105.5811
105.572
105.5879
105.5787
105.5946
105.5855
105.6014
105.5922
105.6081
105.599
105.6149
105.6057
105.6216
105.6125
105.6284
105.6192
105.6351
105.626
105.6419
105.6327
105.6486
105.6395
105.6554
105.6462
105.6621
105.653
105.6689
105.6597
105.6756
105.6665
105.6824
105.6732
105.6891
105.68
105.6959
105.6867
105.7026
105.6935
105.7094
105.7002
105.7161
105.707
105.7229
105.7137
105.7296
105.7205
105.7364
105.7272
105.7431
105.7339
105.7499
105.7407
105.7566
105.7474
105.7634
105.7542
105.7701
105.7609
105.7768
105.7676
105.7836
105.7744
105.7903
105.7811
105.7971
105.7878
105.8038
105.7946
105.8106
105.8013
105.8173
105.808
105.8241
105.8148
105.8308
105.8215
105.8375
105.8282
105.8443
105.835
105.851
105.8417
105.8578
105.8485
105.8645
105.8552
105.8713
105.8619
105.878
105.8687
105.8847
105.8754
105.8915
105.8822
105.8982
105.8889
105.905
105.8957
105.9117
105.9024
105.9184
105.9091
105.9252
105.9159
105.9319
105.9226
105.9386
105.9294
105.9454
105.9361
105.9521
105.9429
105.9589
105.9496
105.9656
105.9563
105.9724
105.9631
105.9791
105.9698
105.9858
105.9766
105.9926
105.9833
105.9993
105.9901
106.0061
105.9968
106.0128
106.0035
106.0195
106.0103
106.0263
106.017
106.033
106.0238
106.0398
106.0305
106.0465
106.0372
106.0533
106.044
106.06
106.0507
106.0668
106.0575
106.0735
106.0642
106.0803
106.0709
106.087
106.0777
106.0937
106.0844
106.1005
106.0912
106.1072
106.0979
106.114
106.1047
106.1207
106.1114
106.1274
106.1181
106.1342
106.1248
106.1409
106.1316
106.1477
106.1383
106.1544
106.1451
106.1612
106.1518
106.1679
106.1585
106.1747
106.1653
106.1814
106.172
106.1881
106.1787
106.1949
106.1855
106.2017
106.1922
106.2084
106.199
106.2151
106.2057
106.2219
106.2124
106.2286
106.2192
106.2354
106.2259
106.2421
106.2327
106.2489
106.2394
106.2556
106.2462
106.2624
106.2529
106.2691
106.2596
106.2758
106.2664
106.2826
106.2731
106.2894
106.2799
106.2961
106.2866
106.3028
106.2934
106.3096
106.3001
106.3163
106.3068
106.3231
106.3136
106.3298
106.3203
106.3366
106.3271
106.3433
106.3338
106.3501
106.3405
106.3568
106.3473
106.3636
106.354
106.3703
106.3608
106.3771
106.3675
106.3838
106.3743
106.3906
106.381
106.3973
106.3877
106.4041
106.3945
106.4109
106.4012
106.4176
106.408
106.4243
106.4147
106.4311
106.4214
106.4379
106.4281
106.4446
106.4349
106.4513
106.4416
106.4581
106.4483
106.4649
106.4551
106.4716
106.4618
106.4784
106.4686
106.4851
106.4753
106.4919
106.4821
106.4986
106.4888
106.5054
106.4955
106.5121
106.5023
106.5189
106.509
106.5256
106.5158
106.5324
106.5225
106.5391
106.5293
106.5459
106.536
106.5526
106.5427
106.5594
106.5495
106.5661
106.5562
106.5728
106.563
106.5796
106.5697
106.5863
106.5765
106.5931
106.5832
106.5998
106.59
106.6066
106.5967
106.6133
106.6034
106.6201
106.6102
106.6268
106.6169
106.6336
106.6237
106.6403
106.6304
106.6471
106.6372
106.6538
106.6439
106.6606
106.6507
106.6673
106.6574
106.6741
106.6641
106.6808
106.6709
106.6876
106.6777
106.6943
106.6844
106.7011
106.6911
106.7078
106.6979
106.7146
106.7046
106.7213
106.7114
106.7281
106.7181
106.7348
106.7248
106.7416
106.7316
106.7484
106.7383
106.7551
106.7451
106.7619
106.7518
106.7686
106.7585
106.7754
106.7653
106.7821
106.772
106.7889
106.7787
106.7956
106.7855
106.8024
106.7922
106.8091
106.799
106.8159
106.8057
106.8226
106.8124
106.8294
106.8192
106.8361
106.8259
106.8429
106.8327
106.8496
106.8394
106.8564
106.8461
106.8631
106.8529
106.8699
106.8596
106.8766
106.8664
106.8834
106.8731
106.8901
106.8799
106.8969
106.8866
106.9036
106.8933
106.9104
106.9001
106.9171
106.9068
106.9239
106.9136
106.9306
106.9203
106.9373
106.9271
106.9441
106.9338
106.9508
106.9406
106.9576
106.9473
106.9643
106.954
106.9711
106.9608
106.9778
106.9675
106.9846
106.9743
106.9913
106.981
106.9981
106.9878
107.0048
106.9945
107.0116
107.0012
107.0183
107.008
107.025
107.0147
107.0318
107.0215
107.0386
107.0282
107.0453
107.035
107.052
107.0417
107.0588
107.0484
107.0655
107.0552
107.0723
107.0619
107.079
107.0687
107.0858
107.0754
107.0925
107.0822
107.0993
107.0889
107.106
107.0957
107.1127
107.1024
107.1195
107.1092
107.1263
107.1159
107.133
107.1227
107.1397
107.1294
107.1465
107.1362
107.1533
107.1429
107.16
107.1497
107.1667
107.1564
107.1735
107.1631
107.1803
107.1699
107.187
107.1766
107.1937
107.1834
107.2005
107.1901
107.2072
107.1969
107.214
107.2036
107.2207
107.2104
107.2275
107.2171
107.2342
107.2238
107.241
107.2306
107.2477
107.2373
107.2545
107.2441
107.2612
107.2508
107.268
107.2576
107.2747
107.2643
107.2815
107.271
107.2882
107.2778
107.295
107.2845
107.3017
107.2913
107.3085
107.298
107.3152
107.3047
107.322
107.3115
107.3287
107.3182
107.3355
107.325
107.3422
107.3317
107.349
107.3384
107.3557
107.3452
107.3625
107.3519
107.3692
107.3587
107.376
107.3654
107.3827
107.3722
107.3895
107.3789
107.3962
107.3856
107.4029
107.3924
107.4097
107.3991
107.4164
107.4059
107.4232
107.4126
107.4299
107.4193
107.4367
107.4261
107.4434
107.4328
107.4501
107.4396
107.4569
107.4463
107.4636
107.453
107.4704
107.4598
107.4771
107.4665
107.4839
107.4733
107.4906
107.48
107.4974
107.4867
107.5041
107.4935
107.5109
107.5002
107.5176
107.507
107.5244
107.5137
107.5311
107.5205
107.5379
107.5272
107.5446
107.5339
107.5514
107.5407
107.5581
107.5474
107.5648
107.5542
107.5716
107.5609
107.5783
107.5676
107.5851
107.5744
107.5918
107.5811
107.5986
107.5879
107.6053
107.5946
107.6121
107.6013
107.6188
107.6081
107.6256
107.6148
107.6323
107.6215
107.6391
107.6283
107.6458
107.635
107.6526
107.6417
107.6593
107.6485
107.6661
107.6552
107.6728
107.662
107.6795
107.6687
107.6863
107.6754
107.693
107.6822
107.6998
107.6889
107.7065
107.6956
107.7133
107.7024
107.72
107.7091
107.7267
107.7159
107.7335
107.7226
107.7402
107.7293
107.7469
107.7361
107.7537
107.7428
107.7605
107.7496
107.7672
107.7563
107.7739
107.763
107.7807
107.7698
107.7875
107.7765
107.7942
107.7833
107.8009
107.79
107.8077
107.7968
107.8144
107.8035
107.8212
107.8102
107.8279
107.817
107.8347
107.8237
107.8414
107.8305
107.8482
107.8372
107.8549
107.8439
107.8616
107.8507
107.8684
107.8574
107.8752
107.8642
107.8819
107.8709
107.8886
107.8777
107.8954
107.8844
107.9021
107.8911
107.9089
107.8979
107.9156
107.9046
107.9223
107.9114
107.9291
107.9181
107.9358
107.9249
107.9426
107.9316
107.9493
107.9383
107.956
107.9451
107.9628
107.9518
107.9695
107.9586
107.9763
107.9653
107.983
107.9721
107.9897
107.9788
107.9965
107.9855
108.0032
107.9923
108.0099
107.999
108.0167
108.0057
108.0234
108.0125
108.0301
108.0192
108.0369
108.0259
108.0436
108.0327
108.0503
108.0394
108.0571
108.0462
108.0638
108.0529
108.0705
108.0596
108.0772
108.0664
108.084
108.0731
108.0907
108.0799
108.0975
108.0866
108.1042
108.0934
108.1109
108.1001
108.1177
108.1136
108.1244
108.1203
108.1311
108.1271
108.1379
108.1338
108.1446
108.1405
108.1514
108.1473
108.1581
108.154
108.1648
108.1608
108.1716
108.1675
108.1783
108.1742
108.1851
108.181
108.1918
108.1877
108.1985
108.1945
108.2053
108.2012
108.212
108.208
108.2188
108.2147
108.2255
108.2215
108.2323
108.2282
108.239
108.2349
108.2458
108.2417
108.2525
108.2484
108.2592
108.2552
108.266
108.2619
108.2727
108.2686
108.2795
108.2889
108.2862
108.2956
108.2929
108.3024
108.2997
108.3091
108.3064
108.3158
108.3132
108.3226
108.3199
108.3293
108.3266
108.3361
108.3334
108.3428
108.3401
108.3495
108.3468
108.3563
108.3536
108.363
108.3603
108.3698
108.3671
108.3765
108.3738
108.3832
108.3805
108.39
108.3873
108.3967
108.394
108.4035
108.4007
108.4102
108.4075
108.4169
108.4142
108.4237
108.4209
108.4304
108.4277
108.4372
108.4344
108.4439
108.4412
108.4506
108.4479
108.4574
108.4547
108.4641
108.4614
108.4708
108.4681
108.4776
108.4749
108.4843
108.4816
108.4911
108.4884
108.4978
108.4951
108.5045
108.5019
108.5113
108.5086
108.518
108.5153
108.5248
108.5221
108.5315
108.5288
108.5383
108.5356
108.545
108.5423
108.5517
108.5491
108.5585
108.5558
108.5652
108.5626
108.572
108.5693
108.5787
108.576
108.5854
108.5828
108.5922
108.5895
108.5989
108.5963
108.6056
108.603
108.6124
108.6098
108.6191
108.6165
108.6258
108.6233
108.6326
108.63
108.6393
108.6368
108.646
108.6435
108.6528
108.6503
108.6595
108.657
108.6663
108.6637
108.673
108.6705
108.6797
108.6772
108.6864
108.684
108.6932
108.6907
108.6999
108.6974
108.7066
108.7042
108.7134
108.7109
108.7201
108.7177
108.7268
108.7244
108.7336
108.7312
108.7403
108.7379
108.747
108.7446
108.7538
108.7514
108.7605
108.7581
108.7673
108.7649
108.774
108.7716
108.7807
108.7784
108.7875
108.7851
108.7942
108.7919
108.8009
108.7986
108.8077
108.8054
108.8144
108.8121
108.8212
108.8188
108.8279
108.8256
108.8346
108.8323
108.8414
108.8391
108.8481
108.8458
108.8548
108.8526
108.8616
108.8593
108.8683
108.8661
108.8751
108.8728
108.8818
108.8795
108.8885
108.8863
108.8953
108.893
108.902
108.8998
108.9088
108.9065
108.9155
108.9133
108.9222
108.92
108.929
108.9267
108.9357
108.9335
108.9424
108.9402
108.9492
108.947
108.9559
108.9537
108.9626
108.9604
108.9694
108.9672
108.9761
108.974
108.9828
108.9807
108.9896
108.9874
108.9963
108.9942
109.0031
109.0009
109.0098
109.0077
109.0165
109.0144
109.0233
109.0212
109.03
109.0279
109.0368
109.0347
109.0435
109.0414
109.0503
109.0481
109.057
109.0549
109.0637
109.0616
109.0705
109.0684
109.0772
109.0751
109.0839
109.0818
109.0907
109.0886
109.0974
109.0953
109.1042
109.1021
109.1109
109.1088
109.1177
109.1156
109.1244
109.1223
109.1311
109.129
109.1379
109.1358
109.1446
109.1425
109.1514
109.1493
109.1581
109.156
109.1648
109.1628
109.1716
109.1695
109.1783
109.1762
109.1851
109.183
109.1918
109.1897
109.1985
109.1965
109.2053
109.2032
109.212
109.21
109.2188
109.2167
109.2255
109.2234
109.2323
109.2302
109.239
109.2369
109.2457
109.2437
109.2525
109.2504
109.2592
109.2571
109.266
109.2639
109.2727
109.2706
109.2794
109.2774
109.2862
109.2841
109.2929
109.2908
109.2997
109.2975
109.3064
109.3043
109.3132
109.311
109.3199
109.3178
109.3267
109.3245
109.3334
109.3312
109.3401
109.338
109.3469
109.3447
109.3536
109.3515
109.3604
109.3582
109.3671
109.3649
109.3738
109.3717
109.3806
109.3784
109.3873
109.3852
109.3941
109.3919
109.4008
109.3986
109.4075
109.4054
109.4143
109.4121
109.421
109.4189
109.4278
109.4256
109.4345
109.4323
109.4413
109.439
109.448
109.4458
109.4547
109.4525
109.4615
109.4593
109.4682
109.466
109.475
109.4727
109.4817
109.4795
109.4884
109.4862
109.4952
109.493
109.5019
109.4997
109.5087
109.5064
109.5154
109.5132
109.5221
109.5199
109.5289
109.5266
109.5356
109.5334
109.5424
109.5401
109.5491
109.5469
109.5558
109.5536
109.5626
109.5603
109.5693
109.5671
109.5761
109.5738
109.5828
109.5806
109.5895
109.5873
109.5963
109.594
109.603
109.6008
109.6098
109.6075
109.6165
109.6142
109.6233
109.621
109.63
109.6277
109.6367
109.6345
109.6435
109.6412
109.6502
109.6479
109.6569
109.6547
109.6637
109.6614
109.6704
109.6681
109.6771
109.6749
109.6839
109.6816
109.6906
109.6884
109.6973
109.6951
109.7041
109.7019
109.7108
109.7086
109.7176
109.7153
109.7243
109.7221
109.731
109.7288
109.7378
109.7356
109.7445
109.7423
109.7513
109.7491
109.758
109.7558
109.7647
109.7626
109.7715
109.7693
109.7782
109.776
109.785
109.7828
109.7917
109.7895
109.7984
109.7963
109.8052
109.803
109.8119
109.8097
109.8186
109.8165
109.8254
109.8232
109.8321
109.83
109.8389
109.8367
109.8456
109.8435
109.8523
109.8502
109.8591
109.8569
109.8658
109.8637
109.8726
109.8704
109.8793
109.8772
109.886
109.8839
109.8928
109.8906
109.8995
109.8974
109.9062
109.9041
109.913
109.9108
109.9197
109.9176
109.9265
109.9243
109.9332
109.9311
109.9399
109.9378
109.9467
109.9445
109.9534
109.9513
109.9602
109.958
109.9669
109.9648
109.9736
109.9715
109.9804
109.9782
109.9871
109.985
109.9939
109.9917
110.0006
109.9984
110.0073
110.0052
