10.0095
10.01013
10.01488
10.01563
10.02027
10.02114
10.0257
10.0267
10.03109
10.03225
10.03649
10.03781
10.04191
10.04342
10.04732
10.04902
10.05274
10.05463
10.05821
10.06026
10.06362
10.06592
10.06905
10.07161
10.07448
10.07726
10.07993
10.08292
10.08537
10.08861
10.09078
10.09427
10.09626
10.1001
10.10179
10.10591
10.10731
10.1117
10.11282
10.11751
10.1195
10.1233
10.12505
10.12908
10.13058
10.13493
10.13727
10.14071
10.14278
10.14656
10.14831
10.15357
10.15379
10.15938
10.15935
10.1652
10.16485
10.17225
10.17038
10.17808
10.17592
10.18398
10.18145
10.18984
10.18702
10.19578
10.19257
10.20169
10.19813
10.20758
10.20493
10.21346
10.21049
10.21933
10.21605
10.22527
10.2216
10.2312
10.22836
10.23715
10.23396
10.24304
10.23956
10.249
10.24513
10.25486
10.25068
10.26078
10.25626
10.26666
10.26185
10.27261
10.26749
10.27852
10.27309
10.2844
10.27874
10.29029
10.28437
10.29628
10.29001
10.30213
10.29567
10.30808
10.30133
10.31399
10.30697
10.3199
10.31267
10.3258
10.31828
10.33175
10.32397
10.33767
10.32966
10.34357
10.33535
10.3495
10.34099
10.35552
10.34663
10.36145
10.35232
10.36739
10.35802
10.37329
10.36369
10.37922
10.36936
10.38515
10.37502
10.39106
10.38069
10.39689
10.38639
10.40277
10.3921
10.40865
10.3978
10.41457
10.40351
10.42166
10.40922
10.42754
10.41494
10.43344
10.42062
10.4394
10.42633
10.44535
10.43207
10.45124
10.43777
10.45718
10.4435
10.46312
10.44925
10.46905
10.45502
10.475
10.46078
10.48093
10.46651
10.48688
10.4723
10.49283
10.47807
10.49872
10.48387
10.50465
10.48963
10.51052
10.49543
10.51649
10.50123
10.52238
10.50701
10.52839
10.5128
10.5343
10.51863
10.54023
10.52451
10.54617
10.53036
10.55203
10.53619
10.55794
10.54207
10.56389
10.5491
10.57578
10.55494
10.58175
10.56083
10.58763
10.56666
10.5936
10.57254
10.59956
10.57838
10.61153
10.58431
10.61754
10.5902
10.62349
10.59603
10.62941
10.60191
10.63543
10.60777
10.64138
10.61367
10.64737
10.61956
10.65336
10.62548
10.65934
10.63143
10.66527
10.6374
10.67124
10.64331
10.67723
10.64923
10.6832
10.65517
10.68916
10.66106
10.69505
10.66702
10.70108
10.67291
10.70701
10.67882
10.71289
10.68473
10.71997
10.69067
10.72709
10.69661
10.73304
10.70249
10.73895
10.7085
10.74494
10.71449
10.75085
10.72048
10.75683
10.72645
10.76276
10.73243
10.76867
10.73841
10.77466
10.74435
10.78057
10.75031
10.78654
10.75628
10.79253
10.76507
10.79846
10.77106
10.80435
10.77699
10.81029
10.78297
10.81615
10.78896
10.82213
10.79499
10.82809
10.80096
10.83405
10.80694
10.83999
10.81306
10.84594
10.81908
10.85178
10.82513
10.85783
10.83117
10.86378
10.83729
10.86975
10.84334
10.87562
10.84941
10.88161
10.85547
10.88752
10.8615
10.8934
10.86759
10.89939
10.87363
10.90532
10.88089
10.91124
10.88696
10.91718
10.89305
10.92312
10.90039
10.92912
10.90647
10.93502
10.91256
10.94095
10.91869
10.94707
10.92479
10.95309
10.9309
10.95907
10.93705
10.96502
10.94323
10.97105
10.94936
10.97702
10.95551
10.98301
10.96171
10.98896
10.96792
10.99499
10.97407
11.00096
10.98025
11.00693
10.98644
11.01291
10.99266
11.01894
10.99888
11.0249
11.00506
11.03084
11.01132
11.0369
11.01755
11.04292
11.02375
11.04893
11.02997
11.05484
11.03618
11.06076
11.04239
11.0667
11.04864
11.07271
11.05488
11.08247
11.06124
11.08968
11.06747
11.09564
11.07368
11.1017
11.08001
11.10777
11.08632
11.11383
11.09268
11.11982
11.09906
11.12579
11.10537
11.13193
11.11174
11.13801
11.11804
11.14406
11.12435
11.15007
11.13064
11.15624
11.13702
11.16241
11.14343
11.16846
11.1497
11.17446
11.15612
11.18051
11.16255
11.18654
11.16895
11.1926
11.17539
11.19882
11.18191
11.20497
11.18834
11.21113
11.19487
11.21729
11.20133
11.22349
11.20788
11.22954
11.21439
11.23564
11.22081
11.24177
11.22737
11.2479
11.2339
11.25422
11.24161
11.2605
11.24809
11.26671
11.25474
11.27296
11.26118
11.27924
11.26785
11.28541
11.27437
11.29156
11.28093
11.29768
11.28741
11.30385
11.294
11.31019
11.30058
11.3164
11.30707
11.32277
11.3137
11.32909
11.32015
11.33546
11.32666
11.343
11.33316
11.35052
11.33973
11.35685
11.34625
11.36333
11.35271
11.36961
11.35925
11.37612
11.36567
11.38254
11.37212
11.38901
11.37857
11.39557
11.385
11.40217
11.39136
11.40869
11.39772
11.41513
11.40403
11.42172
11.41044
11.42834
11.41672
11.43501
11.42299
11.44156
11.42925
11.44828
11.43553
11.4548
11.44174
11.4615
11.44793
11.46813
11.45412
11.47469
11.46029
11.48234
11.4665
11.48897
11.47264
11.49525
11.47876
11.50197
11.48494
11.50844
11.49112
11.51492
11.4973
11.52146
11.50348
11.52808
11.50968
11.53468
11.51591
11.54119
11.52226
11.5479
11.52853
11.55442
11.53486
11.56104
11.54119
11.56766
11.54763
11.57436
11.5541
11.58108
11.56056
11.58781
11.56718
11.59453
11.57384
11.60125
11.58045
11.60793
11.58717
11.61465
11.5939
11.62138
11.60063
11.62811
11.60857
11.63483
11.6153
11.64156
11.62203
11.64828
11.62875
11.65501
11.63548
11.66173
11.64221
11.66846
11.64894
11.67518
11.65567
11.6819
11.66239
11.68863
11.66912
11.69535
11.67584
11.70208
11.68257
11.7088
11.6893
11.71671
11.69603
11.72343
11.70276
11.73015
11.70949
11.73687
11.71622
11.74359
11.72295
11.75031
11.72968
11.75704
11.73641
11.76375
11.74314
11.77048
11.74988
11.7772
11.75661
11.78393
11.76334
11.79065
11.77007
11.79737
11.7768
11.8041
11.78353
11.81083
11.79026
11.81755
11.79699
11.82428
11.80372
11.831
11.81045
11.83772
11.81718
11.84445
11.82391
11.85117
11.83064
11.85789
11.83737
11.86583
11.8441
11.87256
11.85083
11.87928
11.85756
11.886
11.86429
11.89273
11.87102
11.89945
11.87775
11.90617
11.88448
11.9129
11.8912
11.91962
11.89793
11.92634
11.90466
11.93307
11.91138
11.93979
11.91811
11.9465
11.92483
11.95323
11.93156
11.95995
11.9383
11.96667
11.94502
11.97339
11.95175
11.98012
11.95848
11.98684
11.96521
11.99357
11.97194
12.0003
11.97867
12.00702
11.9854
12.01375
11.99213
12.02047
11.99886
12.02719
12.00559
12.03392
12.01232
12.04064
12.01905
12.04737
12.02578
12.05409
12.03251
12.06082
12.03923
12.06754
12.04596
12.07427
12.05269
12.081
12.05941
12.08773
12.06614
12.09445
12.07287
12.10118
12.07959
12.1079
12.08632
12.11463
12.09305
12.12136
12.09977
12.12808
12.1065
12.13481
12.11323
12.14154
12.11996
12.14827
12.12669
12.15499
12.13341
12.16172
12.14015
12.16845
12.14687
12.17517
12.1536
12.1819
12.16032
12.18862
12.16705
12.19535
12.17378
12.20207
12.1805
12.2088
12.18723
12.21553
12.19395
12.22225
12.20066
12.22898
12.20738
12.23571
12.21411
12.24243
12.22083
12.24916
12.22756
12.25588
12.23429
12.26261
12.24101
12.26933
12.24774
12.27606
12.25446
12.28279
12.26118
12.28951
12.26791
12.29624
12.27463
12.30297
12.28135
12.30969
12.28807
12.31642
12.2948
12.32314
12.30152
12.32986
12.30825
12.33658
12.31497
12.3433
12.32169
12.35003
12.32842
12.35676
12.33515
12.36349
12.34188
12.37022
12.34859
12.37694
12.35532
12.38366
12.36204
12.39039
12.36877
12.39711
12.3755
12.40384
12.38223
12.41057
12.38896
12.41729
12.39569
12.42402
12.40242
12.43075
12.40915
12.43748
12.41587
12.44539
12.4226
12.45211
12.42932
12.45883
12.43606
12.46556
12.44278
12.47229
12.44951
12.47902
12.45624
12.48575
12.46297
12.49247
12.4697
12.4992
12.47642
12.50593
12.48315
12.51265
12.48987
12.51938
12.4966
12.5261
12.50333
12.53283
12.51005
12.53955
12.51678
12.54628
12.52351
12.55301
12.53023
12.55973
12.53695
12.56646
12.54368
12.57438
12.55041
12.5811
12.55713
12.58783
12.56386
12.59455
12.57058
12.60128
12.57731
12.608
12.58404
12.61473
12.59076
12.62146
12.59749
12.62818
12.60421
12.63491
12.61093
12.64163
12.61765
12.64835
12.62438
12.65626
12.63111
12.66298
12.63782
12.66971
12.64454
12.67643
12.65126
12.68316
12.65798
12.68989
12.66471
12.69661
12.67143
12.70334
12.67816
12.71006
12.68489
12.71679
12.69162
12.72351
12.69834
12.73024
12.70506
12.73696
12.71179
12.74369
12.71852
12.75041
12.72525
12.75714
12.73197
12.76386
12.7387
12.77058
12.74543
12.7773
12.75215
12.78402
12.75888
12.79074
12.76561
12.79746
12.77234
12.8042
12.77906
12.81092
12.78579
12.81765
12.79252
12.82437
12.79924
12.8311
12.80597
12.83783
12.8127
12.84455
12.81943
12.85128
12.82616
12.85801
12.83288
12.86473
12.83961
12.87146
12.84634
12.87818
12.85307
12.88491
12.8598
12.89163
12.86653
12.89836
12.87326
12.90509
12.87999
12.91182
12.88671
12.91854
12.89344
12.92527
12.90017
12.932
12.9069
12.93872
12.91363
12.94545
12.92035
12.95218
12.92708
12.95891
12.93381
12.96563
12.94054
12.97236
12.94727
12.97909
12.95399
12.98582
12.96072
12.99254
12.96745
12.99927
12.97418
13.00599
12.98091
13.01272
12.98764
13.01945
12.99436
13.02618
13.00108
13.0329
13.0078
13.03962
13.01453
13.04635
13.02126
13.05308
13.028
13.0598
13.03473
13.06652
13.04146
13.07325
13.04819
13.07998
13.05491
13.08669
13.06164
13.09342
13.06837
13.10015
13.0751
13.10687
13.08182
13.1136
13.08854
13.12032
13.09527
13.12704
13.102
13.13376
13.10872
13.14048
13.11545
13.1472
13.12217
13.15393
13.12891
13.16065
13.13563
13.16737
13.14236
13.17409
13.14909
13.18081
13.15582
13.18753
13.16255
13.19425
13.16927
13.20097
13.17601
13.20769
13.18274
13.2156
13.18946
13.22232
13.19619
13.22904
13.20292
13.23576
13.20964
13.24248
13.21636
13.2492
13.22309
13.25593
13.22981
13.26265
13.23654
13.26938
13.24326
13.2761
13.24998
13.28283
13.25671
13.28956
13.26344
13.29628
13.27016
13.30301
13.27689
13.30973
13.28362
13.31646
13.29034
13.32318
13.29707
13.3299
13.30379
13.33663
13.31052
13.34335
13.31725
13.35008
13.32397
13.3568
13.3307
13.36353
13.33742
13.37025
13.34415
13.37698
13.35088
13.3837
13.3576
13.39043
13.36433
13.39715
13.37106
13.40388
13.37778
13.41061
13.38451
13.41732
13.39124
13.42404
13.39796
13.43076
13.40469
13.43748
13.41141
13.4442
13.41814
13.45092
13.42486
13.45764
13.43159
13.46437
13.43831
13.47109
13.44504
13.47781
13.45176
13.48454
13.45848
13.49126
13.46521
13.49798
13.47193
13.5047
13.47865
13.51142
13.48538
13.51814
13.4921
13.52487
13.49883
13.53159
13.50555
13.53832
13.51228
13.54504
13.51901
13.55176
13.52573
13.55849
13.53246
13.56521
13.53918
13.57193
13.54591
13.57865
13.55263
13.58537
13.55936
13.5921
13.56608
13.59882
13.57281
13.60554
13.57953
13.61226
13.58627
13.61899
13.59299
13.62571
13.59972
13.63243
13.60644
13.63916
13.61316
13.64588
13.61989
13.6526
13.62662
13.65933
13.63334
13.66605
13.64007
13.67277
13.6468
13.6795
13.65353
13.68622
13.66026
13.69294
13.66698
13.69967
13.67371
13.7064
13.68044
13.71312
13.68716
13.71984
13.69389
13.72657
13.70062
13.73329
13.70735
13.74002
13.71408
13.74674
13.7208
13.75347
13.72753
13.7602
13.73426
13.76692
13.74099
13.77365
13.74772
13.78409
13.75444
13.79081
13.76117
13.79753
13.7679
13.80426
13.77463
13.81098
13.78135
13.81771
13.78808
13.82443
13.79481
13.83115
13.80154
13.83788
13.80827
13.84461
13.815
13.85134
13.82173
13.85806
13.82846
13.86479
13.8352
13.87152
13.84193
13.87825
13.84867
13.88498
13.8554
13.89171
13.86213
13.89844
13.86887
13.90517
13.8756
13.91189
13.88233
13.91862
13.88906
13.92535
13.89698
13.93208
13.90371
13.93881
13.91045
13.94554
13.91719
13.95228
13.92392
13.96019
13.93066
13.96692
13.9374
13.97365
13.94413
13.98038
13.95087
13.9871
13.9576
13.99383
13.96434
14.00056
13.97108
14.00729
13.97781
14.01402
13.98454
14.02075
13.99128
14.02748
13.99801
14.03541
14.00473
14.04214
14.01146
14.04887
14.01819
14.0556
14.02614
14.06233
14.03286
14.06906
14.03959
14.07578
14.04632
14.08251
14.05305
14.08924
14.05979
14.09597
14.06652
14.10269
14.07325
14.10942
14.07998
14.11614
14.08671
14.12287
14.09344
14.12959
14.10017
14.13632
14.10691
14.14305
14.11364
14.14977
14.12037
14.1565
14.1271
14.16323
14.13383
14.16995
14.14056
14.17667
14.1473
14.1834
14.15403
14.19013
14.16077
14.19685
14.1675
14.20357
14.17424
14.2103
14.18097
14.21702
14.1877
14.22375
14.19443
14.23048
14.20236
14.2372
14.20909
14.24393
14.21582
14.25066
14.22254
14.25739
14.22927
14.26411
14.23599
14.27084
14.24272
14.27757
14.24944
14.2843
14.25737
14.29102
14.2641
14.30144
14.27083
14.30816
14.27756
14.31489
14.28429
14.32161
14.29102
14.32834
14.29774
14.33507
14.30447
14.34179
14.3112
14.34852
14.31793
14.35525
14.32466
14.36197
14.33139
14.3687
14.33812
14.37543
14.34485
14.38215
14.35157
14.38888
14.3583
14.39561
14.36503
14.40233
14.37177
14.40906
14.37849
14.41579
14.38522
14.42252
14.39194
14.42924
14.39867
14.43597
14.4091
14.44269
14.41582
14.44941
14.42255
14.45614
14.42928
14.46287
14.43601
14.46959
14.44273
14.47633
14.44946
14.48305
14.45619
14.48978
14.46291
14.4965
14.46964
14.50323
14.47637
14.50995
14.48309
14.51668
14.48981
14.52341
14.49654
14.53013
14.50327
14.53686
14.50999
14.54358
14.51672
14.55031
14.52344
14.55703
14.53017
14.56496
14.5369
14.57168
14.54362
14.57841
14.55035
14.58513
14.55708
14.59307
14.5638
14.5998
14.57053
14.60653
14.57726
14.61444
14.58399
14.62116
14.59071
14.62789
14.59744
14.63582
14.60416
14.64255
14.61089
14.64927
14.61762
14.656
14.62434
14.66273
14.63107
14.66946
14.6378
14.67618
14.64452
14.68291
14.65125
14.68964
14.65918
14.69636
14.66591
14.70309
14.67264
14.70982
14.67937
14.71655
14.68605
14.72327
14.69274
14.73
14.69947
14.73672
14.7061
14.74345
14.71271
14.75017
14.71933
14.7569
14.72601
14.76362
14.7326
14.77035
14.73918
14.77707
14.74582
14.7838
14.75371
14.79053
14.76042
14.79725
14.76714
14.80398
14.77385
14.81071
14.78058
14.81744
14.78731
14.82416
14.79404
14.83089
14.80077
14.83762
14.8075
14.84435
14.81543
14.85107
14.82339
14.8578
14.83012
14.86453
14.83685
14.87126
14.84359
14.87798
14.85032
14.8847
14.85704
14.89142
14.86497
14.89935
14.87171
14.90608
14.87844
14.91281
14.88517
14.91953
14.8919
14.92626
14.89863
14.93299
14.90536
14.93971
14.9121
14.94764
14.91883
14.95436
14.92556
14.96109
14.93229
14.97444
14.93902
14.98108
14.94576
14.98773
14.95249
14.99445
14.95922
15.00117
14.96595
15.0079
14.97268
15.01462
14.97941
15.02134
14.9898
15.02927
14.99773
15.036
15.00446
15.04273
15.01119
15.04945
15.01792
15.05618
15.02465
15.0629
15.03138
15.06963
15.03812
15.07636
15.04485
15.08309
15.05158
15.08981
15.05831
15.09664
15.06504
15.10337
15.07178
15.11009
15.07973
15.11682
15.08645
15.12354
15.09318
15.13027
15.09991
15.137
15.10664
15.14373
15.11458
15.15046
15.1213
15.1609
15.12804
15.16762
15.13476
15.17435
15.1415
15.18108
15.14823
15.1878
15.15496
15.19453
15.16169
15.20492
15.16842
15.21164
15.17515
15.21837
15.18189
15.22628
15.18861
15.233
15.19534
15.24094
15.20207
15.25138
15.2088
15.25811
15.21554
15.26483
15.22227
15.27156
15.229
15.27829
15.23573
15.28502
15.24246
15.29174
15.24919
15.29847
15.25592
15.30519
15.26266
15.31191
15.26939
15.31863
15.27612
15.32536
15.28285
15.33208
15.28958
15.33881
15.29631
15.34554
15.30304
15.35227
15.30976
15.359
15.3165
15.36573
15.32323
15.37245
15.32996
15.38039
15.33669
15.38831
15.34622
15.39505
15.35295
15.40178
15.35968
15.4085
15.36642
15.41523
15.37683
15.42195
15.38356
15.42867
15.39028
15.4354
15.40322
15.44212
15.40995
15.44884
15.41667
15.45557
15.42459
15.4623
15.43132
15.46902
15.43805
15.47575
15.44478
15.48247
15.45271
15.4892
15.45943
15.49593
15.46616
15.50266
15.4741
15.50939
15.48203
15.51896
15.4887
15.52568
15.49544
15.53241
15.50213
15.53914
15.50881
15.54587
15.51816
15.55259
15.52462
15.55932
15.53105
15.57221
15.5375
15.57893
15.54387
15.58566
15.55021
15.5924
15.55657
15.59913
15.56282
15.60585
15.56912
15.61258
15.57541
15.61931
15.58165
15.62604
15.58789
15.63276
15.59422
15.63949
15.60054
15.64622
15.60689
15.65295
15.61315
15.65968
15.61945
15.66641
15.62693
15.67313
15.63325
15.68266
15.63954
15.68939
15.6459
15.69612
15.65222
15.70285
15.65865
15.71079
15.6651
15.71752
15.6716
15.72424
15.68106
15.73469
15.6876
15.74141
15.69417
15.74814
15.70069
15.75606
15.70732
15.76812
15.71765
15.77485
15.72806
15.78278
15.73475
15.78951
15.74142
15.79623
15.74937
15.80414
15.7561
15.81087
15.76283
15.81759
15.77318
15.82432
15.7811
15.83105
15.78779
15.83777
15.79451
15.84448
15.80118
15.85102
15.80791
15.85756
15.81464
15.86416
15.82137
15.87189
15.82809
15.87949
15.83481
15.88591
15.84274
15.89229
15.85477
15.89863
15.8615
15.90622
15.86823
15.91373
15.87497
15.92126
15.8817
15.93045
15.88844
15.93684
15.89517
15.94316
15.9031
15.94959
15.90983
15.95596
15.91656
15.96232
15.92329
15.97005
15.93002
15.97657
15.93676
15.98311
15.94349
15.98966
15.95022
15.99617
15.95695
16.00397
15.96367
16.01058
15.9704
16.0172
15.97713
16.02384
15.98508
16.03057
15.99301
16.03729
15.99974
16.04402
16.00647
16.05075
16.0132
16.05748
16.01993
16.06541
16.02667
16.07334
16.0334
16.08375
16.04132
16.0917
16.04804
16.10123
16.05478
16.10796
16.06151
16.11469
16.07442
16.12141
16.08114
16.12933
16.08787
16.13605
16.09996
16.14278
16.10788
16.15319
16.11581
16.15991
16.12254
16.16664
16.12928
16.17336
16.13721
16.18009
16.14394
16.18682
16.15066
16.19354
16.15739
16.20027
16.16412
16.207
16.17704
16.21493
16.18377
16.22166
16.1905
16.22839
16.19842
16.23512
16.20635
16.24185
16.21308
16.24857
16.21982
16.2553
16.22655
16.26484
16.23327
16.27524
16.24001
16.28569
16.24674
16.29241
16.25465
16.29914
16.26138
16.30586
16.26811
16.31258
16.27604
16.31931
16.28277
16.32603
16.28951
16.33275
16.29624
16.3407
16.30297
16.35274
16.3097
16.35947
16.31643
16.36619
16.32317
16.37411
16.3299
16.38198
16.34033
16.38984
16.34705
16.39773
16.35377
16.40446
16.36668
16.41485
16.37341
16.42518
16.38014
16.43472
16.39058
16.44141
16.39731
16.44803
16.40403
16.45588
16.41077
16.46374
16.43113
16.47037
16.43786
16.47701
16.4446
16.48365
16.45501
16.49633
16.46174
16.50285
16.46848
16.50942
16.47521
16.5189
16.48195
16.52551
16.48868
16.53203
16.49661
16.53857
16.50334
16.5451
16.51007
16.55158
16.5196
16.55808
16.52633
16.56462
16.53306
16.58229
16.53979
16.59004
16.54652
16.5965
16.55326
16.60301
16.55999
16.60954
16.56672
16.61728
16.57346
16.62499
16.5814
16.63153
16.58813
16.64429
16.59767
16.65075
16.60562
16.65719
16.61235
16.66738
16.61908
16.67507
16.62582
16.68443
16.63374
16.69207
16.64047
16.6997
16.64721
16.70616
16.65394
16.7126
16.66067
16.719
16.66741
16.72542
16.67414
16.7355
16.68369
16.74566
16.69164
16.75218
16.69837
16.75986
16.7051
16.76635
16.71304
16.7729
16.71976
16.77939
16.7265
16.78965
16.73443
16.79616
16.74116
16.80279
16.7479
16.80939
16.75463
16.82475
16.76418
16.8314
16.7709
16.83927
16.77764
16.84882
16.78805
16.85673
16.79477
16.86466
16.80151
16.87139
16.80824
16.87811
16.81865
16.88603
16.82537
16.89274
16.83211
16.8994
16.83884
16.90613
16.85085
16.91905
16.85757
16.92945
16.86431
16.93617
16.87104
16.94289
16.87777
16.94961
16.88451
16.95633
16.89242
16.96305
16.90285
16.96978
16.90958
16.9765
16.91632
16.98323
16.92672
16.99611
16.93345
17.00283
16.94018
17.00956
16.95058
17.01628
16.95852
17.02918
16.96525
17.0359
16.97198
17.04262
16.98739
17.04934
16.99412
17.05725
17.00084
17.06516
17.00876
17.07188
17.01549
17.07861
17.02222
17.08533
17.03016
17.09326
17.03807
17.1053
17.0448
17.11202
17.05153
17.11875
17.0644
17.12548
17.07089
17.13588
17.07745
17.14631
17.08522
17.15924
17.09288
17.16597
17.09931
17.1727
17.10566
17.18967
17.11206
17.1964
17.1221
17.20304
17.12838
17.21577
17.13472
17.22237
17.14216
17.22889
17.14966
17.24399
17.15707
17.25037
17.16329
17.25669
17.16955
17.27818
17.17696
17.28438
17.18849
17.29061
17.1947
17.30296
17.20092
17.30906
17.20712
17.31508
17.21706
17.32981
17.22323
17.33699
17.22939
17.3499
17.23674
17.35586
17.24902
17.36183
17.25509
17.37395
17.26116
17.37989
17.26722
17.38588
17.27325
17.39553
17.27933
17.4015
17.2853
17.40743
17.29131
17.41457
17.29851
17.42415
17.30449
17.43287
17.31044
17.4449
17.325
17.4507
17.33465
17.45653
17.34059
17.46235
17.35061
17.46934
17.35653
17.47513
17.36244
17.48095
17.36959
17.48674
17.37667
17.49873
17.38381
17.50451
17.38972
17.5103
17.39563
17.51611
17.41273
17.52314
17.41986
17.529
17.4286
17.53483
17.43824
17.54433
17.44421
17.55137
17.45021
17.56093
17.47234
17.57053
17.47831
17.5801
17.48428
17.58723
17.49395
17.60527
17.50114
17.61242
17.50711
17.62953
17.51311
17.63549
17.51915
17.6415
17.53634
17.65622
17.54236
17.66224
17.54839
17.66825
17.56313
17.67427
17.57521
17.69164
17.59496
17.71386
17.61081
17.71987
17.61692
17.72957
17.64377
17.73929
17.65601
17.74532
17.66815
17.75135
17.68033
17.76601
17.69521
17.77194
17.70123
17.78656
17.72097
17.79254
17.72704
17.79854
17.73309
17.80451
17.75039
17.82662
17.75652
17.83257
17.76798
17.83854
17.78145
17.85735
17.78765
17.86337
17.79374
17.86939
17.81351
17.88165
17.82331
17.88778
17.82947
17.89394
17.83569
17.91139
17.85331
17.91896
17.85974
17.92528
17.86991
17.93162
17.87766
17.9417
17.88403
17.94942
17.89065
17.95595
17.89847
17.96248
17.90624
17.97033
17.91652
17.97695
17.93882
17.98359
17.9455
17.99149
17.95223
17.9982
17.9756
18.00487
17.98216
18.01154
17.98889
18.01824
17.99683
18.02491
18.00727
18.04021
18.02179
18.04792
18.02971
18.07069
18.03756
18.07857
18.0601
18.08886
18.06674
18.1083
18.08021
18.11496
18.08814
18.12169
18.09475
18.13458
18.10148
18.14131
18.11441
18.14804
18.12788
18.15473
18.14755
18.16145
18.15428
18.17429
18.17476
18.18089
18.18429
18.18752
18.20896
18.21519
18.21689
18.22168
18.22979
18.22811
18.23652
18.24566
18.24326
18.25197
18.25
18.25826
18.26541
18.27246
18.28246
18.2788
18.28908
18.29627
18.29582
18.30373
18.31117
18.31365
18.31767
18.32349
18.32421
18.34821
18.3306
18.35422
18.3371
18.3602
18.35638
18.37386
18.36376
18.38093
18.38362
18.38676
18.38977
18.39263
18.39591
18.40716
18.41311
18.41295
18.41919
18.41876
18.42532
18.42828
18.44168
18.434
18.4477
18.43972
18.45487
18.45408
18.46074
18.45973
18.46666
18.46541
18.47378
18.47977
18.4834
18.48546
18.49046
18.49108
18.49757
18.49676
18.50463
18.50531
18.51336
18.51097
18.523
18.51665
18.53513
18.52605
18.54475
18.53791
18.55076
18.54366
18.55677
18.5494
18.56393
18.56615
18.57115
18.57313
18.58577
18.58012
18.59186
18.58592
18.59791
18.59171
18.61772
18.60288
18.62758
18.60872
18.63372
18.61461
18.63978
18.62802
18.64724
18.63777
18.67409
18.64752
18.68944
18.66729
18.70188
18.6734
18.72185
18.68981
18.73169
18.69962
18.749
18.70937
18.75626
18.72395
18.76995
18.72975
18.77702
18.73551
18.78392
18.75238
18.80807
18.75784
18.81348
18.76328
18.81887
18.78228
18.84168
18.78875
18.8697
18.80763
18.87492
18.814
18.8801
18.84029
18.9065
18.84825
18.91684
18.85706
18.93318
18.8709
18.93836
18.87604
18.95715
18.88118
18.9801
18.88751
18.99287
18.89264
19.0069
18.89778
19.02912
18.90293
19.0343
18.9155
19.04567
18.92064
19.05612
18.93614
19.06256
18.94501
19.0815
18.95389
19.08792
18.9628
19.10354
18.96921
19.1088
18.97562
19.11912
18.99962
19.12443
19.00861
19.14096
19.02679
19.14983
19.03337
19.16642
19.06498
19.19309
19.07168
19.20897
19.08836
19.21453
19.09677
19.22011
19.11861
19.23941
19.12554
19.24625
19.14496
19.26066
19.15201
19.26639
19.16907
19.27216
19.17502
19.28419
19.18097
19.29124
19.19815
19.29711
19.20782
19.30922
19.225
19.31635
19.23112
19.326
19.23724
19.34825
19.2545
19.35418
19.26059
19.37398
19.26667
19.38006
19.30052
19.38606
19.30661
19.41044
19.31265
19.41776
19.33727
19.43763
19.34601
19.4466
19.36816
19.46147
19.37408
19.46876
19.37995
19.4785
19.40542
19.49059
19.41129
19.49771
19.41718
19.51479
19.43916
19.52072
19.44645
19.52657
19.46339
19.54679
19.46918
19.55251
19.47496
19.5582
19.49552
19.57957
19.50371
19.59977
19.52469
19.61086
19.54154
19.63307
19.55091
19.66986
19.57273
19.67739
19.57839
19.69904
19.58403
19.74491
19.60668
19.76794
19.61223
19.77621
19.61782
19.82874
19.64453
19.85086
19.65129
19.86195
19.65804
19.89945
19.66728
19.90619
19.67654
19.91564
19.70492
19.931
19.71164
19.9379
19.73774
19.94486
19.74459
19.95679
19.75141
19.96835
19.77073
19.99031
19.78532
19.99991
19.79227
20.01445
19.81108
20.02319
19.81685
20.03733
19.82264
20.04697
19.83615
20.06376
19.85732
20.07087
19.86442
20.09889
19.87896
20.18991
19.88861
20.19991
19.90079
20.21274
19.90805
20.22537
19.92274
20.23311
19.93158
20.24327
19.94139
20.24978
19.95371
20.25632
19.95991
20.27074
19.96739
20.27743
19.97986
20.28416
19.98611
20.30145
19.99235
20.30815
20.00233
20.31488
20.01737
20.34278
20.02367
20.3601
20.03002
20.36803
20.04253
20.37842
20.04894
20.38883
20.05531
20.41704
20.08178
20.42374
20.08936
20.44591
20.1044
20.45264
20.11953
20.45933
20.1271
20.4821
20.14712
20.4975
20.16963
20.5177
20.17598
20.52421
20.18224
20.53069
20.19963
20.54336
20.207
20.54972
20.21437
20.55737
20.23676
20.56493
20.24288
20.57252
20.24907
20.58766
20.26894
20.594
20.27796
20.60036
20.28778
20.60796
20.29762
20.63066
20.32234
20.64074
20.32832
20.66073
20.33435
20.68081
20.37398
20.70633
20.41254
20.7126
20.43257
20.71879
20.43962
20.80737
20.47259
20.81445
20.47951
20.84152
20.50889
20.84737
20.51607
20.85321
20.54779
20.87842
20.55451
20.89542
20.57283
20.90124
20.57952
20.90704
20.58868
20.93658
20.6017
20.94242
20.61086
20.94825
20.62002
20.96039
20.64103
20.9675
20.65017
20.9746
20.65932
20.98419
20.68594
20.99008
20.69423
20.99605
20.71088
21.00317
20.72873
21.01329
20.7342
21.02295
20.76497
21.03263
20.78911
21.04731
20.81784
21.05333
20.83974
21.05933
20.84767
21.08566
20.86948
21.10526
20.8763
21.12626
20.89317
21.14839
20.90169
21.15434
20.93006
21.16032
20.93578
21.1849
20.94154
21.19362
20.96083
21.21324
20.96943
21.22285
20.9859
21.23986
20.99168
21.24687
20.99746
21.2688
21.01927
21.29512
21.02617
21.32206
21.04712
21.32756
21.05388
21.33302
21.08774
21.35959
21.11622
21.39091
21.14764
21.3999
21.15405
21.42343
21.17931
21.43197
21.18448
21.44839
21.18965
21.45481
21.21529
21.47242
21.22164
21.48001
21.24924
21.48894
21.25806
21.49534
21.2861
21.51176
21.30248
21.51976
21.30762
21.52615
21.3205
21.54005
21.32564
21.56288
21.33079
21.57179
21.34961
21.58943
21.35761
21.60633
21.38142
21.61276
21.39028
21.68731
21.42419
21.72014
21.44702
21.73909
21.45341
21.74553
21.48356
21.76958
21.48996
21.7749
21.51632
21.80394
21.54956
21.83949
21.58485
21.86827
21.61645
21.87488
21.63863
21.89831
21.64768
21.93506
21.676
21.96443
21.68422
22.00028
21.71832
22.02457
21.72747
22.04801
21.76388
22.07346
21.78716
22.08022
21.8253
22.24424
21.84937
22.2824
21.88533
22.31184
21.8919
22.31844
21.91633
22.34868
21.92535
22.35539
21.94526
22.37953
21.95299
22.39868
21.96922
22.42076
21.97572
22.42985
21.99847
22.45898
22.01744
22.46442
22.02272
22.47855
22.04421
22.48767
22.05318
22.49434
22.08224
22.50353
22.10433
22.52432
22.12626
22.53351
22.13529
22.54267
22.15817
22.56189
22.16349
22.57111
22.16884
22.59288
22.19451
22.60624
22.21861
22.61182
22.23775
22.61739
22.24652
22.63663
22.27515
22.64599
22.28449
22.66141
22.29368
22.66822
22.3154
22.68696
22.32217
22.76299
22.3584
22.77
22.36401
22.77952
22.36961
22.80283
22.39649
22.8098
22.40577
22.83982
22.43575
22.85842
22.46013
22.86415
22.46679
22.91368
22.5035
22.92197
22.53153
22.95008
22.53795
22.95539
22.56689
22.96065
22.57207
22.98109
22.57725
22.98754
22.60361
23.02024
22.63008
23.02914
22.63644
23.0498
22.65535
23.055
22.6642
23.06018
22.68207
23.08229
22.68854
23.08748
22.7074
23.102
22.71375
23.10836
22.72762
23.12723
22.73399
23.13609
22.74782
23.16076
22.75298
23.16963
22.76098
23.18725
22.76737
23.19244
22.78333
23.19762
22.7897
23.2128
22.79487
23.22165
22.80006
23.23059
22.8257
23.23947
22.8346
23.24588
22.85098
23.25481
22.85878
23.26921
22.88711
23.28806
22.89602
23.29451
22.91652
23.30342
22.92542
23.31733
22.9439
23.35022
22.95033
23.45448
22.96639
23.47646
22.98282
23.4829
22.988
23.49179
22.99318
23.49824
23.01454
23.52164
23.03262
23.54584
23.04897
23.55226
23.05533
23.56867
23.08095
23.57389
23.08984
23.58776
23.11036
23.59297
23.11679
23.59819
23.13215
23.61211
23.13857
23.61852
23.155
23.62744
23.16143
23.63268
23.18545
23.63792
23.19332
23.65438
23.20732
23.6596
23.22623
23.66487
23.23528
23.69383
23.25813
23.70832
23.26635
23.76242
23.29853
23.77409
23.31265
23.81547
23.34131
23.8207
23.34666
23.85215
23.35201
23.87922
23.3749
23.88815
23.3837
23.92715
23.40777
23.95637
23.42674
23.98184
23.45925
23.98713
23.46577
23.99241
23.48733
24.00644
23.49388
24.01459
23.52615
24.0321
23.54159
24.03867
23.55697
24.05774
23.58486
24.06683
23.59401
24.09093
23.62253
24.11656
23.63166
24.14352
23.65964
24.16146
23.67618
24.17202
23.70424
24.24312
23.7349
24.28014
23.75264
24.28914
23.76134
24.31314
23.7879
24.32087
23.81561
24.34668
23.83977
24.35339
23.84517
24.37905
23.87399
24.44674
23.90946
24.50209
23.92829
24.54146
23.96494
24.55065
23.97282
24.57484
24.00514
24.58405
24.01438
24.60108
24.04159
24.60659
24.05078
24.61212
24.08503
24.62887
24.11197
24.63567
24.11752
24.64494
24.12309
24.66804
24.14742
24.69425
24.15672
24.74147
24.19599
24.75086
24.21316
24.77646
24.22
24.79651
24.23681
24.806
24.25607
24.81544
24.26423
24.83238
24.2869
24.84075
24.2937
24.85433
24.32299
24.86012
24.34965
24.86591
24.35527
24.88671
24.36091
24.91086
24.37931
24.91794
24.39237
24.93596
24.39927
24.94466
24.41868
24.96428
24.42555
24.97353
24.44728
24.99066
24.45419
25.00031
24.4767
25.00994
24.48615
25.03745
24.50308
25.04458
24.52167
25.06173
24.52747
25.06895
24.5333
25.09433
24.56089
25.11099
24.57043
25.11705
24.59183
25.1316
24.6059
25.14361
24.6247
25.16557
24.63181
25.17534
24.64138
25.19022
24.64847
25.19628
24.6655
25.20239
24.67257
25.22653
24.69237
25.23386
24.69824
25.25372
24.70409
25.2598
24.73036
25.26588
24.75975
25.29421
24.76829
25.30392
24.80341
25.33065
24.81024
25.35908
24.83959
25.43318
24.84809
25.45017
24.88152
25.45704
24.88711
25.47642
24.89274
25.48202
24.93078
25.4957
24.96032
25.54851
24.99511
25.55528
25.02324
25.56085
25.04752
25.58662
25.05301
25.61983
25.0585
25.64927
25.07681
25.65742
25.10413
25.68166
25.11977
25.7028
25.14893
25.70837
25.15555
25.73249
25.17716
25.73927
25.18387
25.76304
25.21279
25.76867
25.2219
25.77424
25.24466
25.79332
25.27526
25.8155
25.2835
25.82206
25.30672
25.83815
25.33055
25.8658
25.33872
25.87215
25.36843
25.9086
25.39275
25.9337
25.41357
25.95374
25.41867
25.96004
25.44888
25.97668
25.47636
25.98179
25.48266
25.98689
25.49145
25.99812
25.51494
26.00441
25.53835
26.02666
25.54344
26.03544
25.54855
26.04424
25.57199
26.05302
25.57829
26.07048
25.58459
26.07678
25.59341
26.09557
25.60074
26.11057
25.60587
26.11686
25.61098
26.13065
25.62478
26.13576
25.63362
26.14087
25.64913
26.15976
25.65549
26.16486
25.67046
26.16999
25.67561
26.18291
25.68073
26.19562
25.69378
26.21196
25.71013
26.21831
25.72806
26.23227
25.75733
26.2475
25.76538
26.26426
25.78888
26.32994
25.79785
26.33883
25.8268
26.3478
25.83208
26.35425
25.83737
26.36825
25.87214
26.37722
25.90348
26.39537
25.94128
26.41314
25.94668
26.44673
25.95211
26.45836
25.984
26.46619
25.99185
26.49408
26.01906
26.50262
26.02604
26.52607
26.0538
26.5353
26.06045
26.54204
26.0976
26.55513
26.12885
26.56439
26.14617
26.58863
26.16539
26.60566
26.17092
26.63861
26.17645
26.65541
26.20499
26.66221
26.22346
26.68337
26.23266
26.69014
26.26381
26.71137
26.2875
26.72068
26.293
26.74062
26.31079
26.74742
26.31752
26.76397
26.3411
26.78848
26.34897
26.79652
26.38386
26.82516
26.40872
26.84795
26.41537
26.87075
26.43967
26.87755
26.44513
26.90396
26.47092
26.90958
26.4776
26.9152
26.50865
26.94349
26.51791
26.95056
26.55126
26.9779
26.55803
26.9847
26.5816
27.00719
26.58838
27.0156
26.59689
27.17518
26.62454
27.19356
26.63019
27.20307
26.63579
27.21969
26.66438
27.22669
26.68775
27.24492
26.69585
27.25074
26.70517
27.25661
26.72695
27.27635
26.7326
27.29763
26.74194
27.32775
26.77247
27.33717
26.80782
27.35891
26.81689
27.36454
26.84428
27.39383
26.8527
27.42698
26.88904
27.45948
26.92204
27.46617
26.93026
27.48538
26.96256
27.49391
26.97162
27.51061
27.00843
27.51979
27.04492
27.55301
27.07989
27.56221
27.11078
27.60145
27.12768
27.60862
27.16478
27.6376
27.1933
27.65975
27.20248
27.69086
27.23575
27.72514
27.24245
27.75196
27.2751
27.76133
27.28428
27.78652
27.31227
27.80563
27.31901
27.81122
27.34679
27.83369
27.36018
27.8622
27.36571
27.89059
27.37125
27.92426
27.3898
27.93352
27.39529
28.0471
27.4245
28.08185
27.42987
28.09081
27.46619
28.12457
27.47263
28.13093
27.50496
28.1658
27.54082
28.19957
27.54963
28.20838
27.58728
28.23787
27.62223
28.24417
27.63105
28.27807
27.65345
28.29471
27.65858
28.29983
27.6637
28.30494
27.67745
28.32026
27.68258
28.32537
27.68769
28.33171
27.71403
28.35976
27.72284
28.37483
27.73917
28.39292
27.747
28.39805
27.78488
28.41936
27.79002
28.42732
27.79516
28.45877
27.82305
28.50781
27.84499
28.54619
27.86587
28.57408
27.87108
28.61178
27.90258
28.641
27.90899
28.64755
27.94792
28.68016
27.98108
28.68815
28.01475
28.71472
28.02283
28.74153
28.05916
28.77794
28.06566
28.82426
28.09785
28.89164
28.13005
28.92052
28.139
28.94091
28.17234
28.96992
28.19354
28.9902
28.19988
28.99904
28.21871
29.01964
28.22385
29.02848
28.22897
29.04476
28.24333
29.0499
28.24967
29.05505
28.26605
29.06818
28.274
29.07701
28.28536
29.09971
28.2917
29.11614
28.30054
29.12129
28.30686
29.12644
28.32576
29.14277
28.3321
29.14792
28.35969
29.15307
28.38941
29.16943
28.41702
29.17842
28.45343
29.18729
28.48907
29.19616
28.52114
29.21669
28.55231
29.22309
28.56128
29.23954
28.59776
29.2472
28.63435
29.2724
28.6429
29.30033
28.68079
29.33641
28.68612
29.3737
28.69147
29.40627
28.72509
29.41407
28.73048
29.44073
28.76754
29.47509
28.80357
29.51183
28.8399
29.53121
28.87313
29.53794
28.9075
29.60129
28.9414
29.63634
28.97654
29.66776
29.00796
29.70007
29.04277
29.73938
29.05169
29.75698
29.08694
29.76329
29.10521
29.79065
29.11156
29.79946
29.13564
29.81615
29.1445
29.82125
29.16082
29.84969
29.16715
29.85597
29.1806
29.87861
29.18855
29.88371
29.21607
29.8888
29.23884
29.91511
29.24395
29.93259
29.24905
29.95272
29.27759
29.95904
29.29522
29.96415
29.30401
29.96925
29.32903
29.98296
29.34772
29.98928
29.35519
29.99807
29.36648
30.00775
29.37158
30.01404
29.38659
30.02537
29.39168
30.03168
29.4005
30.05174
29.42436
30.06308
29.43228
30.06943
29.45616
30.07824
29.49092
30.10206
29.51825
30.11084
29.52338
30.13971
29.52851
30.16013
29.56233
30.18762
29.59324
30.21046
29.59986
30.21676
29.63626
30.23583
29.65965
30.24211
29.68726
30.26699
29.69604
30.35368
29.713
30.35994
29.71809
30.3808
29.72318
30.38588
29.75715
30.39095
29.76402
30.40974
29.7728
30.41769
29.79641
30.43362
29.8027
30.4399
29.83471
30.46103
29.85878
30.46854
29.86756
30.47481
29.88747
30.48357
29.89597
30.48865
29.91931
30.50336
29.95113
30.51483
29.95964
30.51992
29.98876
30.525
29.99752
30.53624
30.01611
30.54254
30.02238
30.55634
30.04103
30.57129
30.04919
30.59198
30.06185
30.59945
30.06931
30.61571
30.09155
30.62079
30.09857
30.63672
30.10731
30.65305
30.13208
30.65936
30.13716
30.66567
30.14224
30.68952
30.16552
30.71199
30.17418
30.73516
30.20041
30.7415
30.22537
30.75529
30.23168
30.76308
30.25049
30.78185
30.25558
30.7906
30.26068
30.80724
30.27451
30.81356
30.28081
30.82989
30.28592
30.8362
30.30224
30.845
30.32095
30.85883
30.32728
30.86394
30.34359
30.86905
30.3524
30.89904
30.36488
30.90784
30.37
30.91415
30.37512
30.93046
30.39898
30.93926
30.42017
30.95307
30.43271
30.96189
30.43785
30.97443
30.45926
30.98326
30.46808
30.9921
30.48446
31.00595
30.49081
31.01229
30.51221
31.04627
30.53687
31.05261
30.5719
31.07529
30.59444
31.19223
30.59967
31.19865
30.60489
31.23269
30.63754
31.26778
30.6428
31.29899
30.66864
31.30795
30.67759
31.32843
30.69707
31.3374
30.70534
31.36894
30.72433
31.38938
30.72962
31.39834
30.73491
31.43142
30.77269
31.43803
30.79531
31.45965
30.80183
31.46625
30.82739
31.48285
30.83275
31.49197
30.83811
31.49853
30.86977
31.52271
30.90516
31.54691
30.94067
31.57214
30.97049
31.6007
31.00015
31.67049
31.00954
31.70323
31.04537
31.71248
31.08034
31.74854
31.11127
31.92918
31.13721
31.94657
31.16373
31.95535
31.17013
31.9698
31.20159
31.9761
31.20795
31.98949
31.23677
31.99457
31.24308
31.99965
31.26817
32.01294
31.27697
32.01972
31.30368
32.02851
31.30878
32.03477
31.33247
32.03985
31.33756
32.04493
31.34265
32.05932
31.35606
32.06558
31.38061
32.07426
31.38569
32.08791
31.39078
32.09417
31.40331
32.10043
31.40839
32.11506
31.41347
32.12014
31.42343
32.14911
31.43012
32.1685
31.44494
32.17356
31.45002
32.18708
31.45509
32.19214
31.46998
32.19721
31.47848
32.21098
31.49792
32.21962
31.50425
32.23703
31.52836
32.24332
31.54442
32.25948
31.5507
32.26455
31.56697
32.26961
31.57575
32.28837
31.59829
32.29465
31.60588
32.31595
31.61466
32.32469
31.63595
32.34597
31.65818
32.35226
31.68224
32.3685
31.69113
32.37358
31.7287
32.37867
31.73749
32.39871
31.77364
32.40705
31.80083
32.42334
31.8284
32.42964
31.85697
32.43845
31.88218
32.44476
31.88728
32.45993
31.89237
32.46503
31.92486
32.49006
31.94867
32.49638
31.95745
32.52025
31.98998
32.54954
32.01506
32.55836
32.04016
32.58831
32.06052
32.61091
32.06937
32.61606
32.09981
32.62122
32.13568
32.64686
32.14208
32.65572
32.18035
32.67966
32.21352
32.69821
32.24956
32.70601
32.28763
32.72492
32.31903
32.73886
32.35088
32.74778
32.36008
32.78673
32.39453
32.82182
32.42232
32.8527
32.44256
33.01069
32.44914
33.04919
32.47697
33.08229
32.48356
33.11918
32.51947
33.15783
32.55479
33.19286
32.59137
33.22658
32.59955
33.25979
32.63307
33.29419
32.66094
33.32787
32.69514
33.33686
32.70375
33.37405
32.73408
33.40984
32.76699
33.4426
32.80294
33.46542
32.83665
33.47449
32.84362
33.5134
32.88102
33.54599
32.91854
33.58139
32.98491
33.61533
33.01914
33.65324
33.05306
33.68337
33.08804
33.68858
33.12579
33.69379
33.15817
33.72639
33.16706
33.75745
33.20451
33.79164
33.23505
33.82745
33.26953
33.86049
33.30275
33.89467
33.31124
33.92895
33.34656
33.93654
33.3772
33.96461
33.41332
33.99705
33.44087
34.00597
33.45303
34.03757
33.45942
34.04649
33.4809
34.07477
33.50739
34.09236
33.51379
34.1091
33.54397
34.13208
33.5654
34.1603
33.60166
34.16661
33.63315
34.19276
33.65899
34.20158
33.66531
34.21601
33.69758
34.22233
33.71772
34.25577
33.72286
34.26205
33.72793
34.2917
33.73896
34.30855
33.74731
34.31365
33.76939
34.31873
33.78576
34.33754
33.7909
34.34261
33.79598
34.36265
33.81705
34.37143
33.82214
34.39774
33.82722
34.40641
33.85477
34.43422
33.87947
34.44174
33.91716
34.47433
33.92598
34.49032
33.96357
34.51446
33.98758
34.53487
33.99393
34.56622
34.03289
34.57255
34.06991
34.59639
34.10352
34.60521
34.10866
34.63278
34.1138
34.63791
34.15024
34.64304
34.17904
34.67986
34.18416
34.70578
34.18926
34.71334
34.22491
34.75013
34.24689
34.7771
34.25504
34.78502
34.28378
34.81695
34.30644
34.82326
34.33426
34.85902
34.3645
34.88435
34.37908
34.89268
34.38536
34.92327
34.40304
34.93076
34.41156
34.95052
34.43415
34.97308
34.46038
34.99948
34.46846
35.00756
34.49305
35.03328
34.49931
35.04654
34.51474
35.05448
34.52101
35.07161
34.55069
35.08375
34.55872
35.09003
34.56499
35.11225
34.58273
35.11732
34.589
35.13026
34.60641
35.13875
34.61269
35.15209
34.6429
35.15716
34.65122
35.17241
34.68436
35.20361
34.69183
35.21886
34.71379
35.22513
34.71889
35.26224
34.7383
35.28248
34.76287
35.31082
34.7944
35.33653
34.82655
35.368
34.86378
35.38448
34.8951
35.40192
34.9029
35.40823
34.92807
35.4356
34.96093
35.44385
34.96982
35.4743
35.00687
35.48299
35.03669
35.5369
35.07319
35.56471
35.08205
35.59235
35.11453
35.61602
35.15216
35.65405
35.16845
35.66037
35.17725
35.69175
35.21504
35.72446
35.24813
35.75494
35.28399
35.79094
35.30906
35.80802
35.31538
35.81686
35.34665
35.83955
35.35549
35.84838
35.39373
35.9745
35.43262
35.99589
35.47078
36.00103
35.49851
36.02218
35.52494
36.02984
35.55527
36.04793
35.56419
36.08425
35.59386
36.11804
35.62682
36.13938
35.66329
36.17595
35.69834
36.20748
35.73467
36.21642
35.76742
36.24701
35.77649
36.2854
35.80902
36.32548
35.83448
36.35955
35.84352
36.39598
35.87428
36.43032
35.90844
36.46359
35.9433
36.49922
35.97684
36.52833
36.01172
36.56163
36.05
36.59724
36.08647
36.6329
36.1232
36.66925
36.15627
36.69644
36.16278
36.73097
36.19807
36.73751
36.22381
36.77071
36.24772
36.79733
36.25668
36.83257
36.29044
36.86905
36.32359
36.89886
36.33
36.93059
36.36729
36.95345
36.39901
36.96229
36.42769
36.99861
36.45921
37.0251
36.46555
37.03306
36.50238
37.06194
36.51122
37.08353
36.54913
37.11417
36.58228
37.12305
36.61149
37.14695
36.63526
37.17202
36.66663
37.18006
36.70142
37.20077
36.73935
37.20716
36.77569
37.33379
36.81321
37.33903
36.81963
37.36245
36.85736
37.40107
36.88814
37.4321
36.89714
37.46844
36.9253
37.50624
36.95334
37.53926
36.99104
37.57365
37.02933
37.60553
37.06335
37.64117
37.10005
37.67771
37.13142
37.7127
37.16877
37.74443
37.20787
37.75343
37.24253
37.78553
37.27591
37.82228
37.31042
37.85256
37.34296
37.88147
37.37676
37.90443
37.41292
37.94091
37.44705
37.97878
37.45234
38.01303
37.45764
38.0428
37.49394
38.0714
37.53036
38.08056
37.56878
38.15002
37.60662
38.1555
37.64162
38.19314
37.6622
38.23049
37.6964
38.2611
37.73334
38.29856
37.77002
38.33492
37.80737
38.37266
37.8461
38.40832
37.87798
38.44431
37.91553
38.46798
37.95336
38.4989
37.98843
38.51818
38.01706
38.55385
38.0498
38.58367
38.08716
38.61862
38.12272
38.65703
38.16108
38.69041
38.18769
38.72779
38.22246
38.76588
38.25603
38.8045
38.29287
38.83891
38.33168
38.8702
38.36229
38.9029
38.3917
38.94143
38.40063
38.9768
38.42783
39.01542
38.43583
39.05016
38.46741
39.08522
38.49516
39.121
38.54083
39.15881
38.57418
39.19126
38.60952
39.22569
38.64588
39.2321
38.68071
39.26501
38.71552
39.30185
38.75359
39.34039
38.78596
39.3791
38.9295
39.41373
38.96549
39.44854
39.00124
39.48029
39.03775
39.51945
39.06972
39.55321
39.10218
39.58873
39.13802
39.6256
39.17371
39.66202
39.21211
39.69946
39.24839
39.73639
39.31881
39.77262
39.35757
39.80864
39.39199
39.84338
39.42711
39.88255
39.46213
39.91753
39.49298
39.9526
39.53079
39.9617
39.56851
39.99795
39.66812
40.03388
39.67569
40.06877
39.71101
40.09557
39.74492
40.13036
39.78228
40.16403
39.81857
40.19796
39.85475
40.23555
39.88439
40.27018
39.92152
40.30745
39.95836
40.34348
39.99353
40.3783
40.02817
40.40978
40.06161
40.44153
40.07046
40.47436
40.10306
40.50705
40.13928
40.54074
40.17456
40.57199
40.20835
40.59909
40.21716
40.63567
40.25146
40.65447
40.25777
40.65958
40.27768
40.67997
40.28647
40.68507
40.32194
40.69016
40.32826
40.71279
40.35712
40.71788
40.37204
40.75547
40.40348
40.79233
40.42254
40.81443
40.45871
40.8232
40.49271
40.85628
40.50156
40.88952
40.53666
40.92019
40.56985
40.93892
40.60524
40.94522
40.64006
40.98193
40.66654
41.00985
40.67288
41.03991
40.69646
41.04501
40.70529
41.05011
40.73669
41.08682
40.76298
41.1183
40.78148
41.15488
40.81461
41.18311
40.821
41.22137
40.84491
41.25642
40.85381
41.29282
40.88842
41.32787
40.92505
41.36668
40.95588
41.403
40.99495
41.43922
41.02825
41.4752
41.06565
41.50982
41.10229
41.54523
41.13864
41.58178
41.17286
41.61813
41.21081
41.65511
41.24909
41.6923
41.28682
41.73075
41.31647
41.76755
41.35093
41.8027
41.38921
41.8396
41.42365
41.87598
41.45811
41.9114
41.49396
41.94521
41.52966
41.98488
41.56877
42.01817
41.60635
42.05419
41.61283
42.089
41.64088
42.12541
41.67402
42.16231
41.70866
42.19659
41.74505
42.23418
41.7818
42.26936
41.81298
42.30643
41.84882
42.3417
41.88655
42.38019
41.92214
42.41138
41.9609
42.42051
41.97004
42.45819
42.00724
42.49521
42.04101
42.53076
42.07905
42.56674
42.11569
42.60269
42.14965
42.63284
42.29856
42.66756
42.33467
42.702
42.37282
42.73794
42.40437
42.77292
42.43666
42.80848
42.47018
42.84412
42.50811
42.87132
42.54255
42.88018
42.55134
42.90546
42.58519
42.91425
42.61358
42.95035
42.61866
42.96526
42.62377
42.97034
42.65261
42.97541
42.66015
42.9986
42.69403
43.0288
42.72162
43.05696
42.75117
43.09199
42.78697
43.13109
42.81454
43.1627
42.82085
43.19335
42.84935
43.23047
42.86497
43.26613
42.87134
43.29402
42.90721
43.3278
42.9421
43.33425
42.98169
43.37084
42.98811
43.40272
43.0243
43.41075
43.05149
43.44699
43.06043
43.48101
43.09702
43.51651
43.12016
43.55427
43.12659
43.58926
43.16167
43.65492
43.19687
43.72442
43.23117
43.76144
43.2629
43.79673
43.29997
43.80556
43.32888
43.8281
43.33661
43.83691
43.37193
43.86036
43.40817
43.89131
43.44193
43.91843
43.47535
43.92638
43.50923
43.95696
43.54792
43.98462
43.58001
44.0037
43.58889
44.04269
43.61774
44.05161
43.62416
44.08049
43.66223
44.18744
43.69032
44.22051
43.72477
44.248
43.76003
44.28565
43.79626
44.29476
43.82585
44.33219
43.85894
44.36614
43.88947
44.40129
43.92654
44.43806
43.96224
44.47181
43.99777
44.50868
44.00664
44.54181
44.0447
44.58006
44.08202
44.61805
44.11945
44.65445
44.15674
44.68936
44.19491
44.72637
44.22986
44.76188
44.2682
44.80096
44.3061
44.83664
44.3806
44.87613
44.41603
44.91056
44.45426
44.9465
44.49013
44.98066
44.52866
45.01894
44.56558
45.05656
44.60197
45.09233
44.63735
45.12849
44.6766
45.16138
44.68428
45.19353
44.72016
45.22483
44.7547
45.23116
44.78298
45.26498
44.81836
45.28579
44.85518
45.2921
44.89304
45.31409
44.91788
45.32291
44.92612
45.34421
44.94476
45.35302
44.95356
45.36183
44.97355
45.38313
44.97865
45.39191
45.00462
45.42013
45.01146
45.43681
45.04609
45.4579
45.05487
45.46301
45.07994
45.46811
45.08745
45.49082
45.11854
45.49959
45.15557
45.53824
45.19276
45.57468
45.23333
45.60835
45.27227
45.64888
45.3097
45.65771
45.34718
45.69528
45.38568
45.73446
45.42187
45.7715
45.45805
45.8093
45.49292
45.84666
45.52923
45.88279
45.56929
45.91947
45.60758
45.95804
45.64573
45.99233
45.68476
46.03072
45.72215
46.06777
45.76039
46.10405
45.79682
46.1419
45.83326
46.18014
45.86937
46.21733
45.90725
46.25487
45.94502
46.292
45.98194
46.32896
46.02141
46.36661
46.0603
46.3983
46.08443
46.43705
46.09314
46.47646
46.13159
46.51201
46.16938
46.55289
46.20612
46.58876
46.24325
46.81798
46.27944
46.85033
46.31591
46.88437
46.35082
46.92134
46.3859
46.95512
46.42362
46.99242
46.46381
47.02698
46.5027
47.06367
46.53754
47.09794
46.57493
47.1365
46.61169
47.17432
46.64946
47.21001
46.68696
47.24539
46.72379
47.2817
46.75735
47.32059
46.78805
47.34764
46.79451
47.38594
46.83283
47.42374
46.8695
47.46078
46.90638
47.49613
46.94139
47.52858
46.97915
47.56225
47.01667
47.59731
47.05221
47.63195
47.0889
47.66831
47.12505
47.70601
47.16172
47.74056
47.19917
47.77802
47.2353
47.81386
47.27123
47.82279
47.30769
47.85678
47.34534
47.89147
47.37517
47.92714
47.41282
47.96011
47.44951
47.99243
47.48945
48.029
47.52445
48.06656
47.55323
48.10328
47.58775
48.13888
47.6274
48.17677
47.66277
48.21744
47.69949
48.2552
47.73641
48.28831
47.77409
48.29617
47.81337
48.33096
47.84979
48.36293
47.88488
48.39473
47.92187
48.42651
47.95729
48.46361
47.99598
48.50006
48.02764
48.53672
48.06515
48.57431
48.10361
48.61224
48.13976
48.6511
48.17621
48.68697
48.2057
48.72364
48.24479
48.75764
48.28047
48.79376
48.31615
48.83027
48.34836
48.86377
48.3559
48.90074
48.39137
48.93559
48.4293
48.94069
48.46377
48.978
48.49733
48.98435
48.53122
49.00723
48.54002
49.01538
48.55874
49.02806
48.57698
49.03442
48.58579
49.04317
48.60217
49.07819
48.631
49.10799
48.64498
49.14189
48.65007
49.16977
48.65517
49.17669
48.66026
49.20059
48.67409
49.22309
48.68114
49.23197
48.70001
49.24829
48.70883
49.26581
48.73254
49.2997
48.76397
49.32977
48.79963
49.33728
48.83738
49.37611
48.87429
49.41232
48.91314
49.44665
48.95007
49.47753
48.98853
49.48634
49.02015
49.51781
49.02903
49.54551
49.06606
49.61678
49.1034
49.6219
49.13762
49.64469
49.14603
49.6498
49.164
49.66863
49.17035
49.6758
49.1917
49.69329
49.20802
49.70213
49.21437
49.72092
49.2491
49.75093
49.25802
49.77282
49.28794
49.83183
49.32183
49.86913
49.33076
49.9074
49.36733
49.94273
49.39508
49.97586
49.4341
50.01238
49.46886
50.03778
49.5065
50.0701
49.54149
50.10769
49.57322
50.13311
49.61048
50.16342
49.64758
50.19331
49.68661
50.23062
49.72342
50.26914
49.75962
50.30397
49.79928
50.33807
49.83708
50.37188
49.87415
50.40964
49.90852
50.47108
49.94173
50.5103
49.97949
50.51827
50.01704
50.54213
50.02587
50.57133
50.05296
50.58019
50.0605
50.61058
50.07936
50.63604
50.08817
50.6613
50.122
50.68957
50.13082
50.72557
50.16375
50.75942
50.19767
50.79351
50.23531
50.82992
50.27187
50.86775
50.30757
50.90489
50.34652
50.93508
50.38505
50.94032
50.42366
50.94555
50.46234
50.98037
50.50048
51.01495
50.53832
51.04907
50.57653
51.08701
50.6152
51.12583
50.65326
51.16339
50.68939
51.20147
50.72931
51.24051
50.76757
51.2787
50.80311
51.31695
50.84229
51.35527
50.88083
51.39473
50.91847
51.43107
50.9528
51.4702
50.9903
51.50295
51.02835
51.54179
51.06141
51.57595
51.09935
51.61499
51.13831
51.65282
51.17757
51.69101
51.21687
51.72799
51.25425
51.76528
51.29221
51.8022
51.32868
51.83896
51.36616
51.87586
51.40467
51.91167
51.4396
51.94844
51.47572
51.98645
51.51292
52.02488
51.55212
52.06225
51.59023
52.10111
51.62762
52.13956
51.66519
52.17549
51.70394
52.21643
51.74495
52.25121
51.78267
52.28796
51.81615
52.32154
51.85429
52.35888
51.89243
52.39542
51.92865
52.42997
51.9647
52.46827
52.00214
52.50717
52.0399
52.54523
52.07886
52.58177
52.1179
52.6113
52.14923
52.64573
52.18734
52.68151
52.22654
52.70955
52.25912
52.74422
52.26556
52.77291
52.28681
52.80797
52.32381
52.84311
52.35681
52.84823
52.3964
52.88597
52.42773
52.90398
52.43661
52.9103
52.45713
52.93729
52.46228
53.02193
52.49505
53.03828
52.51395
53.04652
52.52194
53.06539
52.55017
53.0928
52.58413
53.1319
52.59272
53.15273
52.62428
53.17896
52.66028
53.20968
52.69682
53.24685
52.7312
53.27652
52.76783
53.30355
52.80669
53.33216
52.84428
53.34107
52.85318
53.37809
52.88671
53.40704
52.91288
53.44418
52.92181
53.48358
52.96202
53.50925
52.96721
53.54228
53.00366
53.5768
53.03376
53.58318
53.04269
53.60228
53.08159
53.63968
53.11848
53.67731
53.1524
53.71423
53.19131
53.7502
53.22794
53.77665
53.23685
53.81116
53.27364
53.84739
53.30267
53.88135
53.3385
53.89024
53.36441
53.91816
53.40283
53.927
53.43705
53.96452
53.47522
54.00103
53.51157
54.037
53.54845
54.0729
53.58569
54.11074
53.62395
54.14894
53.66103
54.1867
53.69267
54.22523
53.7333
54.26381
53.77157
54.30059
53.81104
54.33547
53.84838
54.37514
53.88795
54.41187
53.92601
54.44731
53.96442
54.48331
54.00383
54.52243
54.04272
54.56066
54.08038
54.59979
54.11811
54.63494
54.15767
54.6709
54.19545
54.7103
54.23237
54.74879
54.27051
54.78663
54.3116
54.86328
54.34959
54.90363
54.38177
54.94061
54.38858
54.98002
54.42793
55.01761
54.4662
55.05485
54.50547
55.09288
54.54642
55.13254
54.58363
55.1703
54.61874
55.20906
54.65929
55.24758
54.69837
55.28623
54.73729
55.32638
54.77658
55.36366
54.81414
55.39736
54.85101
55.43641
54.88947
55.47494
54.92829
55.51421
54.96484
55.5525
55.00408
55.59176
55.04352
55.63026
55.08091
55.66918
55.11935
55.70841
55.15869
55.74776
55.19455
55.78284
55.23203
55.82073
55.27124
55.85871
55.31136
55.89724
55.34849
55.9336
55.38775
55.97068
55.42263
56.00849
55.46012
56.04852
55.49879
56.08261
55.53824
56.1955
55.57477
56.23196
55.60992
56.26436
55.6488
56.29956
55.68413
56.3319
55.72211
56.34072
55.75957
56.37858
55.79593
56.41212
55.83104
56.43869
55.87003
56.44742
55.87769
56.47083
55.91193
56.48944
55.93775
56.49456
55.97234
56.49966
55.99787
56.52612
56.03165
56.54867
56.06551
56.56965
56.07189
56.57475
56.10967
56.59113
56.14504
56.61065
56.18145
56.6183
56.21967
56.64456
56.2567
56.66333
56.29439
56.69272
56.33209
56.72011
56.34101
56.72644
56.36334
56.75922
56.40112
56.78226
56.43759
56.80871
56.47544
56.84262
56.51148
56.873
56.54183
56.90326
56.57201
56.9376
56.58089
56.97427
56.61686
57.00776
56.65574
57.04402
56.69479
57.08299
56.73135
57.11866
56.77044
57.15794
56.80893
57.1923
56.84669
57.23027
56.88262
57.26838
56.92051
57.3049
56.95876
57.34209
56.99694
57.38086
57.03447
57.41537
57.07369
57.45306
57.11003
57.49272
57.14933
57.52944
57.18852
57.57021
57.2268
57.6087
57.2612
57.64676
57.30163
57.68589
57.34089
57.72166
57.37728
57.75725
57.41478
57.79023
57.45223
57.82707
57.4869
57.86195
57.52473
57.8996
57.53365
57.93736
57.56694
57.94532
57.60599
57.98433
57.64426
58.01277
57.65268
58.04488
57.68983
58.0791
57.72653
58.116
57.76392
58.25974
57.80337
58.29971
57.84117
58.33841
57.8784
58.37752
57.9156
58.41532
57.95369
58.45031
57.99102
58.48568
58.02991
58.5234
58.06629
58.56039
58.0752
58.59436
58.11034
58.63142
58.14722
58.6679
58.18509
58.7056
58.22405
58.74329
58.26162
58.78089
58.30008
58.81745
58.33164
58.85081
58.34048
58.87934
58.36253
58.91598
58.36766
58.9467
58.3728
58.95559
58.41025
58.99368
58.44616
59.02194
58.47732
59.0577
58.51503
59.09079
58.55287
59.12518
58.59096
59.15332
58.62894
59.15974
58.66758
59.195
58.7039
59.22218
58.73538
59.25291
58.76903
59.2915
58.84553
59.32221
58.95232
59.33107
58.98133
59.36744
59.02158
59.39898
59.05466
59.43364
59.08641
59.47265
59.12417
59.50901
59.15821
59.54562
59.19492
59.57973
59.2333
59.61673
59.27066
59.65474
59.30941
59.69015
59.34861
59.72934
59.38751
59.76315
59.42128
59.79818
59.45941
59.83458
59.4967
59.86765
59.53247
59.90068
59.56817
59.93981
59.6072
59.97641
59.6395
60.01309
59.64765
60.04676
59.68548
60.08156
59.71685
60.11581
59.7541
60.15351
59.79117
60.18751
59.83041
60.22323
59.86774
60.25657
59.90308
60.29459
59.93868
60.32855
59.9766
60.36202
60.00961
60.39649
60.01791
60.4302
60.0407
60.46777
60.07845
60.50555
60.11756
60.54124
60.15547
60.57862
60.19286
60.61786
60.2337
60.69364
60.27017
60.80355
60.30742
60.84138
60.34506
60.87748
60.38303
60.91621
60.41854
60.95157
60.45562
60.98947
60.49559
61.02783
60.53374
61.06596
60.57217
61.10406
60.60862
61.1432
60.64661
61.17875
60.68054
61.21534
60.72081
61.24799
60.75698
61.28661
60.79649
61.32583
60.83273
61.36493
60.87045
61.40408
60.90436
61.44251
60.94125
61.48147
60.97899
61.52065
61.01661
61.55399
61.05225
61.59108
61.09012
61.62435
61.12889
61.66194
61.16725
61.66834
61.20407
61.70471
61.24041
61.74133
61.42739
61.78032
61.46791
61.81936
61.507
61.85061
61.54521
61.87813
61.58191
61.91188
61.62028
61.94787
61.65952
61.98153
61.69868
62.02075
61.73503
62.05761
61.76713
62.09647
61.8056
62.13543
61.84399
62.33015
61.88285
62.36974
61.92154
62.4099
61.96108
62.44952
61.999
62.49084
62.03756
62.53024
62.07722
62.57109
62.11495
62.6104
62.15365
62.6501
62.19286
62.68915
62.22993
62.73016
62.26539
62.76947
62.3046
62.81042
62.34239
62.84965
62.38088
62.88749
62.4186
62.92428
62.45499
62.96358
62.49363
62.99953
62.5306
63.03807
62.56917
63.077
62.60721
63.11499
62.64716
63.15479
62.68516
63.19318
62.72352
63.23207
62.76189
63.26956
62.79856
63.3077
62.83598
63.3446
62.8768
63.38271
62.91505
63.42184
62.95434
63.45931
62.99037
63.49818
63.02987
63.53753
63.07047
63.57771
63.10952
63.61708
63.18587
63.65637
63.22688
63.69389
63.26643
63.73327
63.30743
63.77098
63.34645
63.80962
63.38635
63.84826
63.42548
63.8874
63.46282
63.92473
63.50195
63.96547
63.53928
64.00238
63.57549
64.04071
63.61211
64.07669
63.65226
64.11398
63.68997
64.15247
63.72903
64.18972
63.76789
64.22477
63.80729
64.26219
63.84681
64.30122
63.88565
64.34026
63.92392
64.37952
63.96444
64.41493
64.00251
64.44978
64.04114
64.4887
64.07941
64.52679
64.11726
64.56516
64.15451
64.6032
64.19353
64.6422
64.2317
64.67896
64.26975
64.7148
64.30954
64.75126
64.3868
64.78983
64.42525
64.8279
64.46486
64.86696
64.58225
64.90606
64.937
64.94397
65.01511
64.98337
65.05614
65.02065
65.09543
65.05901
65.13567
65.09586
65.1721
65.13396
65.2108
65.17204
65.24867
65.21091
65.28705
65.24863
65.32607
65.2878
65.36462
65.32725
65.40253
65.68462
65.44174
65.72496
65.48003
65.76411
65.51754
65.80505
65.55804
65.96417
65.59561
66.00267
65.63306
66.04222
65.6701
66.08137
65.70576
66.11909
65.74472
66.158
65.78389
66.19607
65.82219
66.2336
65.85984
66.27171
65.89935
66.31148
65.93737
66.42262
65.96985
66.46248
66.00738
66.49652
66.04545
66.53358
66.08322
66.57076
66.11877
66.60687
66.15488
66.64595
66.1612
66.6845
66.187
66.72227
66.21831
66.76064
66.24223
66.79858
66.25113
66.8074
66.29025
66.84639
66.32391
66.88282
66.36116
66.9084
66.39902
66.94492
66.43739
66.9828
66.47508
67.01177
66.51393
67.04401
66.55421
67.06801
66.59337
67.10075
66.6151
67.10976
66.62158
67.14637
66.66088
67.18443
66.6989
67.22527
66.73713
67.26315
66.77654
67.30068
66.81496
67.33783
66.85333
67.37791
66.89369
67.41601
66.93279
67.453
66.974
67.49228
67.01361
67.53153
67.0549
67.5724
67.0946
67.61134
67.13594
67.65002
67.29648
67.68928
67.33604
67.72865
67.37641
67.76694
67.41461
67.8069
67.45405
67.84592
67.49357
67.88678
67.53271
67.9241
67.5721
67.96042
67.61057
67.99852
67.65012
68.03622
67.6896
68.07427
67.73082
68.1894
67.76965
68.22825
67.80917
68.26753
67.84782
68.38423
67.88797
68.54296
67.92593
68.58213
67.96436
68.61832
68.00299
68.65536
68.04184
68.68846
68.07342
68.72501
68.10902
68.76315
68.14865
68.79584
68.17631
68.80469
68.216
68.84151
68.25287
68.87966
68.28824
68.91752
68.32618
68.95564
68.36262
68.99435
68.40096
69.03033
68.43908
69.06624
68.47988
69.10524
68.51825
69.14594
68.55913
69.18527
68.59843
69.226
68.63604
69.26395
68.67506
69.30264
68.71503
69.33908
68.75238
69.37831
68.79111
69.41767
68.82967
69.45705
68.86902
69.49651
68.90891
69.53599
68.9481
69.57681
68.98634
69.61546
69.02279
69.65641
69.06203
69.69534
69.10126
69.73333
69.14027
69.77209
69.17958
69.81261
69.21922
69.85031
69.33818
69.88874
69.37907
69.92715
69.41844
69.96204
69.45757
70.00069
69.4985
70.03623
69.53787
70.07691
69.57713
70.11511
69.61539
70.15437
69.65644
70.19353
69.69574
70.23261
69.73274
70.27112
69.7714
70.31197
69.81094
70.34954
69.85071
70.38885
69.89214
70.42835
69.93199
70.46902
69.97328
70.50852
70.01324
70.54927
70.05336
70.58865
70.09287
70.62849
70.13399
70.66666
70.17305
70.70318
70.21243
70.74006
70.25044
70.77837
70.28996
70.8167
70.32922
70.85349
70.36771
70.8942
70.40498
70.93272
70.44448
70.96799
70.52315
71.00352
70.56294
71.0396
70.60217
71.07444
70.64289
71.11084
70.68217
71.14652
70.72205
71.18406
70.75716
71.21972
70.79353
71.25874
70.83055
71.27393
70.86449
71.2802
70.90257
71.31291
70.93803
71.31796
70.94435
71.32302
70.9819
71.35935
71.00745
71.38831
71.01625
71.4147
71.04913
71.42097
71.07805
71.45993
71.11376
71.49266
71.14433
71.52885
71.18082
71.56778
71.22157
71.60654
71.25755
71.68487
71.29765
71.72367
71.33336
71.75819
71.3695
71.79559
71.40747
71.83341
71.43777
71.87066
71.47517
71.90942
71.50421
71.94775
71.54227
71.98545
71.58138
72.02188
71.61606
72.0581
71.65417
72.09514
71.69321
72.13099
71.72972
72.16669
71.76876
72.20224
71.80852
72.24278
71.84758
72.28059
71.88421
72.31814
71.92328
72.35483
71.96124
72.39514
71.9973
72.43434
72.03664
72.47227
72.07462
72.51031
72.11262
72.55031
72.15111
72.58957
72.1905
72.6273
72.22919
72.66645
72.26863
72.7049
72.30907
72.74521
72.34774
72.78462
72.38857
72.82481
72.42826
72.86305
72.46785
72.90427
72.50402
72.94391
72.54383
72.98399
72.58316
73.02364
72.62104
73.06518
72.6608
73.10551
72.69995
73.14596
72.73878
73.18478
72.77724
73.22429
72.81709
73.26337
72.85399
73.30251
72.89138
73.34084
72.92968
73.38063
72.96896
73.41862
73.00727
73.45733
73.04842
73.49647
73.08797
73.53559
73.12932
73.57038
73.16861
73.60821
73.20683
73.64583
73.24707
73.68493
73.28577
73.72466
73.32616
73.76205
73.3663
73.80147
73.4083
73.84058
73.44778
73.88139
73.48843
73.91696
73.52719
73.95509
73.56435
73.99431
73.60202
74.03358
73.64013
74.07108
73.67828
74.10963
73.71575
74.14999
73.75267
74.1852
73.78387
74.22617
73.82309
74.26532
73.86135
74.30259
73.89983
74.3419
73.93727
74.38133
73.97624
74.41634
74.01511
74.4551
74.05446
74.49615
74.09357
74.535
74.13322
74.57613
74.17281
74.6153
74.21387
74.69544
74.2531
74.73575
74.29313
74.77306
74.33259
74.814
74.37157
74.85347
74.4111
74.89052
74.44373
74.92965
74.48502
74.97063
74.52402
75.01013
74.56501
75.04961
74.60441
75.08908
74.64429
75.12719
74.68338
75.16689
74.72231
75.20644
74.76186
75.24676
74.80038
75.28647
74.83801
75.32607
74.87914
75.36446
74.9185
75.40399
74.95673
75.44359
74.99638
75.48207
75.03439
75.52154
75.07206
75.56267
75.11131
75.60147
75.15099
75.64127
75.19041
75.68103
75.23146
75.72139
75.27094
75.76076
75.31049
75.80026
75.35014
75.83908
75.38963
75.87991
75.42907
75.91906
75.46867
75.95979
75.50771
75.99766
75.54724
76.0366
75.58662
76.07593
75.62775
76.11404
75.66724
76.15005
75.7066
76.18796
75.74745
76.22655
75.7869
76.26485
75.82631
76.30573
75.86572
76.34515
75.9059
76.38602
75.94536
76.42535
75.98489
76.4641
76.02409
76.50221
76.06196
76.54057
76.1015
76.58008
76.1401
76.61929
76.17937
76.65792
76.21877
76.69727
76.25806
76.73628
76.29562
76.77583
76.3322
76.81647
76.37158
76.85552
76.40971
76.93383
76.44894
76.97475
76.48662
77.01401
76.52262
77.0534
76.56164
77.09256
76.59978
77.1296
76.6371
77.16808
76.67299
77.20726
76.71009
77.24619
76.74873
77.28528
76.78794
77.32362
76.82857
77.36276
76.86567
77.40071
76.90317
77.43913
76.93967
77.47591
76.97934
77.5151
77.01779
77.55325
77.0543
77.59042
77.09249
77.62991
77.13166
77.66914
77.16895
77.70724
77.20644
77.74392
77.24422
77.77959
77.28358
77.81806
77.32031
77.85407
77.35956
77.89137
77.39958
77.92738
77.43831
77.96342
77.47502
77.99725
77.51284
78.02761
77.54936
78.03635
77.5793
78.0723
77.61205
78.10487
77.61715
78.12641
77.62224
78.13276
77.6503
78.16244
77.68414
78.16875
77.69216
78.18849
77.72926
78.19602
77.76407
78.22858
77.79905
78.26398
77.83566
78.29926
77.87453
78.33422
77.90594
78.3708
77.94013
78.39977
77.97593
78.43112
78.01495
78.43917
78.0511
78.47565
78.08601
78.51043
78.12376
78.54865
78.16093
78.58518
78.19875
78.62235
78.23965
78.65638
78.27872
78.69527
78.31634
78.73598
78.35227
78.7753
78.39277
78.81072
78.42922
78.84953
78.4677
78.88618
78.507
78.92471
78.54703
78.96535
78.58492
79.00468
78.62413
79.04308
78.65902
79.08244
78.69493
79.12183
78.73148
79.16075
78.77065
79.19901
78.80776
79.23649
78.84704
79.27599
78.88669
79.31704
78.92606
79.35445
78.96439
79.39442
79.00362
79.43386
79.0405
79.47447
79.07864
79.51371
79.11775
79.55487
79.15605
79.5919
79.1955
79.63182
79.23527
79.67132
79.27481
79.71088
79.31462
79.75037
79.35425
79.79011
79.39461
79.8308
79.43382
79.86939
79.47362
79.90981
79.51323
79.94833
79.55451
79.98867
79.59422
80.02795
79.63579
80.06573
79.67539
80.10465
79.71526
80.1432
79.7542
80.1822
79.79281
80.21995
79.83018
80.2578
79.86933
80.29495
79.90861
80.33288
79.94794
80.36996
79.98872
80.40456
80.02753
80.44196
80.06637
80.47955
80.10566
80.51781
80.14304
80.55482
80.1811
80.66846
80.22058
80.70676
80.25992
80.7457
80.29908
80.78201
80.33529
80.82011
80.3737
80.85931
80.41243
80.90002
80.45063
80.93653
80.49081
80.97371
80.52745
81.01162
80.56412
81.04664
80.60334
81.08269
80.64
81.11891
80.67466
81.15549
80.71394
81.19469
80.75104
81.23573
80.78892
81.27482
80.82884
81.31146
80.86727
81.34967
80.90264
81.38879
80.94062
81.42729
80.98006
81.4662
81.01586
81.50533
81.05257
81.5465
81.12814
81.586
81.16714
81.62723
81.24619
81.66288
81.28419
81.70266
81.3233
81.74344
81.36297
81.78304
81.43997
81.8228
81.47971
81.86044
81.51791
81.90018
81.55935
81.93974
81.59882
81.981
81.63787
82.01905
81.67774
82.06023
81.71909
82.10085
81.75866
82.14169
81.80018
82.18215
81.84005
82.22242
81.88012
82.26263
81.91969
82.30056
81.96085
82.33637
81.99729
82.37502
82.0368
82.41511
82.07452
82.45531
82.11267
82.49581
82.15166
82.53591
82.19103
82.57605
82.23061
82.61636
82.26884
82.65536
82.30842
82.69347
82.3453
82.73245
82.38418
82.77271
82.42228
82.81352
82.46227
82.85397
82.50236
82.89429
82.54232
82.93452
82.58045
82.97344
82.62067
83.01365
82.66102
83.05293
82.69937
83.09119
82.73878
83.13158
82.7767
83.17165
82.81673
83.21215
82.85508
83.25233
82.89528
83.29249
82.93148
83.33264
82.96844
83.37269
83.00771
83.41095
83.0486
83.44727
83.08192
83.48548
83.12029
83.52477
83.15864
83.56306
83.19792
83.60252
83.23589
83.64244
83.30885
83.68146
83.34585
83.7213
83.38564
83.76053
83.42497
83.79678
83.46305
83.83475
83.50118
83.87366
83.54032
83.91211
83.57999
83.95083
83.61751
83.99271
83.6573
84.03289
83.69301
84.07312
83.7324
84.11289
83.77185
84.15321
83.80852
84.1932
83.84663
84.23351
83.88456
84.27272
83.9239
84.31329
83.96217
84.35376
84.00146
84.39458
84.04084
84.43482
84.07653
84.47498
84.11584
84.51276
84.15499
84.55265
84.19238
84.59261
84.22977
84.63171
84.26916
84.67143
84.30849
84.71106
84.3479
84.75051
84.38734
84.79002
84.4254
84.82771
84.54223
84.86608
84.58023
84.90113
84.61947
84.93842
84.65651
84.97572
84.69476
85.01324
84.73547
85.02988
84.7713
85.03622
84.8118
85.07534
84.85017
85.1119
84.88996
85.14805
84.92767
85.18143
84.96465
85.21642
85.00372
85.25078
85.03911
85.284
85.07833
85.31458
85.1174
85.35266
85.15665
85.39096
85.19579
85.42974
85.23452
85.47048
85.2726
85.50964
85.31011
85.54692
85.34827
85.5861
85.38555
85.62055
85.42429
85.65704
85.46351
85.69478
85.50195
85.73389
85.53889
85.77322
85.57737
85.81246
85.61539
85.85159
85.65316
85.89083
85.6889
85.92865
85.72744
85.96712
85.76498
86.00248
85.80367
86.04179
85.8419
86.0806
85.88131
86.11983
85.92025
86.15978
85.95931
86.19911
85.99659
86.23846
86.03575
86.27753
86.072
86.31663
86.11137
86.3527
86.1518
86.39286
86.18993
86.43201
86.23001
86.47005
86.26942
86.50935
86.30787
86.549
86.34531
86.5883
86.38644
86.62649
86.42197
86.66515
86.46318
86.70406
86.50251
86.74406
86.54094
86.78219
86.57954
86.81687
86.61918
86.85621
86.65804
86.89688
86.69625
86.93571
86.73537
86.97253
86.77396
87.01141
86.81441
87.05093
86.85384
87.09022
86.96918
87.12881
87.00742
87.1657
87.04689
87.20341
87.08523
87.24292
87.12461
87.28188
87.16348
87.31935
87.20113
87.35841
87.24059
87.3978
87.27858
87.43717
87.31828
87.47587
87.35583
87.51361
87.39589
87.55254
87.43525
87.59206
87.47456
87.63026
87.51342
87.66866
87.55083
87.70808
87.58932
87.74686
87.62757
87.78635
87.66687
87.82731
87.70435
87.86589
87.74378
87.90674
87.78323
87.94598
87.8243
87.98557
87.86269
88.02512
87.90089
88.06509
87.9407
88.10446
87.98072
88.14414
88.02034
88.18291
88.06087
88.224
88.10054
88.26251
88.14185
88.3009
88.18144
88.33884
88.22183
88.37915
88.26105
88.41846
88.30125
88.45788
88.34013
88.49659
88.37913
88.53608
88.41789
88.57711
88.45618
88.61537
88.49546
88.65373
88.53461
88.69098
88.57465
88.80943
88.61407
88.8867
88.65362
88.92614
88.69178
88.9649
88.72964
89.00362
88.76865
89.04482
88.80713
89.08527
88.84657
89.12497
88.88593
89.14775
88.92525
89.15412
88.96526
89.16042
89.00461
89.29908
89.0418
89.33888
89.0771
89.37914
89.11488
89.41889
89.15009
89.45811
89.18601
89.4973
89.22356
89.53557
89.26172
89.54071
89.29487
89.56721
89.324
89.57613
89.36329
89.60028
89.40053
89.62435
89.43429
89.66006
89.4744
89.69639
89.51196
89.73253
89.5527
89.76952
89.59196
89.80933
89.63232
89.84831
89.67165
89.888
89.71025
89.92722
89.74857
89.96521
89.78671
90.00329
89.82417
90.03935
89.86166
90.23727
89.90272
90.2759
89.94141
90.31508
89.98008
90.3537
90.0162
90.39099
90.05376
90.42964
90.09284
90.47047
90.13342
90.50458
90.17265
90.54539
90.20852
90.58452
90.24763
90.62348
90.28683
90.66232
90.32407
90.6957
90.35871
90.73504
90.39722
90.77415
90.43341
90.81394
90.47425
90.85315
90.51341
90.89352
90.55273
90.93278
90.58867
90.9735
90.62958
91.01202
90.66904
91.0509
90.70741
91.0901
90.74601
91.13039
90.78492
91.16969
90.82617
91.20912
90.86586
91.24844
90.90565
91.28719
90.94475
91.32476
90.98606
91.36243
91.02586
91.40099
91.06673
91.43836
91.10641
91.47845
91.14774
91.5181
91.18729
91.55777
91.22871
91.59746
91.26802
91.63794
91.30885
91.67755
91.34816
91.71868
91.38923
91.75808
91.4285
91.79787
91.46996
91.83724
91.50957
91.87852
91.54982
91.95782
91.58868
91.99882
91.62822
92.03619
91.66477
92.07461
91.69865
92.10889
91.71931
92.13879
91.72816
92.14765
91.73704
92.1825
91.76856
92.21656
91.79119
92.243
91.81135
92.24931
91.82787
92.26312
91.83661
92.27148
91.85912
92.2904
91.88265
92.3119
91.89153
92.31823
91.91782
92.34218
91.92668
92.34927
91.95618
92.36683
91.97769
92.37567
92.0167
92.39722
92.05183
92.41737
92.09087
92.44894
92.13066
92.46859
92.16976
92.4985
92.20949
92.53406
92.24834
92.57343
92.28008
92.60555
92.3168
92.64504
92.35607
92.68422
92.39732
92.72523
92.43168
92.76312
92.47126
92.80141
92.51096
92.84052
92.55038
92.87943
92.59015
92.91842
92.63046
92.95778
92.66991
92.99675
92.71103
93.03608
92.75089
93.07705
92.78306
93.11553
92.81721
93.15479
92.85727
93.1929
92.89899
93.23191
92.93905
93.27028
92.98006
93.31131
93.01977
93.35072
93.06037
93.38884
93.10006
93.42837
93.13986
93.46918
93.17956
93.50864
93.21921
93.54731
93.25871
93.58676
93.29883
93.62737
93.3384
93.66673
93.37811
93.70582
93.41767
93.74598
93.45715
93.78548
93.4966
93.82539
93.53627
93.86514
93.57766
93.9062
93.61743
93.94601
93.65723
93.98727
93.69707
94.02692
93.7384
94.06824
93.7781
94.10782
93.8192
94.1471
93.85809
94.18679
93.89853
94.22796
93.93375
94.26772
94.04252
94.30812
94.12417
94.34784
94.16074
94.38908
94.19817
94.42892
94.22974
94.46984
94.26981
94.5095
94.30637
94.55074
94.33386
94.59036
94.35382
94.6315
94.38284
94.67081
94.40778
94.71029
94.43024
94.74967
94.45938
94.78919
94.48958
94.82978
94.51221
94.86832
94.55341
94.90795
94.58102
94.94746
94.59087
94.98713
94.60938
95.02592
94.61918
95.06547
94.75579
95.10493
94.79575
95.14446
94.83317
95.18407
94.87307
95.22316
94.914
95.2627
94.95381
95.30379
94.99372
95.34337
95.03329
95.38353
95.07308
95.423
95.11279
95.464
95.15163
95.5035
95.19123
95.5444
95.23147
95.58344
95.27135
95.62284
95.3112
95.66383
95.37758
95.7032
95.42473
95.74185
95.46629
95.78144
95.50636
95.82201
95.52773
95.86159
95.53735
95.9009
95.57723
95.94054
95.61702
95.98009
95.65852
96.01979
95.69342
96.05877
95.73299
96.09821
95.77298
96.1379
95.81448
96.17735
95.84938
96.21677
95.89098
96.25657
95.93092
96.29619
95.97052
96.33573
96.04703
96.37702
96.26617
96.41674
96.49796
96.45641
96.52015
96.49757
96.55169
96.53716
96.61417
96.57826
96.68316
96.61786
96.69247
96.65794
96.7002
96.6979
96.71574
96.73855
96.72371
96.77932
96.74775
96.82041
96.75875
96.85939
96.77386
96.88302
96.8744
96.891
96.8809
96.93185
96.88742
96.94531
96.93613
96.95564
96.94911
96.99606
97.03287
97.03498
97.10635
97.07053
97.11255
97.11018
97.15294
97.15068
97.15916
97.19051
97.19943
97.231
97.24017
97.26904
97.30599
97.31044
97.34162
97.3501
97.38196
97.38919
97.41274
97.42883
97.43858
97.46837
97.45099
97.50753
97.49025
97.54791
97.52988
97.58569
97.56652
97.61674
97.60491
97.65451
97.68247
97.68325
97.71246
97.71738
97.74668
97.74691
97.76987
97.77731
97.82375
97.80366
97.86333
97.83019
97.87095
97.86279
97.90376
97.89033
97.93896
97.92213
97.96796
97.92857
97.97908
97.95499
97.98418
97.96336
98.00508
97.98254
98.01018
97.98884
98.01527
98.00575
98.03512
98.01326
98.04147
98.0332
98.05783
98.04152
98.08179
98.06111
98.08689
98.06741
98.092
98.07965
98.10764
98.08474
98.11272
98.08984
98.11781
98.10789
98.12899
98.12748
98.14523
98.13258
98.16618
98.13766
98.17126
98.15717
98.18736
98.16602
98.19245
98.18027
98.19754
98.18658
98.21378
98.20882
98.23707
98.21394
98.24217
98.21905
98.24727
98.25067
98.27386
98.25701
98.2942
98.28796
98.30051
98.32137
98.30936
98.33023
98.3157
98.35047
98.33171
98.35564
98.33682
98.36087
98.34193
98.41526
98.36773
98.4228
98.37284
98.43033
98.37794
98.43787
98.40154
98.44664
98.40665
98.4617
98.41175
98.47677
98.42561
98.4843
98.4307
98.49936
98.4358
98.50689
98.46655
98.51613
98.47163
98.52366
98.47672
98.53119
98.49635
98.53873
98.50264
98.54626
98.524
98.55379
98.53033
98.56132
98.54859
98.56885
98.55367
98.57638
98.56583
98.58391
98.57091
98.59108
98.58732
98.59843
98.61382
98.60519
98.6189
98.61176
98.63706
98.61828
98.64214
98.62476
98.65913
98.64505
98.66421
98.65152
98.69957
98.65785
98.74728
98.68288
98.75237
98.68897
98.75744
98.69511
98.77002
98.73503
98.79194
98.77482
98.79702
98.80762
98.80841
98.81494
98.82364
98.84471
98.85149
98.85361
98.86169
98.89091
98.8668
98.89693
98.87937
98.90305
98.92522
98.9176
98.94182
98.9235
98.94695
98.92927
98.95844
98.94646
98.96357
98.95218
98.9788
98.95811
98.98517
98.98249
98.9903
98.98817
98.99544
98.9938
99.00179
99.00314
99.00694
99.00885
99.01207
99.01471
99.02094
99.02152
99.03121
99.04367
99.04271
99.0507
99.0559
99.06261
99.06226
99.06959
99.0903
99.09406
99.10213
99.12006
99.10728
99.12691
99.11364
99.13623
99.12001
99.14301
99.13138
99.14984
99.13652
99.15663
99.14165
99.16352
99.14801
99.17034
99.16199
99.18451
99.16713
99.18995
99.17226
99.19526
99.17906
99.20161
99.19054
99.20668
99.19568
99.21175
99.20602
99.21683
99.21115
99.2219
99.21629
99.22818
99.22266
99.23448
99.2278
99.23956
99.23296
99.24463
99.2381
99.25092
99.24324
99.25722
99.24837
99.26229
99.25727
99.26736
99.26241
99.27245
99.26755
99.27753
99.27776
99.28384
99.28291
99.28892
99.28806
99.294
99.29441
99.30282
99.29957
99.31847
99.30471
99.32356
99.31861
99.32864
99.32498
99.33493
99.33134
99.34123
99.33648
99.35178
99.34161
99.35689
99.34676
99.36198
99.3519
99.37227
99.35827
99.37737
99.36853
99.38246
99.40521
99.39669
99.41038
99.40179
99.42492
99.41909
99.43008
99.42419
99.43524
99.42928
99.45597
99.44051
99.46113
99.44562
99.4663
99.45074
99.48203
99.46216
99.48719
99.46726
99.49236
99.47236
99.49751
99.48674
99.50954
99.4931
99.51469
99.49944
99.51987
99.50454
99.52789
99.50964
99.53426
99.52502
99.54508
99.53014
99.55025
99.53526
99.55541
99.54716
99.56568
99.55228
99.57083
99.55739
99.58236
99.56535
99.58872
99.57046
99.59676
99.57557
99.60192
99.58519
99.60706
99.59029
99.61221
99.59541
99.61736
99.60051
99.62681
99.60682
99.63197
99.61192
99.63713
99.61703
99.64602
99.62337
99.65117
99.62848
99.65633
99.63359
99.66148
99.6387
99.66665
99.64502
99.67805
99.65385
99.6832
99.66019
99.68836
99.67585
99.69989
99.6837
99.70504
99.69255
99.72033
99.6989
99.72923
99.70525
99.73562
99.71037
99.742
99.71548
99.74839
99.72061
99.75477
99.72696
99.76277
99.74747
99.76794
99.75384
99.77309
99.75896
99.7795
99.76409
99.79088
99.77296
99.79605
99.77931
99.80122
99.78445
99.8064
99.78957
99.81156
99.79471
99.81675
99.80105
99.82647
99.80991
99.83164
99.81504
99.83681
99.82018
99.84198
99.82653
99.84717
99.84042
99.85233
99.84555
99.86447
99.85069
99.87086
99.86048
99.87602
99.86562
99.8812
99.87077
99.8913
99.87711
99.89647
99.88596
99.90163
99.89109
99.90802
99.89622
99.91318
99.90651
99.91837
99.91165
99.92915
99.91679
99.93949
99.92706
99.94592
99.93218
99.95108
99.93732
99.95628
99.95263
99.96145
99.95777
99.96662
99.96291
99.97178
99.96806
99.97819
99.97321
99.98337
99.97836
99.98853
99.98351
99.99494
99.99491
100.0014
100.0001
100.0066
100.0052
100.0118
100.0182
100.0207
100.0234
100.0259
100.0286
100.0311
100.0337
100.0452
100.0451
100.0504
100.0503
100.0696
100.0555
100.0748
100.0606
100.08
100.067
100.0852
100.076
100.0904
100.0824
100.0994
100.0875
100.1058
100.0927
100.111
100.1066
100.1163
100.1118
100.1227
100.117
100.1291
100.1222
100.1343
100.1273
100.1395
100.1325
100.1459
100.1389
100.1523
100.1441
100.1588
100.1493
100.164
100.1545
100.1692
100.1597
100.1744
100.1661
100.1796
100.175
100.1907
100.1827
100.1959
100.1916
100.2011
100.198
100.2076
100.2032
100.2128
100.2084
100.218
100.2198
100.2244
100.2286
100.2308
100.2338
100.2359
100.2389
100.2473
100.2452
100.2524
100.254
100.2575
100.2614
100.2626
100.2702
100.2765
100.2791
100.2815
100.2854
100.2927
100.2917
100.2978
100.298
100.3029
100.3043
100.3142
100.3105
100.3192
100.3193
100.3422
100.3256
100.3485
100.3319
100.3548
100.337
100.3599
100.3421
100.3764
100.3472
100.3815
100.3522
100.3878
100.3636
100.3929
100.3687
100.398
100.3738
100.4068
100.3827
100.4119
100.3878
100.417
100.3929
100.4221
100.3992
100.43
100.4055
100.449
100.4144
100.4541
100.4195
100.4644
100.4246
100.4784
100.4353
100.4835
100.4442
100.4887
100.4493
100.495
100.4545
100.5064
100.4608
100.5115
100.4659
100.5167
100.4711
100.5218
100.4762
100.527
100.4851
100.5359
100.4903
100.5411
100.4954
100.55
100.5018
100.5552
100.5148
100.5603
100.523
100.5693
100.5282
100.5744
100.5333
100.5796
100.5464
100.5848
100.5528
100.5937
100.5718
100.6093
100.5782
100.6145
100.5921
100.6197
100.5995
100.6286
100.6059
100.6338
100.611
100.639
100.6162
100.6442
100.6251
100.6494
100.6303
100.6608
100.6355
100.666
100.6477
100.6712
100.6528
100.6793
100.658
100.6845
100.6741
100.6897
100.6792
100.6986
100.6844
100.7038
100.6908
100.709
100.696
100.7142
100.7012
100.7271
100.7063
100.7334
100.7115
100.7399
100.7179
100.745
100.7243
100.7502
100.7307
100.7566
100.7359
100.7655
100.741
100.7707
100.7462
100.7759
100.7514
100.7823
100.7565
100.7875
100.7617
100.7926
100.7668
100.7991
100.772
100.8055
100.78
100.8119
100.7851
100.817
100.7903
100.8223
100.7967
100.8326
100.8018
100.8378
100.807
100.8526
100.8134
100.8578
100.8198
100.863
100.8279
100.8682
100.8343
100.8783
100.8395
100.8835
100.8446
100.8973
100.851
100.9025
100.8562
100.9077
100.8614
100.9162
100.8665
100.9214
100.8729
100.9266
100.8807
100.9331
100.8964
100.942
100.9028
100.9484
100.9178
100.9548
100.9229
100.9638
100.9337
100.9702
100.9389
100.9766
100.9441
100.9831
100.953
100.9895
100.9582
100.9959
100.9633
101.0058
100.9747
101.011
100.9811
101.0162
101.0031
101.0226
101.0136
101.033
101.0188
101.042
101.0299
101.0484
101.0363
101.0536
101.0535
101.0601
101.0625
101.0665
101.0717
101.0755
101.0768
101.0819
101.082
101.0959
101.0872
101.1023
101.1009
101.1087
101.1061
101.1152
101.1113
101.1266
101.1201
101.1318
101.1265
101.137
101.1317
101.146
101.1368
101.1524
101.1482
101.1613
101.1546
101.1703
101.1635
101.1794
101.1736
101.1858
101.1805
101.1943
101.1894
101.2007
101.1946
101.2096
101.1997
101.2173
101.2111
101.2225
101.2175
101.2277
101.2239
101.2342
101.2302
101.2393
101.238
101.2445
101.2444
101.2497
101.2533
101.2576
101.2606
101.264
101.2708
101.2704
101.2772
101.2769
101.2824
101.2858
101.2876
101.2922
101.2927
101.3028
101.2979
101.3092
101.3043
101.3157
101.3094
101.3246
101.3158
101.331
101.321
101.3374
101.3298
101.3489
101.3362
101.3541
101.3442
101.3593
101.3546
101.3657
101.361
101.3709
101.3699
101.3761
101.3762
101.3813
101.3827
101.3877
101.389
101.3941
101.3942
101.4031
101.3994
101.4095
101.4098
101.4147
101.4174
101.4199
101.4226
101.4263
101.4278
101.4352
101.4342
101.4442
101.4406
101.4494
101.4457
101.4546
101.4509
101.4597
101.4586
101.4662
101.4638
101.4726
101.469
101.479
101.4742
101.4842
101.4831
101.4894
101.4883
101.4958
101.4935
101.5022
101.4999
101.5159
101.5088
101.5224
101.514
101.5276
101.5219
101.5328
101.5283
101.5432
101.5335
101.5561
101.5387
101.5613
101.5476
101.5665
101.5528
101.5717
101.558
101.5781
101.567
101.5833
101.5721
101.5885
101.5773
101.5937
101.5837
101.6001
101.5901
101.6091
101.5965
101.6143
101.6135
101.6195
101.6199
101.6285
101.6263
101.6349
101.6315
101.6401
101.6367
101.6454
101.6419
101.6543
101.6483
101.6661
101.6547
101.6726
101.6612
101.6841
101.6676
101.6894
101.6728
101.6946
101.678
101.701
101.6895
101.7075
101.6973
101.714
101.7063
101.723
101.7127
101.7282
101.7217
101.7333
101.7306
101.7386
101.737
101.7438
101.7434
101.7553
101.752
101.7605
101.7585
101.7657
101.7695
101.7798
101.7747
101.785
101.7799
101.7902
101.7851
101.7954
101.7903
101.8006
101.7967
101.807
101.8056
101.8123
101.812
101.8175
101.8184
101.8264
101.8236
101.8354
101.8288
101.8406
101.834
101.8458
101.8404
101.851
101.8494
101.8563
101.8546
101.8615
101.8636
101.8705
101.87
101.8757
101.8752
101.8809
101.8804
101.8861
101.8899
101.8913
101.8963
101.8966
101.9052
101.9018
101.9117
101.9071
101.9181
101.9135
101.927
101.9187
101.9385
101.924
101.9449
101.9292
101.9514
101.9345
101.9603
101.9485
101.9667
101.9549
101.9732
101.9638
101.9872
101.9691
101.9924
101.978
101.9976
101.9845
102.0028
101.9897
102.0119
101.9949
102.0171
102.0014
102.0223
102.0104
102.0325
102.0193
102.0415
102.0258
102.0467
102.0348
102.0556
102.04
102.0609
102.0465
102.0661
102.0518
102.0776
102.057
102.084
102.0623
102.0892
102.0675
102.0945
102.0841
102.0997
102.0894
102.1061
102.1
102.1167
102.1052
102.122
102.1105
102.1272
102.1195
102.1412
102.126
102.1476
102.1312
102.1541
102.1365
102.1606
102.1431
102.1658
102.1483
102.1711
102.1536
102.1763
102.1589
102.1828
102.1654
102.1893
102.1719
102.1946
102.1851
102.201
102.1904
102.2151
102.1956
102.2204
102.2009
102.2256
102.2062
102.2395
102.2128
102.2483
102.218
102.2624
102.2233
102.2678
102.2324
102.2731
102.2377
102.2822
102.2431
102.2935
102.2521
102.3052
102.2575
102.3118
102.2628
102.3171
102.272
102.3238
102.281
102.3304
102.2876
102.3357
102.2942
102.3411
102.3033
102.3466
102.3099
102.3582
102.3232
102.3636
102.3298
102.3729
102.3353
102.3845
102.3419
102.3912
102.3474
102.3979
102.3529
102.4034
102.3596
102.4089
102.3689
102.4156
102.3904
102.4249
102.3959
102.4316
102.4014
102.4371
102.4069
102.4427
102.4137
102.452
102.4193
102.4612
102.4248
102.468
102.4391
102.4736
102.4447
102.4804
102.4503
102.4873
102.4571
102.4929
102.464
102.4986
102.4697
102.5042
102.4753
102.5112
102.4847
102.5169
102.4904
102.5225
102.5017
102.5283
102.5074
102.5352
102.5169
102.5421
102.5263
102.5491
102.5321
102.5548
102.5379
102.5606
102.5436
102.5675
102.5493
102.5732
102.5564
102.579
102.5622
102.5861
102.568
102.5973
102.5751
102.6031
102.5822
102.6089
102.5881
102.6148
102.5939
102.622
102.5998
102.6279
102.6059
102.6338
102.6118
102.641
102.619
102.6532
102.6262
102.6592
102.6333
102.6689
102.6394
102.6762
102.6454
102.6824
102.6528
102.6885
102.6628
102.6983
102.6688
102.7045
102.6749
102.7106
102.681
102.7167
102.6885
102.7241
102.6959
102.7316
102.7034
102.7379
102.7096
102.7443
102.7159
102.7506
102.7221
102.758
102.7295
102.7672
102.7359
102.7736
102.7423
102.7801
102.7486
102.7866
102.7551
102.7942
102.7618
102.8019
102.7683
102.8096
102.7749
102.8173
102.7816
102.8251
102.7882
102.8317
102.7949
102.8384
102.8015
102.8452
102.8093
102.8519
102.8158
102.8586
102.8226
102.8653
102.8294
102.872
102.8361
102.8788
102.8429
102.8856
102.8497
102.8924
102.8564
102.8991
102.8632
102.9072
102.8699
102.9139
102.8767
102.9207
102.8835
102.9303
102.8903
102.9383
102.897
102.9451
102.9038
102.9519
102.9106
102.9586
102.9174
102.9691
102.9241
102.9759
102.931
102.9827
102.9378
102.9907
102.9445
102.9975
102.9513
103.0042
102.9581
103.011
102.9649
103.0178
102.9717
103.0246
102.992
103.0313
102.9988
103.0394
103.0056
103.0461
103.0191
103.0529
103.0259
103.0597
103.0327
103.0665
103.0395
103.0732
103.0531
103.08
103.0599
103.0868
103.0667
103.0936
103.087
103.1004
103.0938
103.1072
103.1006
103.114
103.1074
103.1207
103.1142
103.1275
103.121
103.1343
103.1278
103.1411
103.1346
103.1478
103.1414
103.1558
103.1482
103.1626
103.1549
103.1694
103.1617
103.1761
103.1685
103.183
103.1753
103.1897
103.1822
103.1965
103.1889
103.2045
103.1957
103.2113
103.2025
103.2175
103.2093
103.2242
103.2161
103.2322
103.2228
103.239
103.2296
103.2458
103.2364
103.2526
103.2432
103.2594
103.2499
103.2662
103.2567
103.273
103.2635
103.2797
103.2703
103.2865
103.277
103.2933
103.2838
103.3001
103.2906
103.3068
103.2974
103.3148
103.3041
103.3216
103.3109
103.3284
103.3177
103.3352
103.3257
103.3419
103.3325
103.3487
103.3392
103.3555
103.346
103.3623
103.3528
103.3691
103.3596
103.3758
103.3664
103.3839
103.3732
103.3906
103.3799
103.3974
103.3867
103.4042
103.3935
103.411
103.4003
103.4178
103.4071
103.4245
103.4138
103.4313
103.4206
103.4381
103.4274
103.4449
103.4342
103.4517
103.441
103.4584
103.4477
103.4652
103.4545
103.472
103.4613
103.4787
103.468
103.4855
103.4748
103.4923
103.4816
103.5003
103.4883
103.507
103.4951
103.5138
103.5018
103.5206
103.5086
103.5274
103.5154
103.5341
103.5221
103.5409
103.5289
103.5477
103.5357
103.5545
103.5425
103.5613
103.5492
103.568
103.556
103.5748
103.5628
103.5816
103.5695
103.5884
103.5763
103.5969
103.5831
103.6037
103.5898
103.6105
103.5966
103.6173
103.6033
103.6241
103.6101
103.6309
103.6169
103.6376
103.6236
103.6444
103.6304
103.6512
103.6371
103.658
103.6439
103.6648
103.6506
103.6716
103.6574
103.6784
103.6641
103.6852
103.6709
103.6919
103.6777
103.6987
103.6844
103.7055
103.6911
103.7123
103.6979
103.7191
103.7047
103.7258
103.7114
103.7326
103.7182
103.7394
103.7249
103.7474
103.7316
103.7541
103.7384
103.7609
103.7451
103.7677
103.7519
103.7745
103.7586
103.7813
103.7654
103.788
103.7721
103.7948
103.7789
103.8016
103.7856
103.8084
103.7924
103.8151
103.7991
103.8219
103.8059
103.8287
103.8126
103.8355
103.8194
103.8422
103.8261
103.849
103.8328
103.8558
103.8396
103.8626
103.8464
103.8693
103.8531
103.8761
103.8598
103.8829
103.8666
103.8897
103.8733
103.8964
103.8801
103.9032
103.8868
103.91
103.8936
103.9167
103.9003
103.9235
103.907
103.9303
103.9138
103.9371
103.9205
103.9438
103.9273
103.9506
103.934
103.9574
103.9408
103.9641
103.9475
103.9709
103.9542
103.9777
103.961
103.9845
103.9677
103.9912
103.9745
103.998
103.9812
104.0048
103.988
104.0115
103.9947
104.0183
104.0014
104.025
104.0082
104.0318
104.0149
104.0386
104.0216
104.0453
104.0284
104.0521
104.0351
104.0589
104.0418
104.0656
104.0486
104.0724
104.0553
104.0791
104.0621
104.0859
104.0688
104.0927
104.0755
104.0994
104.0823
104.1062
104.089
104.1129
104.0958
104.1197
104.1025
104.1265
104.1092
104.1332
104.116
104.14
104.1227
104.1467
104.1294
104.1535
104.1362
104.1603
104.1429
104.167
104.1497
104.1738
104.1564
104.1805
104.1631
104.1873
104.1699
104.194
104.1766
104.2008
104.1833
104.2076
104.1901
104.2143
104.1968
104.2211
104.2036
104.2278
104.2103
104.2346
104.217
104.2414
104.2238
104.2481
104.2305
104.2549
104.2373
104.2617
104.244
104.2684
104.2507
104.2752
104.2575
104.282
104.2642
104.2887
104.271
104.2955
104.2777
104.3022
104.2844
104.309
104.2912
104.3157
104.2979
104.3225
104.3046
104.3292
104.3114
104.336
104.3181
104.3428
104.3249
104.3495
104.3316
104.3563
104.3383
104.363
104.3451
104.3698
104.3518
104.3765
104.3586
104.3833
104.3653
104.39
104.372
104.3968
104.3788
104.4035
104.3855
104.4103
104.3923
104.4171
104.399
104.4238
104.4057
104.4306
104.4125
104.4373
104.4192
104.4441
104.426
104.4508
104.4327
104.4576
104.4395
104.4643
104.4462
104.4711
104.4529
104.4778
104.4597
104.4846
104.4664
104.4913
104.4732
104.4981
104.4799
104.5049
104.4867
104.5116
104.4934
104.5184
104.5001
104.5251
104.5069
104.5319
104.5136
104.5386
104.5204
104.5454
104.5271
104.5521
104.5339
104.5589
104.5406
104.5656
104.5473
104.5724
104.5541
104.5791
104.5608
104.5859
104.5676
104.5927
104.5743
104.5994
104.581
104.6061
104.5878
104.6129
104.5945
104.6197
104.6013
104.6264
104.608
104.6332
104.6148
104.6399
104.6215
104.6467
104.6282
104.6534
104.635
104.6602
104.6417
104.6669
104.6485
104.6737
104.6552
104.6804
104.6619
104.6872
104.6687
104.6939
104.6754
104.7007
104.6822
104.7074
104.6889
104.7141
104.6956
104.7209
104.7024
104.7277
104.7159
104.7344
104.7226
104.7411
104.7294
104.7479
104.7361
104.7546
104.7429
104.7614
104.7563
104.7681
104.7698
104.7749
104.7833
104.7816
104.79
104.7884
104.7968
104.7952
104.8035
104.8019
104.8102
104.8087
104.817
104.8154
104.8237
104.8222
104.8305
104.8289
104.8372
104.8357
104.8439
104.8424
104.8507
104.8492
104.8574
104.8559
104.8642
104.8627
104.8709
104.8694
104.8776
104.8762
104.8844
104.8829
104.8911
104.8897
104.8979
104.8964
104.9046
104.9032
104.9113
104.9099
104.9181
104.9167
104.9248
104.9234
104.9315
104.9302
104.9383
104.9369
104.945
104.9436
104.9518
104.9504
104.9585
104.9571
104.9652
104.9639
104.972
104.9706
104.9787
104.9774
104.9855
104.9841
104.9922
104.9909
104.9989
104.9976
105.0057
105.0044
105.0124
105.0111
105.0192
105.0179
105.0259
105.0246
105.0327
105.0314
105.0394
105.0381
105.0461
105.0449
105.0529
105.0516
105.0596
105.0584
105.0664
105.0651
105.0731
105.0719
105.0798
105.0786
105.0866
105.0854
105.0933
105.0921
105.1001
105.0989
105.1068
105.1056
105.1135
105.1124
105.1203
105.1191
105.127
105.1259
105.1338
105.1326
105.1405
105.1394
105.1473
105.1461
105.154
105.1529
105.1608
105.1596
105.1675
105.1664
105.1742
105.1731
105.181
105.1799
105.1877
105.1867
105.1945
105.1934
105.2012
105.2002
105.208
105.2069
105.2147
105.2137
105.2215
105.2204
105.2282
105.2272
105.2349
105.2339
105.2417
105.2407
105.2484
105.2474
105.2552
105.2542
105.2619
105.2609
105.2686
105.2677
105.2754
105.2745
105.2821
105.2812
105.2889
105.2879
105.2956
105.2947
105.3024
105.3015
105.3091
105.3082
105.3158
105.3149
105.3226
105.3217
105.3293
105.3285
105.3361
105.3352
105.3428
105.3419
105.3495
105.3487
105.3563
105.3554
105.363
105.3622
105.3698
105.3689
105.3765
105.3757
105.3832
105.3824
105.39
105.3892
105.3967
105.3959
105.4035
105.4027
105.4102
105.4094
105.4169
105.4162
105.4237
105.4229
105.4304
105.4296
105.4372
105.4364
105.4439
105.4431
105.4507
105.4499
105.4574
105.4566
105.4641
105.4634
105.4709
105.4701
105.4776
105.4769
105.4844
105.4836
105.4911
105.4903
105.4978
105.4971
105.5046
105.5038
105.5113
105.5106
105.5181
105.5173
105.5248
105.5241
105.5315
105.5308
105.5383
105.5376
105.545
105.5443
105.5518
105.5511
105.5585
105.5578
105.5652
105.5646
105.572
105.5713
105.5787
105.5781
105.5854
105.5848
105.5922
105.5916
105.5989
105.5983
105.6057
105.605
105.6124
105.6118
105.6192
105.6185
105.6259
105.6253
105.6326
105.632
105.6394
105.6388
105.6461
105.6455
105.6528
105.6523
105.6596
105.659
105.6663
105.6658
105.6731
105.6725
105.6798
105.6793
105.6866
105.686
105.6933
105.6928
105.7
105.6995
105.7068
105.7063
105.7135
105.713
105.7203
105.7198
105.727
105.7265
105.7337
105.7333
105.7404
105.74
105.7472
105.7468
105.7539
105.7535
105.7607
105.7603
105.7674
105.767
105.7741
105.7738
105.7809
105.7805
105.7876
105.7873
105.7943
105.794
105.8011
105.8008
105.8078
105.8075
105.8145
105.8142
105.8213
105.821
105.828
105.8277
105.8347
105.8345
105.8415
105.8412
105.8482
105.848
105.8549
105.8547
105.8617
105.8615
105.8684
105.8682
105.8752
105.875
105.8819
105.8817
105.8886
105.8885
105.8954
105.8952
105.9021
105.9019
105.9088
105.9087
105.9156
105.9154
105.9223
105.9222
105.929
105.9289
105.9358
105.9357
105.9425
105.9424
105.9493
105.9492
105.956
105.9559
105.9627
105.9626
105.9695
105.9694
105.9762
105.9762
105.983
105.9829
105.9897
105.9896
105.9964
105.9964
106.0032
106.0031
106.0099
106.0099
106.0166
106.0166
106.0234
106.0234
106.0301
106.0301
106.0369
106.0369
106.0436
106.0436
106.0504
106.0503
106.0571
106.0571
106.0638
106.0638
106.0706
106.0706
106.0773
106.0773
106.0841
106.0841
106.0908
106.0908
106.0975
106.0975
106.1042
106.1043
106.111
106.1111
106.1177
106.1178
106.1245
106.1245
106.1312
106.1313
106.1379
106.138
106.1446
106.1448
106.1514
106.1515
106.1581
106.1583
106.1648
106.165
106.1716
106.1718
106.1783
106.1785
106.1851
106.1852
106.1918
106.192
106.1985
106.1988
106.2053
106.2055
106.212
106.2122
106.2187
106.219
106.2255
106.2257
106.2322
106.2325
106.2389
106.2392
106.2457
106.246
106.2524
106.2527
106.2591
106.2595
106.2658
106.2662
106.2726
106.273
106.2793
106.2797
106.286
106.2865
106.2928
106.2932
106.2995
106.3
106.3063
106.3067
106.313
106.3135
106.3197
106.3202
106.3264
106.327
106.3332
106.3337
106.3399
106.3405
106.3466
106.3472
106.3534
106.354
106.3601
106.3607
106.3669
106.3675
106.3736
106.3742
106.3803
106.381
106.3871
106.3877
106.3938
106.3944
106.4005
106.4012
106.4073
106.4079
106.414
106.4147
106.4208
106.4214
106.4275
106.4282
106.4342
106.4349
106.441
106.4417
106.4477
106.4484
106.4544
106.4552
106.4612
106.4619
106.4679
106.4687
106.4746
106.4754
106.4814
106.4822
106.4881
106.4889
106.4949
106.4957
106.5016
106.5024
106.5083
106.5092
106.5151
106.5159
106.5218
106.5227
106.5285
106.5294
106.5352
106.5362
106.542
106.543
106.5487
106.5497
106.5555
106.5565
106.5622
106.5632
106.5689
106.57
106.5757
106.5767
106.5824
106.5835
106.5892
106.5902
106.5959
106.597
106.6026
106.6037
106.6094
106.6105
106.6161
106.6172
106.6228
106.624
106.6296
106.6308
106.6363
106.6375
106.6431
106.6442
106.6498
106.651
106.6565
106.6578
106.6633
106.6645
106.67
106.6712
106.6768
106.678
106.6835
106.6847
106.6902
106.6915
106.697
106.6982
106.7037
106.705
106.7105
106.7117
106.7172
106.7185
106.7239
106.7252
106.7307
106.732
106.7374
106.7387
106.7442
106.7455
106.7509
106.7522
106.7576
106.7589
106.7644
106.7657
106.7711
106.7725
106.7779
106.7792
106.7846
106.7859
106.7914
106.7927
106.7981
106.7994
106.8048
106.8062
106.8116
106.8129
106.8183
106.8197
106.8251
106.8264
106.8318
106.8332
106.8385
106.8399
106.8453
106.8466
106.852
106.8534
106.8587
106.8601
106.8655
106.8669
106.8722
106.8736
106.879
106.8804
106.8857
106.8871
106.8925
106.8939
106.8992
106.9006
106.906
106.9073
106.9127
106.9141
106.9194
106.9208
106.9262
106.9276
106.9329
106.9343
106.9397
106.9411
106.9464
106.9478
106.9531
106.9546
106.9599
106.9613
106.9666
106.968
106.9734
106.9748
106.9801
106.9815
106.9868
106.9883
106.9936
106.995
107.0003
107.0018
107.007
107.0085
107.0137
107.0152
107.0205
107.022
107.0272
107.0287
107.034
107.0355
107.0407
107.0422
107.0474
107.049
107.0542
107.0557
107.0609
107.0624
107.0676
107.0692
107.0744
107.076
107.0811
107.0827
107.0879
107.0894
107.0946
107.0962
107.1013
107.103
107.108
107.1097
107.1148
107.1164
107.1215
107.1232
107.1283
107.13
107.135
107.1367
107.1417
107.1435
107.1485
107.1502
107.1552
107.157
107.1619
107.1637
107.1686
107.1705
107.1754
107.1772
107.1821
107.184
107.1889
107.1907
107.1956
107.1975
107.2023
107.2042
107.2091
107.211
107.2158
107.2177
107.2225
107.2244
107.2293
107.2312
107.236
107.238
107.2428
107.2447
107.2495
107.2514
107.2562
107.2582
107.2629
107.2649
107.2697
107.2717
107.2764
107.2784
107.2832
107.2852
107.2899
107.2919
107.2966
107.2987
107.3034
107.3054
107.3101
107.3122
107.3168
107.3189
107.3236
107.3256
107.3303
107.3324
107.3371
107.3391
107.3438
107.3459
107.3505
107.3526
107.3573
107.3594
107.364
107.3661
107.3708
107.3729
107.3775
107.3796
107.3842
107.3864
107.391
107.3931
107.3977
107.3999
107.4044
107.4066
107.4112
107.4134
107.4179
107.4201
107.4247
107.4269
107.4314
107.4336
107.4381
107.4404
107.4449
107.4471
107.4516
107.4538
107.4584
107.4606
107.4651
107.4673
107.4718
107.4741
107.4786
107.4809
107.4853
107.4876
107.4921
107.4943
107.4988
107.5011
107.5055
107.5078
107.5123
107.5146
107.519
107.5213
107.5257
107.5281
107.5325
107.5348
107.5392
107.5416
107.546
107.5483
107.5527
107.5551
107.5594
107.5618
107.5662
107.5686
107.5729
107.5753
107.5797
107.582
107.5864
107.5888
107.5931
107.5955
107.5999
107.6023
107.6066
107.609
107.6133
107.6158
107.6201
107.6225
107.6268
107.6293
107.6336
107.636
107.6403
107.6428
107.647
107.6495
107.6538
107.6563
107.6605
107.663
107.6673
107.6697
107.674
107.6765
107.6807
107.6833
107.6875
107.69
107.6942
107.6967
107.701
107.7035
107.7077
107.7102
107.7144
107.717
107.7212
107.7237
107.7279
107.7305
107.7347
107.7372
107.7414
107.744
107.7481
107.7507
107.7549
107.7575
107.7616
107.7642
107.7683
107.771
107.7751
107.7777
107.7818
107.7845
107.7886
107.7912
107.7953
107.798
107.802
107.8047
107.8088
107.8115
107.8155
107.8182
107.8223
107.825
107.829
107.8317
107.8357
107.8385
107.8425
107.8452
107.8492
107.852
107.856
107.8587
107.8627
107.8655
107.8694
107.8722
107.8762
107.879
107.8829
107.8857
107.8897
107.8924
107.8964
107.8992
107.9031
107.9059
107.9099
107.9127
107.9166
107.9194
107.9234
107.9262
107.9301
107.933
107.9368
107.9397
107.9436
107.9464
107.9503
107.9532
107.9571
107.96
107.9638
107.9667
107.9706
107.9735
107.9773
107.9802
107.984
107.987
107.9908
107.9937
107.9975
108.0005
108.0043
108.0072
108.011
108.0139
108.0177
108.0207
108.0245
108.0275
108.0312
108.0342
108.038
108.0409
108.0447
108.0477
108.0514
108.0545
108.0582
108.0612
108.0649
108.0679
108.0716
108.0747
108.0784
108.0815
108.0851
108.0882
108.0919
108.0949
108.0986
108.1017
108.1053
108.1085
108.1121
108.1152
108.1188
108.1219
108.1255
108.1287
108.1323
108.1355
108.139
108.1422
108.1457
108.1489
108.1525
108.1557
108.1592
108.1624
108.1659
108.1692
108.1727
108.1759
108.1794
108.1827
108.1861
108.1894
108.1929
108.1962
108.1996
108.2029
108.2063
108.2097
108.2131
108.2164
108.2198
108.2232
108.2266
108.2299
108.2333
108.2367
108.24
108.2434
108.2468
108.2502
108.2535
108.2569
108.2602
108.2637
108.267
108.2704
108.2737
108.2772
108.2804
108.2839
108.2872
108.2907
108.2939
108.2974
108.3007
108.3042
108.3074
108.311
108.3141
108.3177
108.3209
108.3245
108.3276
108.3312
108.3343
108.338
108.3411
108.3447
108.3478
108.3515
108.3546
108.3583
108.3613
108.365
108.368
108.3718
108.3748
108.3785
108.3815
108.3853
108.3883
108.3921
108.395
108.3988
108.4017
108.4056
108.4085
108.4123
108.4152
108.4191
108.422
108.4258
108.4287
108.4326
108.4354
108.4393
108.4422
108.4461
108.4489
108.4528
108.4557
108.4596
108.4624
108.4663
108.4691
108.4731
108.4759
108.4798
108.4826
108.4866
108.4893
108.4933
108.4961
108.5001
108.5028
108.5069
108.5095
108.5136
108.5163
108.5203
108.523
108.5271
108.5297
108.5338
108.5365
108.5406
108.5432
108.5473
108.55
108.5541
108.5567
108.5608
108.5634
108.5676
108.5702
108.5743
108.5769
108.5811
108.5836
108.5878
108.5904
108.5946
108.5971
108.6013
108.6038
108.6081
108.6106
108.6148
108.6173
108.6216
108.624
108.6283
108.6308
108.6351
108.6375
108.6418
108.6443
108.6486
108.651
108.6553
108.6577
108.6621
108.6645
108.6688
108.6712
108.6756
108.6779
108.6823
108.6847
108.6891
108.6914
108.6958
108.6982
108.7026
108.7049
108.7093
108.7116
108.716
108.7184
108.7228
108.7251
108.7296
108.7318
108.7363
108.7386
108.743
108.7453
108.7498
108.752
108.7565
108.7588
108.7633
108.7655
108.77
108.7722
108.7768
108.779
108.7835
108.7857
108.7903
108.7925
108.797
108.7992
108.8038
108.8059
108.8105
108.8127
108.8173
108.8194
108.824
108.8261
108.8308
108.8329
108.8375
108.8396
108.8443
108.8463
108.851
108.8531
108.8577
108.8598
108.8645
108.8665
108.8712
108.8733
108.878
108.88
108.8848
108.8868
108.8915
108.8935
108.8982
108.9003
108.905
108.907
108.9117
108.9137
108.9185
108.9205
108.9252
108.9272
108.932
108.934
108.9387
108.9407
108.9455
108.9474
108.9522
108.9542
108.959
108.9609
108.9657
108.9677
108.9725
108.9744
108.9792
108.9811
108.986
108.9879
108.9927
108.9946
108.9995
109.0014
109.0062
109.0081
109.0129
109.0148
109.0197
109.0216
109.0264
109.0283
109.0332
109.0351
109.0399
109.0418
109.0467
109.0485
109.0534
109.0553
109.0602
109.062
109.0669
109.0688
109.0736
109.0755
109.0804
109.0822
109.0871
109.089
109.0939
109.0957
109.1006
109.1024
109.1074
109.1092
109.1141
109.1159
109.1209
109.1227
109.1276
109.1294
109.1344
109.1361
109.1411
109.1429
109.1479
109.1496
109.1546
109.1563
109.1614
109.1631
109.1681
109.1698
109.1749
109.1766
109.1816
109.1833
109.1884
109.19
109.1951
109.1968
109.2019
109.2035
109.2086
109.2103
109.2153
109.217
109.2221
109.2238
109.2289
109.2305
109.2356
109.2372
109.2423
109.244
109.2491
109.2507
109.2558
109.2574
109.2626
109.2642
109.2693
109.2709
109.2761
109.2777
109.2828
109.2844
109.2896
109.2912
109.2963
109.2979
109.3031
109.3046
109.3098
109.3114
109.3166
109.3181
109.3233
109.3249
109.33
109.3316
109.3368
109.3384
109.3435
109.3451
109.3503
109.3519
109.357
109.3586
109.3638
109.3653
109.3705
109.3721
109.3773
109.3788
109.384
109.3856
109.3907
109.3923
109.3975
109.399
109.4042
109.4058
109.411
109.4125
109.4177
109.4193
109.4245
109.426
109.4312
109.4327
109.438
109.4395
109.4447
109.4462
109.4515
109.4529
109.4582
109.4597
109.465
109.4664
109.4717
109.4732
109.4785
109.4799
109.4852
109.4866
109.492
109.4934
109.4987
109.5001
109.5055
109.5068
109.5122
109.5136
109.519
109.5203
109.5257
109.5271
109.5324
109.5338
109.5392
109.5406
109.546
109.5473
109.5527
109.554
109.5594
109.5608
109.5662
109.5675
109.5729
109.5742
109.5797
109.581
109.5864
109.5877
109.5931
109.5945
109.5999
109.6012
109.6066
109.6079
109.6134
109.6147
109.6201
109.6214
109.6269
109.6282
109.6336
109.6349
109.6404
109.6416
109.6471
109.6484
109.6539
109.6551
109.6606
109.6619
109.6674
109.6686
109.6741
109.6753
109.6808
109.6821
109.6876
109.6888
109.6943
109.6956
109.7011
109.7023
109.7078
109.709
109.7146
109.7158
109.7213
109.7225
109.7281
109.7293
109.7348
109.736
109.7416
109.7427
109.7483
109.7495
109.7551
109.7562
109.7618
109.7629
109.7686
109.7697
109.7753
109.7764
109.7821
109.7832
109.7888
109.7899
109.7955
109.7966
109.8023
109.8034
109.809
109.8101
109.8158
109.8168
109.8225
109.8236
109.8293
109.8303
109.836
109.8371
109.8428
109.8438
109.8495
109.8505
109.8563
109.8573
109.863
109.864
109.8698
109.8708
109.8765
109.8775
109.8832
109.8842
109.89
109.891
109.8967
109.8977
109.9035
109.9044
109.9102
109.9112
109.917
109.9179
109.9237
109.9247
109.9305
109.9314
109.9372
109.9381
109.944
109.9449
109.9507
109.9516
109.9575
109.9583
109.9642
109.9651
109.971
109.9718
109.9777
109.9785
109.9845
109.9853
109.9912
109.992
109.998
109.9987
110.0047
110.0055
