10.00992
10.00991
10.01549
10.01562
10.02103
10.02133
10.02782
10.02703
10.03337
10.03272
10.03891
10.03843
10.04446
10.04414
10.05
10.04992
10.05556
10.05684
10.06114
10.0626
10.06669
10.06835
10.07231
10.07405
10.07785
10.07987
10.08343
10.08564
10.089
10.09142
10.09459
10.09713
10.10017
10.10291
10.10577
10.10861
10.11136
10.11441
10.11696
10.12019
10.12256
10.1259
10.12811
10.1317
10.13374
10.13745
10.13933
10.14317
10.14489
10.14898
10.15044
10.15471
10.156
10.16047
10.16156
10.16615
10.16711
10.17197
10.17391
10.17768
10.17946
10.18352
10.18507
10.18927
10.19067
10.19496
10.19628
10.2007
10.20188
10.2065
10.20866
10.21222
10.21425
10.21799
10.21985
10.22382
10.22544
10.22958
10.23102
10.23542
10.23665
10.24118
10.2422
10.24693
10.24785
10.2527
10.25343
10.25841
10.25904
10.26427
10.26463
10.27
10.27025
10.27582
10.27586
10.28166
10.28148
10.28738
10.28714
10.29316
10.29273
10.299
10.29838
10.30472
10.30395
10.31048
10.30951
10.31622
10.31515
10.32197
10.32071
10.32772
10.32631
10.33351
10.33192
10.33928
10.33749
10.34498
10.34309
10.35068
10.34872
10.35647
10.35437
10.36213
10.35998
10.36795
10.36562
10.37364
10.37128
10.37947
10.37692
10.38516
10.38251
10.39093
10.38813
10.39665
10.39373
10.40244
10.39936
10.40825
10.40493
10.41396
10.41052
10.41969
10.41609
10.42553
10.42168
10.43126
10.42728
10.4383
10.43294
10.44405
10.43854
10.4498
10.44413
10.45553
10.44974
10.46134
10.45534
10.46703
10.46099
10.47272
10.46662
10.47845
10.47222
10.48427
10.47785
10.48996
10.48348
10.49581
10.48906
10.50155
10.4947
10.50731
10.50033
10.51307
10.50599
10.51879
10.51158
10.52447
10.51727
10.53016
10.52291
10.53586
10.52855
10.54165
10.53419
10.54739
10.53979
10.55326
10.54536
10.5591
10.55101
10.56488
10.55663
10.5706
10.56224
10.57632
10.56788
10.58202
10.57351
10.58773
10.57913
10.59346
10.58474
10.59919
10.59033
10.60488
10.596
10.61071
10.60168
10.61647
10.60729
10.62219
10.61418
10.62787
10.61982
10.6337
10.62546
10.63945
10.63109
10.64527
10.63677
10.65098
10.6424
10.65669
10.6481
10.66238
10.65372
10.66806
10.65939
10.67375
10.66506
10.67949
10.67066
10.68519
10.67624
10.69105
10.68192
10.69678
10.68755
10.70265
10.69322
10.70837
10.70007
10.71407
10.70577
10.71991
10.71141
10.72556
10.71702
10.73129
10.72264
10.73715
10.72828
10.74293
10.73396
10.74867
10.73967
10.75453
10.74533
10.76021
10.75106
10.76603
10.75669
10.77173
10.76236
10.7776
10.76803
10.78336
10.77363
10.78918
10.77936
10.79501
10.78502
10.8008
10.79079
10.80663
10.79647
10.81245
10.80213
10.81826
10.80782
10.82412
10.81348
10.82995
10.81921
10.83583
10.82488
10.84153
10.83054
10.84741
10.8362
10.85319
10.84192
10.85898
10.8476
10.86486
10.85331
10.87069
10.85896
10.87643
10.86462
10.88347
10.87035
10.88935
10.87609
10.89514
10.88182
10.90103
10.88748
10.90688
10.89443
10.91277
10.90013
10.91857
10.90583
10.92455
10.91153
10.93036
10.91726
10.93631
10.923
10.94206
10.92877
10.94799
10.93452
10.95384
10.94022
10.9598
10.94595
10.96578
10.95169
10.97157
10.95745
10.97745
10.96322
10.98339
10.96899
10.98926
10.97472
10.99506
10.98051
11.00104
10.98629
11.00687
10.99207
11.01291
10.99786
11.01882
11.00365
11.02471
11.00941
11.03078
11.01521
11.03675
11.02102
11.04274
11.02686
11.04869
11.03384
11.05456
11.03971
11.06075
11.04548
11.06665
11.05127
11.07276
11.05712
11.07871
11.06291
11.08462
11.06876
11.09052
11.07459
11.09662
11.08045
11.10273
11.08628
11.10872
11.09208
11.11498
11.09801
11.12096
11.10381
11.12699
11.10962
11.13289
11.11544
11.13914
11.12129
11.14518
11.12719
11.15118
11.13309
11.15726
11.139
11.16333
11.14495
11.16933
11.15088
11.17533
11.15678
11.18165
11.16279
11.18774
11.16867
11.19376
11.17461
11.20002
11.18065
11.20611
11.18661
11.21218
11.19265
11.21837
11.19866
11.22447
11.20462
11.23064
11.21071
11.23696
11.21669
11.24308
11.22287
11.2493
11.22904
11.25558
11.23504
11.26173
11.2411
11.26811
11.2472
11.27431
11.25328
11.28041
11.25941
11.28669
11.26549
11.29291
11.27158
11.29904
11.27778
11.30525
11.28397
11.31152
11.28999
11.31783
11.29618
11.32401
11.30239
11.33021
11.30859
11.33652
11.31468
11.34274
11.32099
11.34903
11.32711
11.35526
11.33331
11.36168
11.33951
11.36794
11.34566
11.37438
11.35194
11.38058
11.35822
11.38694
11.36441
11.39319
11.37073
11.39951
11.3769
11.40576
11.3832
11.41222
11.39056
11.41855
11.39676
11.42491
11.40303
11.43114
11.40923
11.43753
11.41545
11.44385
11.42173
11.45022
11.42797
11.45655
11.43421
11.46289
11.4404
11.46907
11.44676
11.47553
11.45412
11.48183
11.46037
11.48822
11.46667
11.49471
11.47293
11.5011
11.47927
11.50741
11.48551
11.51401
11.4918
11.52046
11.49809
11.52711
11.50445
11.53356
11.51073
11.54019
11.51734
11.54685
11.52368
11.55344
11.53017
11.5601
11.53677
11.56681
11.54332
11.57352
11.54991
11.58024
11.55663
11.58695
11.56336
11.59366
11.56999
11.60038
11.57672
11.60709
11.58344
11.6138
11.59017
11.6205
11.59689
11.62721
11.60362
11.63392
11.61034
11.64063
11.61707
11.64735
11.62379
11.65406
11.63051
11.66077
11.63724
11.66749
11.64396
11.6742
11.65069
11.68091
11.65741
11.68762
11.66413
11.69434
11.67085
11.70105
11.67757
11.70776
11.6843
11.71447
11.69102
11.72118
11.69775
11.72789
11.70448
11.7346
11.7112
11.74131
11.71793
11.74803
11.72465
11.75474
11.73138
11.76145
11.7381
11.76817
11.74483
11.77488
11.75156
11.7816
11.75828
11.78831
11.765
11.79502
11.77173
11.80174
11.77845
11.80845
11.7864
11.81516
11.79313
11.82187
11.79985
11.82859
11.80657
11.8353
11.8133
11.84201
11.82002
11.84872
11.82674
11.85544
11.83347
11.86215
11.84019
11.86887
11.84692
11.87558
11.85364
11.88229
11.86036
11.889
11.86709
11.89572
11.87381
11.90243
11.88054
11.90914
11.88726
11.91585
11.89399
11.92256
11.90071
11.92928
11.90744
11.93599
11.91416
11.9427
11.92089
11.94941
11.92761
11.95613
11.93433
11.96284
11.94106
11.96955
11.94779
11.97626
11.95451
11.98297
11.96123
11.98969
11.96796
11.9964
11.97468
12.00311
11.9814
12.00982
11.98812
12.01653
11.99485
12.02325
12.00157
12.02996
12.0083
12.03667
12.01502
12.04338
12.02175
12.05009
12.02847
12.05681
12.03519
12.06352
12.04191
12.07023
12.04864
12.07695
12.05536
12.08366
12.06208
12.09037
12.06881
12.09708
12.07553
12.10379
12.08226
12.11051
12.08898
12.11722
12.09571
12.12393
12.10243
12.13064
12.10915
12.13735
12.11587
12.14406
12.1226
12.15078
12.12933
12.15749
12.13605
12.16419
12.14278
12.1709
12.1495
12.17761
12.15622
12.18433
12.16295
12.19104
12.16967
12.19775
12.17639
12.20446
12.18312
12.21117
12.18984
12.21789
12.19657
12.2246
12.20329
12.23131
12.21002
12.23802
12.21674
12.24473
12.22346
12.25144
12.23019
12.25815
12.23691
12.26486
12.24364
12.27157
12.25036
12.27828
12.25708
12.28499
12.26381
12.29169
12.27053
12.29841
12.27725
12.30512
12.28398
12.31183
12.2907
12.31853
12.29743
12.32524
12.30415
12.33195
12.31088
12.33866
12.3176
12.34537
12.32433
12.35208
12.33105
12.35878
12.33778
12.36549
12.3445
12.37221
12.35123
12.37892
12.35795
12.38563
12.36466
12.39235
12.37138
12.39906
12.3781
12.40577
12.38482
12.41248
12.39154
12.41919
12.39826
12.42591
12.40499
12.43262
12.41171
12.43932
12.41844
12.44603
12.42516
12.45274
12.43189
12.45946
12.43861
12.46617
12.44534
12.47288
12.45206
12.47959
12.45878
12.4863
12.4655
12.49302
12.47222
12.49973
12.47894
12.50644
12.48566
12.51316
12.49238
12.51987
12.4991
12.52658
12.50581
12.5333
12.51254
12.54001
12.51926
12.54672
12.52598
12.55344
12.5327
12.56015
12.53943
12.56686
12.54615
12.57357
12.55288
12.58028
12.55961
12.58699
12.56633
12.5937
12.57305
12.60042
12.57978
12.60713
12.5865
12.61384
12.59323
12.62056
12.59995
12.62727
12.60667
12.63398
12.6134
12.64069
12.62012
12.6474
12.62685
12.65412
12.63357
12.66083
12.6403
12.66754
12.64703
12.67426
12.65375
12.68097
12.66165
12.68768
12.66837
12.6944
12.67509
12.70111
12.68182
12.70782
12.68855
12.71453
12.69527
12.72124
12.70199
12.72795
12.70871
12.73466
12.71544
12.74136
12.72216
12.74807
12.72888
12.75479
12.73561
12.7615
12.74233
12.76821
12.74906
12.77492
12.75578
12.78164
12.7625
12.78835
12.76923
12.79506
12.77595
12.80177
12.78268
12.80848
12.7894
12.81519
12.79613
12.82189
12.80285
12.8286
12.80958
12.83531
12.8163
12.84202
12.82303
12.84873
12.82976
12.85544
12.83649
12.86215
12.84322
12.86886
12.84994
12.87557
12.85667
12.88228
12.86339
12.88899
12.87012
12.8957
12.87685
12.90241
12.88357
12.90912
12.8903
12.91583
12.89703
12.92254
12.90375
12.92925
12.91048
12.93597
12.91721
12.94267
12.92393
12.94938
12.93066
12.95609
12.93739
12.9628
12.94411
12.96952
12.95084
12.98294
12.95757
12.99084
12.96548
12.99755
12.9722
13.00427
12.97892
13.01099
12.98565
13.0177
12.99238
13.02441
12.99911
13.03113
13.00584
13.03785
13.01257
13.04456
13.01929
13.05127
13.02602
13.05798
13.03275
13.06469
13.03947
13.0714
13.04619
13.07811
13.05292
13.09154
13.05965
13.09825
13.06637
13.10497
13.0731
13.1184
13.07983
13.13182
13.08656
13.13854
13.09329
13.14525
13.10001
13.15196
13.10674
13.15867
13.11347
13.1721
13.1202
13.17881
13.12693
13.18553
13.13365
13.19224
13.14038
13.19895
13.1471
13.20566
13.15383
13.21237
13.16056
13.21909
13.16729
13.2258
13.17402
13.23252
13.18074
13.23924
13.18747
13.24595
13.1942
13.25266
13.20093
13.25938
13.20765
13.26609
13.21438
13.27281
13.22111
13.27952
13.22783
13.28623
13.23456
13.29294
13.24129
13.29965
13.24801
13.30637
13.25474
13.31308
13.26147
13.31979
13.2682
13.32651
13.27493
13.33322
13.28165
13.33993
13.28838
13.34665
13.29511
13.35336
13.30184
13.36007
13.30857
13.36679
13.31529
13.3735
13.32202
13.38021
13.32994
13.38692
13.33666
13.39364
13.34338
13.40035
13.35011
13.40707
13.35684
13.41378
13.36357
13.42049
13.3703
13.42721
13.37702
13.43392
13.38375
13.44063
13.39048
13.44735
13.39721
13.45406
13.40394
13.46078
13.41066
13.46749
13.41739
13.4742
13.42412
13.48092
13.43085
13.48763
13.43758
13.49434
13.44431
13.50106
13.45103
13.50777
13.45776
13.51449
13.46449
13.5212
13.47122
13.52792
13.47795
13.53463
13.48467
13.54135
13.4914
13.54806
13.49813
13.55478
13.50486
13.56149
13.51159
13.5682
13.51832
13.57492
13.52505
13.58163
13.53178
13.58834
13.5385
13.59505
13.54523
13.60176
13.55196
13.60847
13.55868
13.61519
13.56541
13.6219
13.57213
13.62862
13.57886
13.63533
13.58559
13.64204
13.59232
13.64875
13.59904
13.65546
13.60577
13.66218
13.6125
13.66889
13.61923
13.6756
13.62596
13.68231
13.63269
13.68902
13.63942
13.69574
13.64615
13.70245
13.65287
13.70917
13.6596
13.71588
13.66633
13.7226
13.67306
13.72931
13.6798
13.73603
13.68652
13.74274
13.69325
13.74945
13.69998
13.75617
13.70671
13.76289
13.71344
13.7696
13.72017
13.77631
13.7269
13.78302
13.73363
13.78974
13.74036
13.79645
13.74709
13.80317
13.75382
13.80989
13.76055
13.8166
13.76727
13.82332
13.774
13.83003
13.78073
13.83675
13.78746
13.84346
13.79419
13.85018
13.80091
13.85689
13.80765
13.86361
13.81437
13.87032
13.82111
13.87704
13.82784
13.88375
13.83457
13.89418
13.8413
13.90089
13.84803
13.90761
13.85476
13.91432
13.86149
13.92104
13.86822
13.92775
13.87495
13.93447
13.88168
13.94118
13.88841
13.9479
13.89514
13.95462
13.90187
13.96133
13.9086
13.96805
13.91533
13.97476
13.92206
13.98148
13.9288
13.98819
13.93553
13.99491
13.94348
14.00162
13.9502
14.00834
13.95693
14.01505
13.96367
14.02177
13.9704
14.02849
13.97713
14.0352
13.98386
14.04192
13.99059
14.04863
13.99733
14.05535
14.00406
14.06206
14.01079
14.06878
14.01752
14.07549
14.02425
14.08221
14.03098
14.08892
14.03771
14.09563
14.04444
14.10234
14.05117
14.10905
14.05791
14.11577
14.06464
14.12249
14.07137
14.1292
14.0781
14.13592
14.08484
14.14263
14.09157
14.14935
14.0983
14.15606
14.10503
14.16278
14.11177
14.18292
14.1185
14.18963
14.12524
14.19635
14.13197
14.20306
14.1387
14.20978
14.14544
14.21649
14.15217
14.24336
14.1589
14.25007
14.16564
14.25679
14.17236
14.2635
14.17909
14.27022
14.18582
14.27693
14.19255
14.28365
14.19928
14.29036
14.20601
14.29708
14.21274
14.30379
14.22067
14.31051
14.2274
14.31723
14.23413
14.32394
14.24086
14.33066
14.24759
14.33737
14.25432
14.34409
14.26105
14.35081
14.26898
14.35752
14.27571
14.36424
14.28244
14.37095
14.28916
14.37767
14.2959
14.38438
14.30263
14.3911
14.30936
14.39782
14.31609
14.40453
14.32283
14.41125
14.32955
14.41797
14.33628
14.42468
14.343
14.4314
14.34973
14.43812
14.35645
14.44483
14.36318
14.45155
14.3699
14.45827
14.37663
14.46498
14.38336
14.4717
14.39009
14.47841
14.39682
14.48513
14.40355
14.49185
14.41028
14.49856
14.41701
14.50528
14.42494
14.512
14.43167
14.51871
14.4384
14.52543
14.44513
14.53215
14.45187
14.53886
14.45859
14.54558
14.46532
14.56572
14.47206
14.57244
14.47878
14.57915
14.48551
14.58587
14.49225
14.59258
14.49898
14.5993
14.50572
14.60601
14.51245
14.61273
14.51918
14.61944
14.52591
14.62615
14.53265
14.63407
14.53938
14.64078
14.54732
14.6475
14.55405
14.65421
14.56078
14.66093
14.56752
14.66764
14.57543
14.67436
14.58334
14.68108
14.59007
14.68779
14.5968
14.69451
14.60353
14.70122
14.61146
14.70794
14.61819
14.71465
14.62492
14.72137
14.63165
14.72808
14.63956
14.7348
14.64629
14.74152
14.65302
14.74824
14.65975
14.75495
14.66648
14.76167
14.6732
14.76838
14.68278
14.7751
14.6895
14.78181
14.69623
14.78853
14.70297
14.79525
14.7097
14.80196
14.71643
14.80868
14.72316
14.8154
14.7299
14.82211
14.73663
14.82882
14.74336
14.83553
14.7513
14.84224
14.75923
14.84895
14.76596
14.85566
14.77269
14.86236
14.77942
14.86908
14.78614
14.87579
14.79287
14.8825
14.80081
14.89042
14.80754
14.89713
14.81427
14.90385
14.821
14.91056
14.82773
14.91848
14.83446
14.92519
14.84119
14.93191
14.84793
14.93862
14.85466
14.94534
14.86139
14.95205
14.86812
14.95877
14.87485
14.96549
14.8828
14.9722
14.88953
14.97891
14.89627
14.98562
14.903
14.99233
14.91093
15.00027
14.91766
15.00698
14.92439
15.0137
14.93112
15.02042
14.93785
15.02714
14.94459
15.03385
14.95254
15.04057
14.95926
15.04728
14.966
15.0552
14.97273
15.06191
14.98068
15.06863
14.9874
15.07534
14.99413
15.08206
15.00087
15.08877
15.0076
15.09559
15.01434
15.10231
15.02107
15.10902
15.0278
15.11573
15.04073
15.12245
15.04746
15.12916
15.05419
15.13588
15.06093
15.1426
15.07134
15.14931
15.07807
15.15603
15.0848
15.16645
15.09523
15.17316
15.10207
15.17988
15.10881
15.1866
15.11554
15.19331
15.12346
15.20123
15.1339
15.20794
15.14063
15.21467
15.14736
15.23009
15.1541
15.2368
15.16453
15.24352
15.17126
15.25395
15.178
15.26066
15.18473
15.26858
15.19146
15.27648
15.19819
15.2844
15.20492
15.29111
15.21533
15.29783
15.22207
15.30455
15.2288
15.31126
15.23553
15.31798
15.24226
15.3247
15.24899
15.33814
15.25573
15.35157
15.26246
15.35828
15.26919
15.37293
15.27592
15.37965
15.28637
15.38636
15.29311
15.39308
15.29984
15.3998
15.31025
15.40772
15.31698
15.41443
15.32372
15.42114
15.33045
15.42786
15.33718
15.43458
15.34674
15.45041
15.35468
15.45712
15.37008
15.46384
15.37681
15.47056
15.38725
15.49191
15.39398
15.49862
15.40072
15.50654
15.40745
15.51325
15.41419
15.51997
15.42092
15.52669
15.42766
15.53341
15.43439
15.54012
15.44481
15.54683
15.45154
15.55355
15.45828
15.56026
15.46501
15.57067
15.47175
15.57739
15.47848
15.5841
15.48522
15.59082
15.49195
15.60036
15.50735
15.60707
15.51408
15.61378
15.52082
15.6205
15.53375
15.63339
15.54048
15.64011
15.54721
15.64683
15.55515
15.65475
15.56557
15.66266
15.57331
15.66938
15.5809
15.6761
15.58834
15.68281
15.5973
15.68953
15.60458
15.69744
15.61059
15.70415
15.61656
15.71087
15.62377
15.71879
15.62977
15.7255
15.63573
15.73222
15.64169
15.74014
15.64771
15.74685
15.65378
15.75357
15.66109
15.76029
15.66724
15.767
15.67345
15.77372
15.6797
15.78044
15.68602
15.78716
15.69243
15.79387
15.7001
15.80059
15.70671
15.80851
15.71334
15.81522
15.72128
15.82194
15.72922
15.82866
15.73595
15.83658
15.74269
15.84329
15.74942
15.85001
15.75616
15.85673
15.76818
15.86345
15.77491
15.87017
15.78165
15.87688
15.78838
15.88479
15.80131
15.89151
15.80805
15.89822
15.81478
15.90494
15.82152
15.91166
15.83441
15.91837
15.84114
15.92629
15.84788
15.93585
15.8658
15.97735
15.87374
15.98406
15.88418
15.99078
15.89211
16.0062
15.90004
16.01574
15.91045
16.02245
15.91718
16.02918
15.92391
16.0359
15.93848
16.04262
15.9452
16.04934
15.95193
16.05606
15.95866
16.07149
15.96523
16.07821
15.97175
16.08492
15.98312
16.10284
15.98956
16.10955
15.99596
16.11623
16.00597
16.12652
16.01229
16.13313
16.01857
16.1397
16.03358
16.14623
16.04107
16.15896
16.06605
16.1654
16.07237
16.17183
16.07869
16.17833
16.09369
16.18474
16.10001
16.20733
16.10636
16.21377
16.11641
16.22018
16.12275
16.24774
16.12906
16.25412
16.13535
16.27081
16.14538
16.27707
16.15165
16.28705
16.15792
16.29451
16.16425
16.3008
16.17665
16.30708
16.1829
16.32203
16.20028
16.32825
16.2065
16.33446
16.2127
16.35439
16.23506
16.36345
16.24246
16.37093
16.25735
16.39335
16.26357
16.40321
16.27097
16.41067
16.27842
16.41812
16.28463
16.42556
16.29083
16.43699
16.30688
16.4468
16.31299
16.45277
16.31904
16.45875
16.32627
16.4734
16.33348
16.47909
16.33952
16.49628
16.34838
16.50202
16.3544
16.50771
16.36041
16.52649
16.38512
16.53225
16.39985
16.55186
16.41718
16.55762
16.42329
16.56345
16.45475
16.58306
16.46216
16.60524
16.49458
16.61121
16.50083
16.63345
16.50704
16.63953
16.52112
16.65607
16.52737
16.66336
16.53364
16.67056
16.55101
16.67943
16.55714
16.69415
16.56323
16.70021
16.58046
16.70625
16.59019
16.72351
16.62388
16.7295
16.62972
16.7355
16.63552
16.74785
16.66481
16.75778
16.67049
16.77653
16.69318
16.7825
16.69874
16.80457
16.70427
16.81048
16.72095
16.81639
16.72765
16.83341
16.73314
16.8404
16.7473
16.84736
16.75396
16.85315
16.77723
16.85888
16.78268
16.87331
16.78812
16.87907
16.81976
16.88485
16.82525
16.90331
16.83072
16.9091
16.85825
16.91484
16.86664
16.93933
16.89732
16.94796
16.9029
16.96987
16.90849
16.97939
16.93784
17.00635
16.94343
17.01213
16.97351
17.01791
16.97919
17.05733
16.98486
17.0892
17.00401
17.10462
17.00971
17.11166
17.01545
17.13294
17.04241
17.14011
17.04942
17.16734
17.05895
17.17474
17.07352
17.19843
17.08062
17.20591
17.09766
17.21588
17.10549
17.22584
17.13507
17.23583
17.14461
17.25073
17.1717
17.25688
17.17997
17.29485
17.20963
17.3022
17.21558
17.33221
17.22157
17.33843
17.24627
17.34475
17.25221
17.36967
17.25818
17.37715
17.28455
17.40467
17.30409
17.41222
17.32728
17.42737
17.33667
17.43669
17.35748
17.45931
17.36419
17.46685
17.39022
17.50389
17.39563
17.50975
17.40104
17.51558
17.41761
17.55231
17.45412
17.59106
17.4738
17.62923
17.512
17.63487
17.5379
17.64047
17.57119
17.67173
17.57799
17.68041
17.61729
17.70745
17.64314
17.71322
17.66723
17.73767
17.67654
17.74345
17.70243
17.77538
17.70813
17.80111
17.71389
17.81067
17.73331
17.83222
17.73906
17.84178
17.77977
17.87295
17.78671
17.88196
17.82533
17.91088
17.85413
17.91789
17.8626
17.95735
17.90188
17.99855
17.93924
18.03624
17.97492
18.073
18.01336
18.07867
18.03501
18.08436
18.04047
18.11544
18.04595
18.12093
18.08098
18.15691
18.08647
18.19348
18.12732
18.23485
18.16574
18.26859
18.20247
18.30735
18.23577
18.31703
18.27188
18.3496
18.30884
18.3924
18.34688
18.4244
18.38256
18.49003
18.39168
18.49548
18.4283
18.50092
18.43372
18.54019
18.43916
18.54804
18.47685
18.5819
18.50964
18.61684
18.53436
18.62334
18.56894
18.64405
18.57784
18.65303
18.61057
18.69097
18.63679
18.73145
18.67384
18.76552
18.70571
18.80408
18.7391
18.81312
18.74808
18.85122
18.75704
18.87926
18.78276
18.88569
18.79037
18.90589
18.81174
18.91232
18.81814
18.9287
18.85294
18.93546
18.87363
18.96682
18.87881
18.97322
18.90774
18.98213
18.91291
19.00355
18.91811
19.00876
18.94457
19.01398
18.94978
19.03292
18.97019
19.03815
18.97666
19.05988
19.00513
19.08843
19.02522
19.11187
19.0615
19.14967
19.08822
19.16068
19.12696
19.19177
19.15927
19.2281
19.16598
19.26269
19.19602
19.29449
19.20332
19.303
19.23982
19.39996
19.27069
19.40642
19.27749
19.44009
19.31231
19.46671
19.3213
19.4757
19.35681
19.50985
19.39232
19.54938
19.42865
19.58584
19.46822
19.61926
19.50321
19.65414
19.53899
19.69096
19.57107
19.73166
19.58018
19.75905
19.60832
19.79008
19.63912
19.80916
19.66473
19.81461
19.70126
19.82006
19.73831
19.85624
19.77276
19.88709
19.80971
19.92467
19.83903
19.96046
19.87655
20.02131
19.91023
20.02969
19.94543
20.06833
19.98296
20.09768
20.01976
20.15606
20.05684
20.1676
20.09111
20.19587
20.12715
20.27102
20.1643
20.30332
20.1988
20.33949
20.23742
20.37915
20.27416
20.41383
20.31251
20.45059
20.34674
20.47801
20.35588
20.51071
20.39195
20.55177
20.42966
20.58344
20.43874
20.61778
20.47463
20.6247
20.49752
20.65024
20.53459
20.68348
20.57021
20.68896
20.60303
20.72385
20.63698
20.75862
20.66146
20.79702
20.6951
20.83294
20.73228
20.83841
20.76788
20.88178
20.79854
20.9184
20.80755
20.92514
20.84169
20.95014
20.86869
20.95566
20.87405
20.96115
20.90812
20.9981
20.94519
21.03568
20.98188
21.06936
21.01594
21.14196
21.04711
21.17175
21.08462
21.20416
21.11952
21.23365
21.15734
21.25358
21.18316
21.27739
21.21436
21.31018
21.22345
21.33792
21.26044
21.37747
21.2936
21.41778
21.32061
21.45466
21.35625
21.49166
21.3895
21.50095
21.41525
21.53128
21.4484
21.56607
21.47973
21.62157
21.51451
21.63103
21.54922
21.69303
21.58148
21.71265
21.61685
21.76541
21.64627
21.77129
21.65296
21.79704
21.68775
21.8327
21.72032
21.84215
21.75235
21.88025
21.77017
21.91199
21.80171
21.93746
21.84082
21.9753
21.87388
21.98083
21.90442
22.01855
21.94051
22.056
21.97681
22.09418
22.00807
22.12795
22.04469
22.16273
22.05238
22.19644
22.08703
22.22526
22.11759
22.2321
22.15164
22.26362
22.1607
22.29571
22.19429
22.30276
22.22797
22.32734
22.2576
22.34528
22.29586
22.41431
22.3318
22.44801
22.36999
22.48693
22.40447
22.52168
22.43125
22.55856
22.45338
22.59355
22.4612
22.63136
22.49509
22.66017
22.50417
22.66939
22.531
22.69232
22.54002
22.72273
22.57655
22.73108
22.61423
22.76699
22.64709
22.80294
22.68375
22.83918
22.72201
22.87542
22.75273
22.91175
22.79079
22.94547
22.82423
22.96771
22.85502
22.97443
22.86034
23.00517
22.86565
23.01184
22.90222
23.03867
22.93416
23.07335
22.96781
23.10891
22.99496
23.11633
23.02776
23.15085
23.06446
23.17986
23.07341
23.21538
23.10652
23.25191
23.13434
23.25841
23.168
23.29715
23.20247
23.33076
23.22984
23.36643
23.25743
23.39232
23.29071
23.40133
23.32387
23.43034
23.35904
23.46202
23.39337
23.49426
23.42981
23.53327
23.45615
23.56733
23.46516
23.60248
23.49587
23.63333
23.50351
23.64992
23.53291
23.67614
23.54051
23.68275
23.57256
23.71669
23.60145
23.7477
23.62909
23.75567
23.66592
23.77492
23.67488
23.80816
23.70145
23.83017
23.73039
23.85461
23.76044
23.89234
23.79556
23.92626
23.83056
23.96385
23.8697
23.9973
23.90499
24.0329
23.93697
24.06469
23.96977
24.10363
24.003
24.13859
24.04233
24.17487
24.07905
24.18147
24.11271
24.21631
24.14913
24.22544
24.18085
24.26115
24.21992
24.29926
24.25298
24.33379
24.28738
24.36658
24.32
24.40564
24.35587
24.43843
24.38615
24.46877
24.41691
24.49765
24.42585
24.52418
24.46368
24.56227
24.49434
24.57007
24.52714
24.60387
24.56204
24.63339
24.59302
24.66835
24.6304
24.70016
24.66099
24.73708
24.69672
24.76679
24.70188
24.80445
24.70706
24.84082
24.74048
24.86271
24.74686
24.87169
24.77127
24.90131
24.77645
24.92668
24.78165
24.96064
24.81319
24.99691
24.84326
25.02474
24.87638
25.054
24.90716
25.09008
24.94423
25.12664
24.98084
25.16187
25.01334
25.19351
25.04813
25.23081
25.08003
25.23993
25.11692
25.27697
25.15307
25.31032
25.18582
25.34884
25.22199
25.38715
25.25459
25.41932
25.28706
25.45614
25.32223
25.48295
25.33129
25.51519
25.36126
25.54751
25.39431
25.55655
25.43068
25.59102
25.46305
25.61103
25.48749
25.62006
25.51963
25.64265
25.55498
25.66849
25.58751
25.70789
25.62319
25.74464
25.65779
25.78553
25.69214
25.82067
25.72526
25.85159
25.75625
25.8827
25.78937
25.91135
25.82164
25.96783
25.85885
25.99538
25.8889
26.02961
25.89527
26.06728
25.92747
26.07616
25.95255
26.10069
25.97965
26.10868
25.98855
26.13683
26.01962
26.15692
26.02847
26.16328
26.06486
26.1927
26.08663
26.21409
26.11404
26.24089
26.13811
26.26617
26.14688
26.29844
26.18361
26.33611
26.18992
26.3661
26.22713
26.37242
26.25704
26.40348
26.29116
26.41237
26.31806
26.44091
26.32564
26.46854
26.35546
26.47747
26.38744
26.50392
26.41989
26.51284
26.45495
26.5466
26.48808
26.58405
26.49325
26.59298
26.49842
26.62566
26.53115
26.64146
26.56561
26.64785
26.59895
26.68561
26.63457
26.71978
26.67078
26.74829
26.69817
26.75718
26.72651
26.7793
26.73287
26.78569
26.75338
26.81717
26.77782
26.82612
26.7903
26.85306
26.7967
26.88462
26.82564
26.89106
26.84986
26.92598
26.88504
26.93649
26.91537
26.95914
26.9401
26.99583
26.94899
27.02616
26.98577
27.05027
26.99471
27.08763
27.03159
27.12634
27.06691
27.1634
27.10115
27.18758
27.13062
27.21582
27.16262
27.24944
27.18629
27.28214
27.21468
27.3084
27.24944
27.3415
27.28591
27.37379
27.32304
27.40839
27.35938
27.44638
27.39194
27.47766
27.42218
27.5066
27.45523
27.5436
27.4878
27.55265
27.52413
27.57957
27.55601
27.60972
27.58451
27.64166
27.60974
27.675
27.64335
27.6839
27.66728
27.7154
27.6762
27.74187
27.70485
27.76461
27.71121
27.78436
27.73006
27.79326
27.73895
27.81226
27.76411
27.83181
27.78671
27.84067
27.81352
27.86994
27.84531
27.87872
27.87886
27.9136
27.90324
27.94398
27.93633
27.9529
27.96973
27.9874
28.0027
28.01869
28.03815
28.05595
28.06834
28.0888
28.09697
28.12402
28.12966
28.14953
28.13728
28.15847
28.17115
28.18243
28.18873
28.20496
28.19762
28.21018
28.22975
28.23168
28.26219
28.26586
28.29406
28.30255
28.31929
28.33152
28.3542
28.36481
28.38011
28.39857
28.4156
28.43632
28.44911
28.46054
28.47948
28.49638
28.51135
28.51245
28.53072
28.52149
28.55345
28.55185
28.5624
28.55955
28.58019
28.57647
28.58543
28.60187
28.59075
28.62153
28.61798
28.63058
28.64563
28.65969
28.68294
28.69636
28.71591
28.73139
28.75043
28.76558
28.78516
28.79466
28.81905
28.82736
28.84804
28.86158
28.88234
28.89558
28.91897
28.92843
28.95005
28.9653
28.95907
29.00225
28.99175
29.0089
29.02391
29.04679
29.05723
29.07452
29.088
29.0839
29.10976
29.11452
29.14262
29.14848
29.1646
29.17789
29.19407
29.21429
29.22609
29.24467
29.26332
29.27162
29.29906
29.30583
29.33168
29.34015
29.37026
29.37355
29.40405
29.4101
29.44283
29.44892
29.47976
29.48543
29.51435
29.52094
29.54738
29.55722
29.57837
29.5876
29.6139
29.62092
29.64926
29.65445
29.68329
29.68809
29.71501
29.72144
29.74831
29.75444
29.77845
29.79088
29.81019
29.8229
29.84338
29.85988
29.86414
29.89939
29.90087
29.93689
29.93593
29.97182
29.97107
30.00423
30.00508
30.0409
30.04286
30.07372
30.07522
30.1092
30.10611
30.13479
30.13743
30.17077
30.16967
30.20485
30.20791
30.21383
30.2463
30.25024
30.27363
30.25924
30.30533
30.29816
30.31426
30.33335
30.34999
30.36735
30.38313
30.39402
30.41718
30.42922
30.45455
30.46546
30.48359
30.49573
30.51758
30.52934
30.55124
30.56549
30.58965
30.60278
30.65561
30.63872
30.69103
30.67251
30.72532
30.70363
30.75132
30.73999
30.759
30.76761
30.76785
30.77654
30.78809
30.80553
30.79445
30.8144
30.81832
30.84034
30.85098
30.86076
30.88414
30.89408
30.91694
30.92971
30.95483
30.96887
30.99007
31.00564
31.02519
31.04103
31.06008
31.07277
31.09468
31.11007
31.13159
31.14443
31.16281
31.17862
31.19566
31.2096
31.22951
31.24704
31.26283
31.28046
31.29939
31.31312
31.33507
31.31954
31.36565
31.35389
31.40079
31.393
31.47366
31.4242
31.51056
31.46048
31.54445
31.49659
31.58242
31.53364
31.61992
31.56619
31.65646
31.60225
31.69412
31.63901
31.73121
31.67554
31.76321
31.70617
31.80069
31.74225
31.83656
31.77874
31.87196
31.81354
31.90569
31.84854
31.9386
31.88362
31.97568
31.91842
32.01015
31.95373
32.04541
31.98287
32.07672
32.01623
32.10942
32.05337
32.1453
32.0847
32.17911
32.12102
32.21284
32.14906
32.24285
32.17541
32.28264
32.2109
32.32045
32.24856
32.35552
32.27827
32.39036
32.31189
32.46248
32.34391
32.49417
32.37931
32.5295
32.41574
32.56643
32.44707
32.60052
32.48526
32.63631
32.52037
32.67061
32.55365
32.70239
32.58942
32.73729
32.62455
32.77506
32.66196
32.81269
32.69233
32.84691
32.72878
32.87878
32.76476
32.91686
32.80313
32.95286
32.84181
32.98446
32.87526
33.01998
32.90993
33.05785
32.94014
33.09132
32.97399
33.1204
33.00711
33.15343
33.01603
33.18503
33.04715
33.22145
33.08267
33.24938
33.11491
33.29234
33.15081
33.32588
33.18467
33.36491
33.2188
33.39417
33.25418
33.40299
33.28996
33.43308
33.31142
33.46104
33.34816
33.48675
33.3861
33.51947
33.41845
33.55295
33.45135
33.58954
33.48625
33.62819
33.49268
33.66421
33.5256
33.70071
33.56518
33.737
33.59961
33.76957
33.63343
33.80463
33.63979
33.84179
33.67647
33.87984
33.71429
33.91394
33.74826
33.94313
33.77778
33.9746
33.81169
34.01069
33.84379
34.04284
33.87944
34.07934
33.91422
34.1498
33.94954
34.18058
33.97346
34.18943
33.99865
34.2116
34.03026
34.21677
34.03915
34.22194
34.06592
34.24937
34.07441
34.27367
34.10594
34.30843
34.13935
34.33862
34.17218
34.37295
34.20866
34.40657
34.23937
34.44339
34.27498
34.47794
34.31125
34.50928
34.34725
34.54615
34.38186
34.5816
34.41945
34.615
34.45363
34.63502
34.48851
34.64388
34.52256
34.67521
34.53054
34.7098
34.56944
34.74689
34.60709
34.77995
34.63911
34.81643
34.67448
34.85221
34.71093
34.88135
34.74897
34.91932
34.77985
34.9517
34.81712
34.98862
34.85139
35.02261
34.88637
35.05469
34.89148
35.08854
34.8966
35.1146
34.93191
35.13326
34.96355
35.16071
34.99677
35.18678
35.02893
35.19467
35.05402
35.21837
35.07299
35.24582
35.10759
35.26696
35.14025
35.29749
35.17273
35.33218
35.20666
35.36502
35.24306
35.4018
35.26575
35.43811
35.27214
35.47001
35.30685
35.50361
35.33841
35.53775
35.3755
35.57679
35.41225
35.60928
35.4486
35.64357
35.48105
35.67113
35.51501
35.70008
35.55165
35.73485
35.59015
35.7701
35.59907
35.80719
35.63496
35.84016
35.66906
35.87502
35.70618
35.91056
35.74023
35.94465
35.77917
35.98121
35.81203
36.01149
35.84724
36.04528
35.8555
36.06922
35.89356
36.07806
35.92809
36.14145
35.95811
36.17834
35.99228
36.21462
36.0221
36.24847
36.05993
36.2865
36.09521
36.3213
36.13025
36.35316
36.16591
36.36224
36.20253
36.39454
36.23709
36.43097
36.27232
36.46288
36.30772
36.49998
36.34249
36.53791
36.37621
36.5687
36.41454
36.60177
36.44883
36.64071
36.4865
36.67728
36.52185
36.71348
36.55783
36.74325
36.59335
36.77619
36.62636
36.81075
36.66369
36.84327
36.69976
36.88118
36.73841
36.91648
36.77452
36.95281
36.81126
36.98929
36.84472
37.02464
36.88058
37.06007
36.91805
37.096
36.95281
37.13015
36.98691
37.16283
37.02044
37.19827
37.05762
37.23511
37.09547
37.27162
37.13243
37.3055
37.16886
37.34401
37.20248
37.3811
37.2407
37.41819
37.27193
37.45502
37.30789
37.49048
37.34082
37.51975
37.36992
37.55218
37.40754
37.58995
37.44291
37.62521
37.44807
37.65467
37.48576
37.69091
37.51672
37.72581
37.55015
37.75594
37.58524
37.79332
37.62207
37.82767
37.65798
37.86531
37.69568
37.89993
37.73071
37.9381
37.76981
37.97503
37.80283
38.0095
37.84009
38.04641
37.87506
38.07996
37.90782
38.1154
37.94458
38.15029
38.01563
38.18273
38.05207
38.22105
38.08782
38.25457
38.12211
38.29052
38.15705
38.32945
38.19393
38.36149
38.23015
38.39687
38.26345
38.43192
38.29964
38.46821
38.33622
38.50231
38.37045
38.53603
38.40827
38.57331
38.4408
38.60646
38.4776
38.64454
38.51423
38.68103
38.54592
38.68746
38.57925
38.71902
38.61185
38.7406
38.64334
38.77884
38.65226
38.81489
38.68429
38.85083
38.72037
38.87489
38.75076
38.91009
38.78017
38.94836
38.81485
38.97998
38.84568
39.01703
38.86947
39.05117
38.90476
39.08453
38.94108
39.11871
38.97784
39.15291
39.0155
39.18683
39.04895
39.22454
39.08335
39.25834
39.11382
39.29101
39.12161
39.32616
39.15342
39.36092
39.18981
39.39642
39.2266
39.43114
39.2585
39.46747
39.29121
39.49924
39.32629
39.53222
39.36262
39.56695
39.39915
39.57214
39.43439
39.6056
39.467
39.63688
39.49945
39.67341
39.53399
39.70722
39.57299
39.74142
39.59869
39.7641
39.63361
39.77238
39.65682
39.80787
39.68437
39.83006
39.715
39.86112
39.75067
39.89872
39.78629
39.93449
39.81873
39.96208
39.8505
39.9934
39.88638
40.03045
39.9173
40.06518
39.95233
40.09964
39.98749
40.13519
40.02272
40.16381
40.05482
40.17276
40.06124
40.21148
40.09761
40.23729
40.10661
40.27247
40.14142
40.30859
40.17844
40.34369
40.21586
40.37871
40.25125
40.4164
40.28806
40.45518
40.3253
40.49052
40.36058
40.52214
40.39338
40.55778
40.43134
40.5947
40.46378
40.62458
40.49825
40.66214
40.53563
40.69621
40.57163
40.73263
40.60791
40.76767
40.63957
40.80599
40.67572
40.84118
40.70886
40.87648
40.74517
40.91053
40.778
40.94503
40.81301
40.97898
40.84977
41.01603
40.88443
41.05297
40.92231
41.09023
40.95766
41.12502
40.9967
41.16013
41.03041
41.22561
41.06384
41.26176
41.09924
41.30071
41.1356
41.337
41.17269
41.37343
41.21061
41.40956
41.24389
41.44648
41.27919
41.48003
41.31738
41.51659
41.35175
41.54588
41.38789
41.58426
41.42145
41.62231
41.46058
41.65965
41.49893
41.69886
41.53345
41.73682
41.56865
41.76969
41.60383
41.80625
41.63881
41.84361
41.67624
41.87857
41.71251
41.91192
41.74821
41.95035
41.784
41.98514
41.82048
42.01882
41.8554
42.05507
41.89326
42.09002
41.93181
42.12812
41.96793
42.20085
42.00415
42.23817
42.0381
42.27361
42.07521
42.30861
42.1121
42.344
42.14632
42.37944
42.18262
42.41436
42.21872
42.44873
42.24858
42.48039
42.25743
42.51227
42.28455
42.51746
42.31504
42.55547
42.34949
42.59229
42.38823
42.62643
42.42244
42.65892
42.45912
42.69669
42.4907
42.72916
42.52787
42.76645
42.56311
42.80378
42.59967
42.8406
42.63853
42.87644
42.67406
42.9152
42.71254
42.95424
42.74878
42.98955
42.78094
43.02541
42.81734
43.0636
42.85415
43.09788
42.89172
43.13139
42.92542
43.16837
42.96361
43.20733
43.00251
43.24127
43.03887
43.27831
43.07479
43.31632
43.1127
43.35181
43.14206
43.3892
43.17805
43.42809
43.2145
43.46189
43.25166
43.50024
43.28466
43.53423
43.32322
43.56993
43.36116
43.60151
43.39801
43.63827
43.43328
43.67301
43.47215
43.7118
43.50861
43.74992
43.54659
43.78495
43.58223
43.81809
43.62032
43.89573
43.65383
43.93177
43.69283
43.96658
43.73151
44.00273
43.76978
44.04134
43.80457
44.07683
43.84301
44.11489
43.87866
44.15225
43.90956
44.1872
43.94614
44.26207
43.97977
44.29374
44.01297
44.3306
44.05047
44.36914
44.08719
44.40692
44.12629
44.44352
44.16371
44.47834
44.20259
44.51459
44.2368
44.54682
44.27512
44.58445
44.30932
44.62304
44.34666
44.65637
44.38124
44.69001
44.41862
44.72866
44.45376
44.76342
44.48952
44.79918
44.52608
44.83444
44.56505
44.86979
44.59858
44.90614
44.63499
44.94036
44.67142
44.97514
44.70411
45.0112
44.74027
45.04596
44.77668
45.08508
44.81189
45.12305
44.8502
45.16077
44.88656
45.19728
44.92402
45.23268
44.9607
45.26877
44.99983
45.30047
45.03154
45.33717
45.06517
45.37416
45.10281
45.4065
45.13908
45.44416
45.17225
45.48233
45.21103
45.516
45.24484
45.54741
45.28001
45.58432
45.31498
45.62157
45.35127
45.66053
45.38651
45.6964
45.42453
45.73067
45.46011
45.76659
45.49534
45.80041
45.52962
45.83806
45.56724
45.87362
45.60386
45.90774
45.64171
45.94513
45.6762
45.98218
45.71361
46.01892
45.7515
46.05402
45.78559
46.09124
45.82594
46.12568
45.86216
46.16214
45.89937
46.19644
45.93384
46.23236
45.97043
46.27073
46.0073
46.30844
46.04387
46.34441
46.07903
46.38266
46.11668
46.41612
46.15593
46.45461
46.19274
46.52787
46.22852
46.5643
46.26498
46.59895
46.29977
46.63734
46.33158
46.67501
46.36684
46.70992
46.40395
46.74485
46.43859
46.77808
46.47376
46.81467
46.51188
46.85078
46.54734
46.88353
46.58385
46.91949
46.61904
46.95752
46.65022
46.9915
46.68425
47.0245
46.72008
47.06138
46.75845
47.09678
46.79747
47.1319
46.83102
47.16872
46.86824
47.20373
46.90547
47.24184
46.94246
47.27932
46.98027
47.31552
47.01579
47.3523
47.05004
47.38467
47.0844
47.42048
47.1191
47.45385
47.15752
47.48876
47.19408
47.5252
47.23167
47.56241
47.27005
47.59802
47.30409
47.63453
47.34101
47.66944
47.37378
47.70632
47.41003
47.74117
47.44704
47.77709
47.48243
47.81092
47.51733
47.84705
47.55228
47.88396
47.58979
47.9207
47.6282
47.95587
47.66204
47.99433
47.70082
48.02795
47.7358
48.06738
47.77167
48.09873
47.80777
48.16687
47.84247
48.20444
47.87511
48.23877
47.91234
48.27613
47.94775
48.30912
47.98441
48.34639
48.02108
48.3784
48.05629
48.41034
48.09102
48.44196
48.12867
48.47712
48.16401
48.51514
48.19963
48.54457
48.23536
48.58002
48.27115
48.64707
48.3079
48.68392
48.3398
48.71952
48.3758
48.75341
48.41006
48.78555
48.44668
48.82362
48.48365
48.86072
48.51918
48.89555
48.55776
48.93028
48.592
48.96227
48.62715
48.99756
48.6629
49.02918
48.6953
49.06964
48.73076
49.09969
48.76394
49.13872
48.79887
49.16772
48.83632
49.20614
48.87172
49.23692
48.90786
49.27596
48.94477
49.31179
48.98115
49.35082
49.0193
49.38428
49.05442
49.42271
49.09033
49.45402
49.12885
49.49278
49.16118
49.52443
49.19733
49.56116
49.23093
49.59336
49.26515
49.6303
49.30273
49.66786
49.33984
49.70355
49.37873
49.74076
49.41264
49.76891
49.44862
49.80614
49.47277
49.84396
49.51141
49.87593
49.54522
49.91075
49.58011
49.94243
49.61257
49.97767
49.64933
50.01425
49.68616
50.05097
49.72408
50.08655
49.75854
50.12402
49.79827
50.15966
49.83286
50.19833
49.87074
50.23374
49.91043
50.27107
49.94769
50.30483
49.98237
50.34051
50.01728
50.37718
50.05739
50.41206
50.09406
50.44737
50.12978
50.48327
50.16769
50.51704
50.20235
50.55431
50.2396
50.59264
50.27855
50.62949
50.31742
50.66459
50.35413
50.70086
50.38913
50.73758
50.42733
50.77497
50.46186
50.81186
50.49738
50.84889
50.53413
50.88353
50.5723
50.92133
50.61081
50.95955
50.64685
50.99344
50.68526
51.03039
50.72253
51.06687
50.75858
51.13629
50.79865
51.17431
50.83197
51.21104
50.86893
51.24815
50.90805
51.28598
50.9472
51.32263
50.98138
51.35651
51.01624
51.39368
51.05077
51.43278
51.08974
51.47031
51.12281
51.50732
51.16119
51.5461
51.19897
51.58107
51.23787
51.61526
51.27602
51.65227
51.31468
51.69055
51.35275
51.72725
51.38711
51.76614
51.4244
51.8029
51.46218
51.8371
51.49875
51.87682
51.5345
51.91507
51.57105
51.94881
51.60869
51.98772
51.64713
52.02304
51.68369
52.06221
51.72258
52.09869
51.75843
52.13881
51.79701
52.17556
51.83443
52.2131
51.8729
52.25039
51.9105
52.28864
51.94888
52.32793
51.98735
52.36585
52.02647
52.40524
52.06605
52.44196
52.10553
52.51799
52.13961
52.55705
52.17838
52.59308
52.2179
52.63234
52.25431
52.67076
52.29396
52.70829
52.32993
52.74353
52.36793
52.78122
52.40262
52.81448
52.44129
52.8516
52.48069
52.89015
52.5182
52.92738
52.55672
52.96032
52.59095
52.99647
52.62727
53.03308
52.66339
53.0703
52.69983
53.10591
52.73401
53.13901
52.77023
53.17423
52.80913
53.21338
52.84665
53.24949
52.88359
53.28863
52.92126
53.32305
52.9593
53.35706
52.99738
53.39637
53.03473
53.43539
53.07275
53.47532
53.10846
53.51168
53.14746
53.54569
53.18475
53.58238
53.22446
53.6209
53.26364
53.65874
53.30072
53.69487
53.33673
53.72898
53.37664
53.76595
53.41271
53.80367
53.4499
53.84026
53.48622
53.87857
53.52247
53.91195
53.55942
53.94927
53.59715
53.9859
53.63759
54.02269
53.67315
54.05966
53.70847
54.09813
53.74727
54.13627
53.78562
54.17219
53.82457
54.21018
53.86134
54.24704
53.901
54.28225
53.97547
54.32021
54.0136
54.35508
54.04958
54.39244
54.08799
54.42651
54.12547
54.46319
54.16441
54.49878
54.20278
54.53499
54.23539
54.5708
54.27443
54.60764
54.31227
54.6413
54.34766
54.67728
54.38798
54.7161
54.4258
54.75531
54.46445
54.79314
54.50253
54.82838
54.5418
54.86563
54.5792
54.90268
54.6149
54.93942
54.65121
54.97458
54.68941
55.00962
54.72685
55.04749
54.76562
55.08585
54.80269
55.12287
54.84026
55.16196
54.87933
55.19934
54.91811
55.23658
54.95467
55.27267
54.98988
55.3087
55.02497
55.34307
55.06216
55.37788
55.09819
55.41579
55.13738
55.45308
55.17233
55.48776
55.21132
55.5229
55.25043
55.56002
55.28585
55.59702
55.32406
55.63366
55.35948
55.6715
55.39755
55.7064
55.43229
55.73893
55.46452
55.77596
55.50105
55.81508
55.53534
55.85062
55.57303
55.88159
55.6109
55.91826
55.64839
55.95396
55.6841
55.99305
55.72389
56.0313
55.76022
56.06941
55.79683
56.10741
55.8321
56.14223
55.87019
56.17787
55.90552
56.20693
55.94236
56.24349
55.97753
56.2805
56.01467
56.31931
56.04972
56.35282
56.08866
56.39362
56.12831
56.43181
56.16484
56.46938
56.20353
56.50703
56.24028
56.54516
56.27769
56.57984
56.31525
56.61783
56.35297
56.65408
56.39106
56.69202
56.42459
56.729
56.46241
56.76735
56.49796
56.84357
56.53672
56.88102
56.5768
56.91702
56.61326
56.95207
56.65338
56.98997
56.6895
57.02592
56.72861
57.06392
56.76646
57.09589
56.8027
57.13549
56.83914
57.17196
56.87303
57.20913
56.91185
57.24516
56.94918
57.2824
56.98728
57.31751
57.02229
57.35544
57.06018
57.39454
57.09575
57.43054
57.13487
57.46445
57.17233
57.50278
57.20917
57.53943
57.24648
57.57438
57.28092
57.61353
57.3182
57.64884
57.35535
57.68797
57.39284
57.7271
57.43031
57.76098
57.47022
57.79907
57.50945
57.83521
57.54677
57.87032
57.58526
57.90824
57.62149
57.94513
57.65682
57.98376
57.69239
58.01972
57.73197
58.05795
57.76851
58.09707
57.80587
58.13053
57.84498
58.16927
57.88469
58.20434
57.92228
58.23978
57.95688
58.27583
57.99464
58.31517
58.03218
58.35121
58.07132
58.38695
58.10424
58.42407
58.14235
58.46334
58.17822
58.49649
58.21651
58.53447
58.25522
58.57216
58.29465
58.60846
58.331
58.64629
58.36682
58.68525
58.40752
58.72436
58.44632
58.76207
58.48255
58.79942
58.52074
58.83757
58.55943
58.87362
58.59504
58.90949
58.63367
58.94752
58.67172
58.98304
58.71085
59.01953
58.74871
59.05514
58.78436
59.09428
58.82251
59.13111
58.85751
59.1671
58.89621
59.20324
58.9315
59.23969
58.96709
59.27154
59.00165
59.30921
59.03889
59.34748
59.07699
59.38282
59.11392
59.42194
59.14906
59.46102
59.18679
59.49809
59.2261
59.53175
59.26163
59.56876
59.29889
59.60623
59.33525
59.64445
59.3735
59.68129
59.41315
59.72011
59.44996
59.75901
59.48874
59.79664
59.52723
59.83399
59.56567
59.87113
59.60289
59.94172
59.63962
59.97821
59.6771
60.01554
59.71295
60.05259
59.75037
60.09175
59.788
60.13205
59.82816
60.16813
59.86462
60.20618
59.9056
60.24341
59.94497
60.27978
59.98213
60.31792
60.02142
60.35568
60.06227
60.39664
60.10032
60.43381
60.13919
60.47166
60.17754
60.50955
60.21481
60.54874
60.25412
60.58381
60.29283
60.62178
60.33123
60.65869
60.37007
60.69609
60.40955
60.73464
60.44775
60.77413
60.48769
60.81513
60.52729
60.85239
60.56585
60.89269
60.60533
60.931
60.64481
61.00943
60.68277
61.04763
60.72149
61.08579
60.75732
61.12516
60.79655
61.16245
60.83413
61.19984
60.87336
61.23545
60.91194
61.27311
60.95112
61.31145
60.988
61.35058
61.02714
61.38984
61.06573
61.4268
61.1048
61.46601
61.14293
61.50426
61.18147
61.54208
61.22195
61.5801
61.26
61.61806
61.29866
61.69505
61.33551
61.73091
61.37208
61.76552
61.40762
61.80265
61.44574
61.84103
61.48339
61.8801
61.52179
61.91674
61.56082
61.95438
61.59985
61.98966
61.63839
62.02639
61.67327
62.06571
61.71167
62.10262
61.74904
62.14041
61.78584
62.17762
61.82619
62.21695
61.8633
62.256
61.90314
62.29436
61.94235
62.33117
61.98179
62.3668
62.01836
62.4029
62.05539
62.44141
62.09371
62.47805
62.13207
62.51713
62.16846
62.55391
62.20771
62.59118
62.24683
62.63043
62.28594
62.66841
62.32619
62.70322
62.36407
62.74031
62.40051
62.77408
62.43745
62.81218
62.47232
62.84931
62.50944
62.88496
62.54678
62.92257
62.58424
62.95214
62.62092
62.95848
62.66158
62.99247
62.69557
63.01566
62.73626
63.05174
62.77304
63.08979
62.81203
63.1256
62.84649
63.1618
62.88658
63.19947
62.92443
63.27274
62.96016
63.31149
62.99861
63.3501
63.03646
63.38554
63.0768
63.42284
63.11419
63.462
63.15002
63.49805
63.18813
63.53625
63.22588
63.57333
63.26504
63.61155
63.30256
63.65166
63.34135
63.6894
63.38223
63.72766
63.42138
63.76511
63.45803
63.80437
63.49725
63.84249
63.53512
63.88248
63.57448
63.92207
63.61395
63.96152
63.65284
64.00027
63.68901
64.03596
63.72829
64.07702
63.76775
64.11584
63.80634
64.15335
63.84401
64.19106
63.88446
64.2299
63.92387
64.26825
63.96251
64.30574
64.00013
64.34248
64.03949
64.38321
64.07752
64.42127
64.11662
64.45945
64.15485
64.49782
64.19102
64.53605
64.22754
64.57436
64.26534
64.60935
64.30448
64.64671
64.34103
64.68237
64.37939
64.71659
64.41848
64.75581
64.45568
64.79205
64.49403
64.83005
64.52919
64.8656
64.5673
64.90119
64.60379
64.93696
64.64036
64.97364
64.67953
65.01266
64.71806
65.05157
64.75687
65.08825
64.79471
65.1273
64.83383
65.164
64.86973
65.20161
64.90874
65.23619
64.94739
65.27489
64.98544
65.31339
65.02435
65.35137
65.06519
65.38972
65.10402
65.4276
65.14494
65.46587
65.18173
65.50373
65.21811
65.54298
65.25614
65.57906
65.29509
65.6162
65.33396
65.65231
65.37181
65.69077
65.41273
65.7286
65.45187
65.7664
65.49136
65.80597
65.53055
65.84344
65.56626
65.88084
65.60342
65.91946
65.64341
65.95505
65.6814
65.9892
65.71777
66.02652
65.75594
66.06587
65.7955
66.10226
65.83466
66.14191
65.87081
66.18111
65.90617
66.21762
65.94213
66.25362
65.98275
66.29345
66.02183
66.33065
66.05868
66.36835
66.0971
66.4078
66.13723
66.44585
66.17638
66.48444
66.21543
66.52309
66.25084
66.55936
66.2858
66.59665
66.32555
66.63483
66.36314
66.6702
66.39741
66.7062
66.4352
66.74386
66.46356
66.78159
66.5026
66.82074
66.54043
66.85651
66.5796
66.89677
66.61842
66.93464
66.6568
66.9743
66.69595
67.01123
66.73449
67.04945
66.77108
67.08648
66.80875
67.12568
66.8472
67.1639
66.8833
67.20009
66.92253
67.2383
66.95978
67.27669
66.9991
67.31532
67.03738
67.35259
67.07666
67.39185
67.11388
67.43037
67.153
67.46754
67.189
67.50554
67.22639
67.54374
67.26569
67.58141
67.30666
67.6207
67.34465
67.66028
67.38557
67.69888
67.42421
67.73837
67.4616
67.77666
67.49993
67.81539
67.53837
67.85384
67.5778
67.89379
67.61673
67.93174
67.65533
67.9724
67.69341
68.00932
67.73123
68.04498
67.77037
68.08404
67.80857
68.12304
67.84644
68.15948
67.88504
68.19598
67.92192
68.23357
67.96268
68.269
68.00144
68.30981
68.03941
68.34727
68.0759
68.38619
68.11346
68.42219
68.15259
68.46053
68.19171
68.49796
68.23255
68.5337
68.26926
68.57133
68.31004
68.60949
68.34761
68.64846
68.38716
68.68617
68.42506
68.72707
68.46432
68.76274
68.50354
68.80079
68.54069
68.83788
68.57936
68.87407
68.61552
68.91297
68.65257
68.95011
68.69165
68.98434
68.72918
69.02299
68.76644
69.06141
68.8057
69.09949
68.84492
69.138
68.88335
69.177
68.92139
69.21407
68.95994
69.25209
68.99844
69.29142
69.03778
69.33186
69.07761
69.37066
69.11517
69.40878
69.15523
69.44524
69.19295
69.48414
69.23367
69.52276
69.27199
69.56342
69.31012
69.60094
69.34908
69.6376
69.38853
69.67628
69.42716
69.71584
69.46597
69.75512
69.50432
69.79106
69.54341
69.83002
69.58183
69.86816
69.62112
69.90604
69.66071
69.94279
69.70038
69.98183
69.73865
70.02132
69.77834
70.06091
69.81958
70.10049
69.8593
70.14057
69.90006
70.18021
69.93975
70.2204
69.97969
70.25986
70.01855
70.29935
70.05967
70.33865
70.09904
70.37811
70.13845
70.41727
70.17775
70.4558
70.21756
70.49319
70.25616
70.53238
70.29622
70.57095
70.33549
70.61002
70.37453
70.6489
70.41393
70.6863
70.45203
70.72468
70.49096
70.76364
70.53022
70.80313
70.56863
70.8412
70.60676
70.87892
70.64508
70.91571
70.68365
70.95483
70.72319
70.99415
70.76249
71.03297
70.80273
71.06982
70.83858
71.10778
70.87672
71.14587
70.91476
71.18261
70.95387
71.21851
70.99392
71.25569
71.03016
71.29234
71.07104
71.32951
71.11001
71.36876
71.14857
71.40839
71.18475
71.43713
71.2225
71.47628
71.26021
71.51086
71.29704
71.54771
71.33502
71.5855
71.37412
71.6214
71.41278
71.65781
71.45109
71.69147
71.49096
71.72877
71.52762
71.76588
71.56052
71.80228
71.59828
71.83858
71.63187
71.87456
71.66775
71.91317
71.70586
71.95235
71.74527
71.98853
71.78451
72.02592
71.82388
72.06429
71.8633
72.10368
71.90205
72.14481
71.93631
72.18105
71.97697
72.21899
72.01633
72.25844
72.05746
72.29753
72.0955
72.33389
72.13514
72.37073
72.17456
72.4465
72.21558
72.48746
72.25433
72.52633
72.29145
72.5668
72.32988
72.6054
72.36928
72.64493
72.4104
72.68221
72.44974
72.7211
72.4874
72.75909
72.52696
72.80022
72.56815
72.83971
72.6075
72.87844
72.64845
72.91658
72.68756
72.95584
72.72771
72.9954
72.7672
73.03442
72.8071
73.07368
72.84573
73.10956
72.88475
73.14928
72.92314
73.18866
72.96156
73.2282
73.0009
73.26641
73.03914
73.30576
73.07816
73.34165
73.11715
73.38142
73.15639
73.42049
73.1956
73.45594
73.23456
73.4951
73.27385
73.5331
73.31277
73.5724
73.35154
73.61162
73.39029
73.64903
73.42908
73.68708
73.46851
73.72599
73.50784
73.76528
73.54389
73.80346
73.5823
73.83997
73.62172
73.87947
73.66103
73.91866
73.70027
73.95718
73.73917
73.9934
73.77707
74.03091
73.81534
74.07043
73.85465
74.10831
73.89406
74.14776
73.93261
74.18559
73.97218
74.22245
74.01149
74.25895
74.05007
74.29739
74.08921
74.33415
74.12582
74.36932
74.16365
74.40887
74.20215
74.44547
74.24129
74.48401
74.27878
74.52095
74.31822
74.56169
74.35568
74.6361
74.39515
74.70989
74.43382
74.74856
74.4728
74.78577
74.51208
74.82391
74.55038
74.85962
74.58829
74.89893
74.62539
74.93833
74.6647
74.97718
74.7035
75.01018
74.74158
75.0486
74.78093
75.08689
74.8205
75.12579
74.85973
75.1642
74.89862
75.20317
74.93707
75.2431
74.97783
75.28164
75.01745
75.31933
75.05836
75.35796
75.09715
75.39462
75.13518
75.43382
75.17304
75.47128
75.21188
75.51044
75.2496
75.55097
75.28888
75.5901
75.32973
75.62749
75.36752
75.66658
75.40756
75.70341
75.44557
75.74091
75.48608
75.77581
75.52296
75.81316
75.56111
75.85079
75.59987
75.89194
75.63918
75.93128
75.67855
75.97028
75.71667
76.00911
75.75513
76.04756
75.79625
76.08544
75.83509
76.1234
75.87455
76.16134
75.91381
76.20044
75.95316
76.23869
75.99236
76.27808
76.03056
76.31381
76.06912
76.35322
76.10849
76.3917
76.14778
76.42772
76.18616
76.46463
76.22449
76.50388
76.26233
76.54201
76.30255
76.58076
76.3403
76.61726
76.37857
76.65636
76.41481
76.69248
76.45425
76.73034
76.49401
76.76946
76.53248
76.80874
76.56982
76.84515
76.60893
76.88235
76.64596
76.9189
76.68401
76.95681
76.72389
76.99206
76.7606
77.02904
76.79779
77.06686
76.837
77.10488
76.87527
77.14383
76.91322
77.18303
76.95212
77.21977
76.99042
77.25526
77.02735
77.29147
77.06748
77.32844
77.10558
77.36222
77.14257
77.40312
77.18208
77.43947
77.218
77.47374
77.25584
77.51092
77.29199
77.55188
77.33154
77.58993
77.37076
77.62561
77.41033
77.66344
77.449
77.70167
77.48491
77.73766
77.52422
77.77683
77.5636
77.81499
77.60223
77.85296
77.63776
77.89185
77.67719
77.93121
77.71668
77.97079
77.75569
78.01025
77.79639
78.04906
77.83591
78.08735
77.87637
78.12845
77.91591
78.1674
77.95539
78.20483
77.99313
78.24548
78.03252
78.28423
78.0735
78.32404
78.11295
78.36199
78.1524
78.39892
78.19138
78.43587
78.23044
78.47668
78.26946
78.51602
78.30878
78.55126
78.34745
78.59008
78.3856
78.62941
78.42491
78.66812
78.46602
78.70561
78.50427
78.74501
78.54379
78.78217
78.58325
78.82158
78.6228
78.86089
78.66372
78.89972
78.70063
78.93781
78.74184
78.97742
78.78143
79.01539
78.82092
79.05367
78.85976
79.09303
78.89849
79.12917
78.9377
79.16727
78.97858
79.20439
79.01582
79.24117
79.05486
79.28049
79.09356
79.31831
79.13306
79.35769
79.1726
79.39572
79.21082
79.43526
79.25031
79.47386
79.28862
79.51055
79.32774
79.58753
79.36577
79.62839
79.40683
79.66561
79.44454
79.70507
79.48467
79.74359
79.5237
79.78315
79.56486
79.82426
79.60349
79.86059
79.64161
79.90166
79.68044
79.93992
79.71801
79.98096
79.75657
80.01961
79.79602
80.0591
79.83558
80.09807
79.87526
80.13699
79.91479
80.17663
79.95405
80.21306
79.99279
80.25259
80.03243
80.29057
80.07186
80.33009
80.11134
80.36887
80.15082
80.40791
80.19042
80.44545
80.22982
80.48365
80.26923
80.5229
80.30821
80.56046
80.34705
80.59984
80.38557
80.63754
80.42417
80.67696
80.46372
80.7166
80.50339
80.75492
80.5431
80.79476
80.58278
80.83436
80.62236
80.87314
80.66367
80.91246
80.70171
80.9519
80.74246
80.99226
80.7823
81.03183
80.82357
81.07136
80.86346
81.11091
80.9048
81.14963
80.94445
81.18907
80.9847
81.22771
81.02364
81.26701
81.06273
81.30505
81.10195
81.34348
81.14135
81.38075
81.18062
81.41786
81.22024
81.4573
81.25936
81.49581
81.29662
81.52914
81.33392
81.56944
81.37342
81.60804
81.41367
81.64751
81.45114
81.68648
81.48911
81.72723
81.52814
81.76528
81.56882
81.8047
81.60767
81.84238
81.64628
81.88281
81.6859
81.92181
81.72445
81.96125
81.76408
82.00063
81.80482
82.03937
81.84256
82.07864
81.88183
82.11704
81.92136
82.15678
81.96262
82.19619
82.00126
82.23544
82.04061
82.27448
82.0791
82.31578
82.11773
82.35423
82.1571
82.39431
82.19657
82.43372
82.23604
82.47476
82.27563
82.51405
82.31542
82.55354
82.35429
82.59331
82.39307
82.63353
82.43289
82.67264
82.51248
82.7117
82.55271
82.75137
82.59244
82.79104
82.63366
82.82914
82.67323
82.86798
82.71257
82.90639
82.75204
82.94601
82.79132
82.98634
82.83081
83.02425
82.87013
83.06335
82.90982
83.10269
82.9491
83.14003
82.98728
83.1776
83.02665
83.21815
83.06759
83.25533
83.10558
83.29543
83.14447
83.33467
83.18251
83.37051
83.22209
83.41021
83.26103
83.44877
83.29948
83.48986
83.3389
83.52764
83.37995
83.56864
83.41956
83.6069
83.45692
83.64378
83.49636
83.68224
83.53519
83.7188
83.57387
83.75804
83.61237
83.79832
83.65202
83.8377
83.69078
83.87455
83.73026
83.91267
83.76981
83.95219
83.80894
83.98992
83.84848
84.0269
83.88676
84.06533
83.92439
84.10455
83.96397
84.14414
84.00356
84.18385
84.04324
84.2228
84.08295
84.26213
84.12286
84.30352
84.16274
84.34274
84.20178
84.38332
84.24285
84.42092
84.28113
84.46004
84.32124
84.49956
84.36047
84.53899
84.4001
84.57671
84.43754
84.6148
84.47868
84.65459
84.51795
84.69172
84.55882
84.73164
84.59745
84.77057
84.63842
84.80822
84.67669
84.84761
84.71586
84.88836
84.75539
84.92779
84.79607
84.96628
84.83564
85.00572
84.87519
85.04418
84.91394
85.08319
84.95354
85.12267
84.99471
85.16221
85.0322
85.20156
85.07146
85.24056
85.11079
85.27982
85.15024
85.31726
85.18974
85.35664
85.23077
85.39604
85.2703
85.43359
85.30949
85.47324
85.34917
85.51162
85.38716
85.55143
85.42575
85.59052
85.46706
85.63027
85.5069
85.66936
85.54697
85.71038
85.62685
85.74799
85.66632
85.78645
85.70535
85.82736
85.74442
85.8666
85.78312
85.90607
85.82378
85.94453
85.86237
85.98164
85.90179
86.021
85.94058
86.05828
85.98006
86.09572
86.01953
86.134
86.05844
86.17292
86.09772
86.21243
86.13713
86.25192
86.1752
86.28873
86.21216
86.32861
86.25071
86.36707
86.28706
86.40532
86.3261
86.44403
86.3656
86.48289
86.40458
86.52248
86.44429
86.56239
86.48405
86.60211
86.52372
86.64064
86.5638
86.68056
86.60246
86.722
86.64326
86.7618
86.68304
86.80319
86.72438
86.8429
86.76406
86.88306
86.80534
86.92284
86.84505
86.9641
86.88148
87.00359
86.92113
87.0436
86.95972
87.08268
86.99963
87.12268
87.03946
87.16425
87.12069
87.20408
87.16206
87.24439
87.20201
87.28407
87.24342
87.32389
87.28292
87.36358
87.3224
87.40324
87.36204
87.44006
87.40233
87.47871
87.44099
87.51868
87.4804
87.55814
87.51939
87.59654
87.5593
87.63522
87.59906
87.67478
87.63831
87.71375
87.67752
87.75332
87.71684
87.79289
87.75629
87.83194
87.79446
87.86926
87.83273
87.9057
87.87099
87.94444
87.91001
87.98373
87.94938
88.02321
87.98882
88.06331
88.02757
88.10069
88.06519
88.14051
88.10471
88.17878
88.14442
88.21737
88.18275
88.254
88.22247
88.2934
88.2622
88.33203
88.30199
88.37176
88.34173
88.41148
88.38141
88.45026
88.41912
88.49044
88.45885
88.52872
88.49998
88.56816
88.53943
88.6058
88.57912
88.64708
88.61877
88.6864
88.65905
88.72605
88.69813
88.76567
88.73779
88.8054
88.77748
88.84506
88.81707
88.88348
88.85674
88.92208
88.89468
88.96088
88.974
89.00046
89.0138
89.03935
89.05358
89.07922
89.09225
89.11778
89.13174
89.15712
89.17108
89.19584
89.21151
89.23377
89.2508
89.27291
89.28891
89.30956
89.32738
89.34676
89.36398
89.38407
89.40434
89.42088
89.44287
89.45994
89.48139
89.4982
89.5205
89.53705
89.56133
89.57738
89.60011
89.61414
89.63726
89.65417
89.67342
89.69081
89.71268
89.73045
89.75169
89.76428
89.79107
89.80526
89.83216
89.84378
89.8708
89.88368
89.91028
89.92268
89.94865
89.96096
89.98647
90.00071
90.02505
90.03844
90.06618
90.07906
90.10594
90.11706
90.14737
90.15827
90.18713
90.19807
90.22868
90.23966
90.26848
90.27972
90.31003
90.32082
90.34955
90.36052
90.38993
90.40005
90.42986
90.43865
90.47134
90.47974
90.5108
90.51946
90.55231
90.56008
90.5921
90.59915
90.63253
90.64054
90.67249
90.67944
90.71366
90.71916
90.7535
90.75826
90.7933
90.79758
90.83308
90.83723
90.87241
90.87781
90.91346
90.91714
90.95274
90.95598
90.99363
90.99773
91.03344
91.03753
91.07449
91.07898
91.11421
91.11847
91.15516
91.15854
91.19506
91.1985
91.23558
91.23936
91.27551
91.2793
91.31609
91.31943
91.35302
91.35856
91.39456
91.39967
91.4345
91.43964
91.47586
91.48108
91.51575
91.52109
91.55722
91.56269
91.59187
91.60279
91.63344
91.64329
91.67309
91.68312
91.71358
91.72482
91.75345
91.76502
91.79472
91.8067
91.83477
91.84678
91.87209
91.88841
91.91356
91.92842
91.98736
91.96984
92.02725
92.01006
92.06858
92.05147
92.10079
92.09135
92.14214
92.13258
92.18198
92.17159
92.2234
92.21127
92.26311
92.25087
92.3028
92.29047
92.34258
92.32966
92.38286
92.36926
92.4224
92.40896
92.46209
92.44888
92.50178
92.48873
92.53826
92.52854
92.57814
92.56913
92.61803
92.60846
92.65768
92.64831
92.69744
92.68832
92.73711
92.72995
92.77684
92.77025
92.81677
92.81184
92.85656
92.85185
92.89618
92.8933
92.93601
92.93336
92.97762
92.97341
93.01735
93.01339
93.05718
93.05492
93.13853
93.09488
93.17835
93.13477
93.21805
93.17455
93.25703
93.21433
93.29671
93.25397
93.33635
93.29523
93.37588
93.33494
93.41547
93.37433
93.45506
93.41409
93.49467
93.45352
93.53417
93.49386
93.57528
93.53275
93.61131
93.57164
93.65144
93.60907
93.69061
93.64793
93.73135
93.68729
93.77064
93.72722
93.8111
93.76373
93.84215
93.80334
93.88312
93.8421
93.92233
93.88187
93.9594
93.91982
93.99759
93.95815
94.03653
93.99702
94.07758
94.03678
94.11707
94.07739
94.15664
94.11713
94.18367
94.15679
94.21487
94.19574
94.24211
94.23721
94.28111
94.2761
94.32084
94.31771
94.36058
94.35732
94.39042
94.39719
94.45491
94.437
94.53419
94.47796
94.57348
94.51755
94.61309
94.55709
94.65264
94.59648
94.6925
94.63641
94.73228
94.67619
94.77213
94.71601
94.81312
94.75503
94.85269
94.79512
94.87923
94.83527
94.91431
94.87552
94.94688
94.9147
94.9632
94.9549
95.01564
94.99591
95.07211
95.03621
95.1021
95.0778
95.16866
95.11809
95.19601
95.15997
95.21982
95.20028
95.24721
95.24227
95.27465
95.28271
95.40031
95.32454
95.46911
95.36499
95.47894
95.40668
95.55302
95.44689
95.57803
95.48884
95.58538
95.52908
95.61044
95.57052
95.67668
95.61012
95.71831
95.65139
95.75342
95.69128
95.78747
95.73272
95.81746
95.77242
95.8634
95.81208
95.89815
95.8516
95.93246
95.89288
95.96708
95.93234
96.00177
95.97255
96.04134
96.01206
96.08253
96.05067
96.12235
96.09026
96.15479
96.13147
96.18189
96.17116
96.21413
96.21236
96.25391
96.2519
96.28784
96.29057
96.31258
96.33206
96.33981
96.3717
96.3745
96.41129
96.38421
96.45091
96.40662
96.49225
96.41304
96.53176
96.41911
96.57276
96.47648
96.61214
96.53658
96.65298
96.60914
96.68964
96.6472
96.72852
96.70535
96.76797
96.7368
96.80459
96.8147
96.84356
96.88777
96.88268
96.92139
96.92245
96.95912
96.96175
96.99196
97.00021
96.99812
97.0405
97.03081
97.08066
97.11073
97.11764
97.14061
97.15794
97.17819
97.19427
97.18603
97.23396
97.20613
97.27197
97.24606
97.31145
97.27745
97.34922
97.3582
97.38984
97.42968
97.42912
97.53432
97.46996
97.5666
97.50882
97.57272
97.54968
97.60768
97.58886
97.63136
97.62971
97.63748
97.66886
97.64365
97.70902
97.71866
97.74809
97.83802
97.78717
97.89608
97.82725
97.95626
97.86648
97.97057
97.90464
97.97617
97.91103
97.98171
97.93752
97.99851
97.97571
98.00541
97.98467
98.03635
98.01863
98.04157
98.03852
98.05789
98.04368
98.06809
98.04884
98.07319
98.07533
98.09869
98.08047
98.10672
98.08562
98.11556
98.10031
98.12067
98.10546
98.13087
98.11061
98.14108
98.12705
98.14618
98.13343
98.15638
98.14233
98.16657
98.15616
98.17288
98.16131
98.18308
98.16645
98.18945
98.17901
98.19576
98.1945
98.20207
98.19964
98.20839
98.20477
98.23244
98.23266
98.26303
98.23779
98.26814
98.24294
98.27325
98.26877
98.27956
98.2739
98.28976
98.27903
98.29486
98.29472
98.30118
98.29986
98.31252
98.30499
98.31762
98.33202
98.32271
98.33845
98.33804
98.37751
98.38448
98.40334
98.39534
98.40974
98.40044
98.41861
98.40553
98.43665
98.42203
98.4418
98.45779
98.44696
98.50246
98.46337
98.5446
98.46856
98.54974
98.47375
98.56121
98.47894
98.56634
98.50013
98.5752
98.50533
98.58032
98.51052
98.58544
98.52647
98.59253
98.5329
98.59766
98.54177
98.60278
98.5507
98.60791
98.57372
98.61303
98.57893
98.61816
98.58415
98.62328
98.59759
98.62841
98.60564
98.63728
98.63423
98.65366
98.63943
98.65878
98.64465
98.68328
98.66801
98.69353
98.67442
98.71186
98.70206
98.73628
98.70728
98.74654
98.71247
98.75805
98.7308
98.7683
98.73601
98.78851
98.74118
98.79363
98.76572
98.80393
98.78481
98.80905
98.78999
98.81417
98.79889
98.82359
98.80406
98.8287
98.80924
98.83382
98.8204
98.83893
98.82557
98.84695
98.83193
98.85207
98.84332
98.85719
98.84848
98.86353
98.85365
98.86864
98.8644
98.87377
98.86958
98.87889
98.87476
98.88523
98.88114
98.89035
98.88631
98.89547
98.89149
98.90184
98.90041
98.90697
98.90556
98.91209
98.91075
98.9172
98.91965
98.92608
98.92481
98.93119
98.93122
98.93631
98.94016
98.94267
98.94535
98.95536
98.95055
98.96172
98.95948
98.96684
98.97633
98.98346
98.98274
98.99495
98.98916
99.00008
99.0006
99.00642
99.00702
99.02358
99.01221
99.03245
99.02117
99.04131
99.03459
99.05419
99.04834
99.06054
99.05355
99.06689
99.05877
99.07577
99.06396
99.08091
99.07039
99.08604
99.07678
99.09324
99.08198
99.09837
99.08713
99.10352
99.09471
99.10865
99.11369
99.11379
99.12222
99.12607
99.12868
99.1312
99.13389
99.13634
99.13911
99.14147
99.15059
99.15157
99.15704
99.1567
99.16225
99.16184
99.16745
99.16698
99.17966
99.18507
99.18489
99.19022
99.19011
99.19655
99.19653
99.20168
99.20175
99.20683
99.20696
99.21197
99.21219
99.21831
99.21861
99.22345
99.22503
99.23372
99.23026
99.24512
99.23548
99.25025
99.24069
99.25539
99.24715
99.26053
99.25359
99.26567
99.26073
99.27591
99.26597
99.28619
99.27117
99.29133
99.28011
99.29646
99.28655
99.30914
99.29548
99.31429
99.30067
99.31944
99.30968
99.33082
99.31488
99.33596
99.3201
99.34111
99.32654
99.34624
99.33434
99.35262
99.34329
99.36151
99.35389
99.36666
99.36034
99.3718
99.36932
99.37817
99.39006
99.38451
99.3965
99.3984
99.40291
99.41364
99.42086
99.44324
99.42612
99.456
99.43134
99.46114
99.44781
99.4663
99.45422
99.4817
99.46915
99.48685
99.47437
99.49201
99.47961
99.5053
99.49633
99.5125
99.50157
99.52305
99.5068
99.52821
99.51502
99.53336
99.52025
99.53972
99.52548
99.54859
99.54005
99.55373
99.54529
99.55888
99.55051
99.57054
99.5692
99.57568
99.57443
99.58083
99.57967
99.59457
99.58857
99.59975
99.59801
99.6049
99.60323
99.61528
99.60844
99.62041
99.61366
99.62556
99.61888
99.63314
99.62534
99.63828
99.63672
99.64465
99.64194
99.65352
99.64714
99.6637
99.65234
99.66885
99.65875
99.674
99.66517
99.68541
99.6716
99.69428
99.67854
99.7082
99.68375
99.71455
99.68895
99.71971
99.70232
99.72488
99.70874
99.73751
99.71394
99.74388
99.71913
99.74902
99.72433
99.75415
99.72952
99.76213
99.73593
99.77101
99.74114
99.7826
99.74633
99.78897
99.75425
99.79411
99.76959
99.79926
99.77482
99.80814
99.78006
99.8133
99.79417
99.82245
99.79942
99.82883
99.80589
99.83399
99.81484
99.83914
99.82008
99.85251
99.82533
99.85889
99.83176
99.86528
99.83822
99.87044
99.84344
99.8756
99.84869
99.88197
99.85394
99.89085
99.86687
99.89603
99.87212
99.90121
99.88361
99.91263
99.88888
99.92047
99.89415
99.92562
99.89938
99.9308
99.90721
99.93968
99.92445
99.94485
99.92971
99.95447
99.93496
99.96082
99.94267
99.96603
99.94914
99.9712
99.9556
99.98579
99.96458
99.99469
99.97112
99.99986
99.98504
100.005
99.99027
100.0185
99.99551
100.0237
100.0045
100.0289
100.0097
100.034
100.0149
100.0467
100.0202
100.0531
100.0254
100.062
100.0319
100.0684
100.0371
100.0748
100.0423
100.0812
100.0575
100.0901
100.0627
100.1031
100.068
100.1095
100.0733
100.1147
100.0822
100.1287
100.0875
100.1339
100.0928
100.1391
100.0993
100.1505
100.1148
100.1556
100.12
100.1609
100.1252
100.1773
100.1318
100.1825
100.137
100.1877
100.1423
100.1941
100.1488
100.203
100.1553
100.2119
100.1606
100.2171
100.1659
100.2223
100.1712
100.2307
100.1765
100.2359
100.1818
100.2411
100.1871
100.2475
100.1936
100.254
100.1988
100.2592
100.2041
100.2644
100.2107
100.2696
100.2172
100.276
100.2224
100.2812
100.2278
100.2864
100.2343
100.2928
100.2433
100.298
100.2523
100.3033
100.2613
100.3097
100.2666
100.3149
100.272
100.3201
100.281
100.3265
100.2875
100.3317
100.294
100.3369
100.303
100.3432
100.3117
100.3496
100.3206
100.356
100.327
100.3612
100.3359
100.3663
100.3424
100.3726
100.3487
100.3789
100.3576
100.3878
100.3664
100.4003
100.3752
100.4067
100.3841
100.413
100.3929
100.4243
100.3992
100.4307
100.4181
100.437
100.4231
100.4458
100.4282
100.4581
100.4346
100.4708
100.4397
100.4759
100.4447
100.481
100.4511
100.4873
100.4574
100.4936
100.4687
100.4999
100.4738
100.505
100.4789
100.5211
100.484
100.5262
100.4954
100.5325
100.5017
100.5427
100.5106
100.5479
100.5185
100.5605
100.5274
100.5656
100.5388
100.577
100.544
100.5821
100.5491
100.5872
100.5555
100.6003
100.5644
100.6054
100.5708
100.6105
100.576
100.6195
100.5812
100.6246
100.5901
100.6298
100.5981
100.6349
100.6071
100.6413
100.616
100.6502
100.635
100.659
100.6429
100.6654
100.6493
100.6718
100.6608
100.69
100.6661
100.6964
100.6713
100.7028
100.6819
100.7093
100.6872
100.7199
100.6924
100.7252
100.704
100.7304
100.7092
100.7355
100.7145
100.7407
100.731
100.7459
100.7362
100.7569
100.7415
100.762
100.7555
100.7672
100.7607
100.7826
100.766
100.7878
100.78
100.793
100.7852
100.7994
100.7905
100.8058
100.7995
100.8123
100.8048
100.8175
100.8101
100.8227
100.823
100.8291
100.8282
100.8482
100.8335
100.8586
100.8449
100.865
100.8502
100.8702
100.8554
100.8754
100.8644
100.8818
100.8709
100.8908
100.8761
100.8997
100.8813
100.9061
100.892
100.9125
100.8972
100.9188
100.9024
100.9292
100.9113
100.9356
100.9178
100.9475
100.9242
100.9661
100.9356
100.9765
100.9445
100.9854
100.9535
100.9933
100.9623
101.005
100.9813
101.0102
100.9878
101.0154
100.9967
101.0307
101.015
101.0371
101.0215
101.0474
101.0279
101.0564
101.0344
101.0628
101.0464
101.0717
101.0516
101.0843
101.0568
101.0895
101.0695
101.0998
101.0812
101.1062
101.0876
101.1151
101.1035
101.124
101.1088
101.133
101.114
101.1394
101.1245
101.1458
101.1297
101.1547
101.1398
101.1726
101.145
101.179
101.1502
101.1942
101.161
101.1994
101.1733
101.2046
101.1799
101.2098
101.1889
101.2162
101.1978
101.2251
101.203
101.234
101.2145
101.248
101.2197
101.2544
101.2249
101.2647
101.2363
101.2725
101.2428
101.2814
101.2492
101.2892
101.2645
101.302
101.2726
101.3098
101.2846
101.3213
101.2925
101.3276
101.3015
101.3353
101.3195
101.3561
101.341
101.3675
101.3574
101.3814
101.3664
101.3879
101.3753
101.3983
101.3884
101.4047
101.3937
101.4137
101.3989
101.4201
101.4147
101.4265
101.4223
101.4329
101.4288
101.4405
101.4365
101.4509
101.453
101.456
101.4594
101.4624
101.4684
101.4858
101.4821
101.4974
101.4874
101.5026
101.4926
101.5141
101.504
101.5205
101.5198
101.5281
101.525
101.5409
101.5302
101.5498
101.5404
101.555
101.5469
101.5614
101.5533
101.5666
101.5597
101.5717
101.565
101.5781
101.5702
101.5833
101.5791
101.5885
101.588
101.5974
101.5995
101.6025
101.606
101.6129
101.6124
101.6307
101.6239
101.637
101.6329
101.6434
101.6416
101.6498
101.6469
101.6562
101.6521
101.6626
101.6606
101.6911
101.6733
101.6963
101.6814
101.7015
101.6971
101.7079
101.7107
101.7194
101.7159
101.7246
101.7224
101.7359
101.7288
101.7486
101.7353
101.7538
101.7443
101.7731
101.7583
101.7807
101.7685
101.8096
101.7763
101.8185
101.7853
101.8326
101.7967
101.839
101.8033
101.8454
101.8123
101.8506
101.8212
101.8558
101.8265
101.8647
101.8318
101.8779
101.8382
101.8831
101.8447
101.8883
101.8638
101.899
101.8703
101.9042
101.8787
101.9158
101.8852
101.9222
101.8942
101.9274
101.9007
101.9326
101.9072
101.9378
101.9162
101.943
101.9227
101.9494
101.9279
101.9546
101.9444
101.9598
101.9535
101.9662
101.96
101.9777
101.969
101.9841
101.9743
101.9925
101.9833
101.999
101.9923
102.0055
101.9977
102.0169
102.0029
102.0259
102.0094
102.0323
102.0147
102.0388
102.02
102.0453
102.0253
102.0517
102.0344
102.0569
102.0409
102.0621
102.055
102.0674
102.0639
102.0929
102.0692
102.102
102.0757
102.1073
102.081
102.1126
102.0864
102.119
102.0946
102.1256
102.1087
102.1346
102.1177
102.1437
102.1319
102.1527
102.1385
102.1668
102.1551
102.1759
102.1643
102.185
102.1732
102.1916
102.1815
102.2007
102.1881
102.2073
102.1997
102.2126
102.2064
102.218
102.2156
102.2297
102.2211
102.2351
102.2266
102.2406
102.2333
102.246
102.2399
102.2514
102.2466
102.2581
102.2521
102.2648
102.2576
102.2703
102.2644
102.2757
102.2699
102.2824
102.2755
102.2879
102.2822
102.2934
102.294
102.2989
102.3008
102.3044
102.3102
102.3099
102.3158
102.3154
102.3252
102.3223
102.3372
102.3341
102.343
102.3397
102.3488
102.3453
102.3545
102.3508
102.3604
102.3576
102.37
102.3694
102.3757
102.3787
102.385
102.3881
102.3996
102.395
102.4091
102.4006
102.4188
102.4063
102.4248
102.412
102.4306
102.419
102.4365
102.4259
102.4514
102.4318
102.4638
102.4412
102.4737
102.4482
102.4799
102.4552
102.4873
102.4623
102.4975
102.4693
102.5051
102.4752
102.5115
102.4823
102.5178
102.4882
102.5241
102.4941
102.5343
102.5013
102.5407
102.5072
102.5508
102.5131
102.5573
102.5203
102.5638
102.5275
102.5702
102.5335
102.5769
102.5394
102.5844
102.5517
102.5912
102.559
102.598
102.5688
102.606
102.575
102.6127
102.5811
102.6195
102.5885
102.6263
102.5947
102.6343
102.6008
102.6448
102.6069
102.6553
102.6143
102.663
102.6206
102.6697
102.6268
102.6765
102.6343
102.6833
102.6406
102.6901
102.6468
102.6969
102.653
102.7036
102.6593
102.7104
102.6657
102.7184
102.6733
102.7263
102.6797
102.7343
102.6861
102.7423
102.6925
102.7503
102.6988
102.7633
102.7065
102.7701
102.7166
102.7769
102.7231
102.7836
102.7297
102.7904
102.7363
102.7972
102.7429
102.8039
102.7496
102.8119
102.7561
102.8186
102.7628
102.8254
102.7694
102.8322
102.776
102.8389
102.7827
102.8474
102.7907
102.8541
102.7974
102.8609
102.8042
102.8677
102.8109
102.8744
102.8177
102.8812
102.8244
102.8879
102.8324
102.8947
102.8391
102.9014
102.8459
102.9082
102.8526
102.9149
102.8594
102.9217
102.8661
102.9285
102.8728
102.9352
102.8796
102.942
102.8864
102.9488
102.8931
102.9555
102.8998
102.9623
102.9066
102.969
102.9133
102.9758
102.9213
102.9826
102.928
102.9893
102.9348
102.9961
102.9415
103.0029
102.9482
103.0096
102.955
103.0164
102.9617
103.0231
102.9685
103.0299
102.9752
103.0367
102.982
103.0434
102.9887
103.0502
102.9955
103.0569
103.0022
103.0637
103.0089
103.0704
103.0157
103.0772
103.0224
103.084
103.0292
103.0907
103.0359
103.0975
103.0427
103.1042
103.0494
103.111
103.0562
103.1178
103.0629
103.1245
103.0696
103.1313
103.0764
103.138
103.0831
103.1448
103.0899
103.1516
103.0966
103.1583
103.1033
103.1651
103.1101
103.1719
103.1168
103.1786
103.1236
103.1854
103.1303
103.1921
103.137
103.1989
103.1438
103.2056
103.1505
103.2124
103.1573
103.2191
103.164
103.2259
103.1707
103.2327
103.1775
103.2394
103.1842
103.2461
103.1909
103.2529
103.1977
103.2597
103.2044
103.2664
103.2112
103.2732
103.2179
103.2799
103.2246
103.2867
103.2314
103.2934
103.2381
103.3002
103.2448
103.307
103.2516
103.3137
103.2583
103.3205
103.265
103.3272
103.2718
103.334
103.2785
103.3407
103.2852
103.3475
103.292
103.3542
103.2987
103.361
103.3054
103.3677
103.3122
103.3745
103.3189
103.3812
103.3256
103.388
103.3324
103.3948
103.3391
103.4015
103.3458
103.4083
103.3526
103.415
103.3593
103.4218
103.366
103.4285
103.3728
103.4353
103.3795
103.442
103.3862
103.4488
103.393
103.4556
103.3997
103.4623
103.4064
103.469
103.4132
103.4758
103.4199
103.4826
103.4266
103.4893
103.4333
103.496
103.4401
103.5028
103.4468
103.5096
103.4535
103.5163
103.4603
103.523
103.467
103.5298
103.4737
103.5366
103.4804
103.5433
103.4872
103.55
103.4939
103.5568
103.5006
103.5636
103.5073
103.5703
103.5141
103.5771
103.5208
103.5838
103.5275
103.5906
103.5342
103.5973
103.541
103.604
103.5477
103.6108
103.5544
103.6175
103.5611
103.6243
103.5679
103.631
103.5746
103.6378
103.5813
103.6445
103.588
103.6513
103.5948
103.658
103.6015
103.6648
103.6082
103.6715
103.615
103.6783
103.6217
103.685
103.6284
103.6917
103.6351
103.6985
103.6419
103.7052
103.6486
103.712
103.6553
103.7187
103.662
103.7255
103.6688
103.7322
103.6755
103.739
103.6822
103.7457
103.6889
103.7536
103.6957
103.7604
103.7024
103.7672
103.7091
103.7739
103.7158
103.7806
103.7226
103.7874
103.7293
103.7942
103.736
103.8009
103.7427
103.8076
103.7495
103.8144
103.7562
103.8211
103.7629
103.8279
103.7696
103.8346
103.7764
103.8413
103.7831
103.8481
103.7898
103.8548
103.7965
103.8616
103.8033
103.8683
103.81
103.8751
103.8167
103.8818
103.8234
103.8885
103.8301
103.8953
103.8369
103.902
103.8436
103.9088
103.8503
103.9155
103.857
103.9223
103.8637
103.929
103.8705
103.9358
103.8772
103.9425
103.8839
103.9492
103.8906
103.956
103.8973
103.9627
103.9041
103.9695
103.9108
103.9762
103.9175
103.983
103.9242
103.9897
103.9309
103.9965
103.9377
104.0032
103.9444
104.01
103.9511
104.0167
103.9578
104.0235
103.9645
104.0302
103.9713
104.0369
103.978
104.0437
103.9847
104.0504
103.9914
104.0572
103.9981
104.0639
104.0049
104.0706
104.0116
104.0774
104.0183
104.0841
104.025
104.0909
104.0317
104.0976
104.0385
104.1044
104.0452
104.1111
104.0519
104.1179
104.0586
104.1246
104.0653
104.1313
104.0721
104.1381
104.0788
104.1448
104.0855
104.1516
104.0922
104.1583
104.0989
104.165
104.1057
104.1718
104.1124
104.1785
104.1191
104.1853
104.1258
104.192
104.1325
104.1987
104.1393
104.2055
104.146
104.2122
104.1527
104.219
104.1594
104.2257
104.1661
104.2324
104.1729
104.2392
104.1796
104.2459
104.1863
104.2527
104.193
104.2594
104.1997
104.2662
104.2065
104.2729
104.2132
104.2796
104.2199
104.2864
104.2266
104.2931
104.2333
104.2999
104.24
104.3066
104.2468
104.3133
104.2535
104.3201
104.2602
104.3268
104.2669
104.3335
104.2736
104.3403
104.2803
104.347
104.2871
104.3538
104.2938
104.3605
104.3005
104.3672
104.3072
104.374
104.3139
104.3807
104.3207
104.3875
104.3274
104.3942
104.3341
104.4009
104.3408
104.4077
104.3475
104.4144
104.3543
104.4212
104.361
104.4279
104.3677
104.4346
104.3744
104.4414
104.3811
104.4481
104.3879
104.4548
104.3946
104.4616
104.4013
104.4683
104.408
104.4751
104.4147
104.4818
104.4214
104.4885
104.4281
104.4953
104.4349
104.502
104.4416
104.5088
104.4483
104.5155
104.455
104.5222
104.4617
104.529
104.4685
104.5357
104.4752
104.5425
104.4819
104.5492
104.4886
104.5559
104.4953
104.5627
104.502
104.5694
104.5088
104.5762
104.5155
104.5829
104.5222
104.5896
104.5289
104.5964
104.5356
104.6031
104.5423
104.6098
104.5491
104.6166
104.5558
104.6233
104.5625
104.6301
104.5692
104.6368
104.5759
104.6435
104.5827
104.6503
104.5894
104.657
104.5961
104.6638
104.6028
104.6705
104.6095
104.6772
104.6162
104.684
104.6229
104.6907
104.6297
104.6974
104.6364
104.7042
104.6431
104.7109
104.6498
104.7177
104.6565
104.7244
104.6633
104.7311
104.67
104.7379
104.6767
104.7446
104.6834
104.7514
104.6901
104.7581
104.6968
104.7648
104.7036
104.7716
104.7103
104.7783
104.717
104.785
104.7237
104.7918
104.7304
104.7985
104.7371
104.8052
104.7439
104.812
104.7506
104.8187
104.7573
104.8254
104.764
104.8322
104.7707
104.8389
104.7774
104.8456
104.7841
104.8524
104.7909
104.8591
104.7976
104.8659
104.8043
104.8726
104.811
104.8793
104.8177
104.8861
104.8245
104.8928
104.8312
104.8996
104.8379
104.9063
104.8446
104.913
104.8513
104.9198
104.858
104.9265
104.8648
104.9333
104.8715
104.94
104.8782
104.9468
104.8849
104.9535
104.8916
104.9603
104.8983
104.967
104.9051
104.9737
104.9118
104.9805
104.9185
104.9872
104.9252
104.9939
104.9387
105.0007
104.9521
105.0074
104.9588
105.0142
104.9655
105.0209
104.9722
105.0276
104.979
105.0344
104.9857
105.0411
104.9924
105.0479
104.9991
105.0546
105.0058
105.0613
105.0126
105.0681
105.0193
105.0748
105.026
105.0815
105.0327
105.0883
105.0394
105.095
105.0462
105.1018
105.0529
105.1085
105.0596
105.1152
105.073
105.122
105.0798
105.1287
105.0865
105.1354
105.0999
105.1422
105.1201
105.1489
105.1268
105.1556
105.1335
105.1624
105.1402
105.1691
105.1469
105.1758
105.1537
105.1826
105.1604
105.1893
105.1671
105.1961
105.1738
105.2028
105.1805
105.2095
105.1873
105.2163
105.194
105.223
105.2007
105.2298
105.2074
105.2365
105.2141
105.2432
105.2208
105.25
105.2276
105.2567
105.2343
105.2635
105.241
105.2702
105.2477
105.2769
105.2544
105.2837
105.2611
105.2904
105.2679
105.2971
105.2746
105.3039
105.2813
105.3106
105.288
105.3174
105.2947
105.3241
105.3015
105.3308
105.3082
105.3376
105.3149
105.3443
105.3216
105.3511
105.3283
105.3578
105.3351
105.3645
105.3418
105.3713
105.3485
105.378
105.3552
105.3847
105.3619
105.3915
105.3686
105.3982
105.3754
105.4049
105.3821
105.4117
105.3888
105.4184
105.3955
105.4251
105.4022
105.4319
105.409
105.4386
105.4291
105.4454
105.4358
105.4521
105.4426
105.4588
105.4493
105.4656
105.456
105.4723
105.4627
105.479
105.4694
105.4858
105.4761
105.4925
105.4828
105.4992
105.4896
105.506
105.4963
105.5127
105.503
105.5194
105.5164
105.5262
105.5231
105.5329
105.5299
105.5396
105.5366
105.5464
105.5433
105.5531
105.55
105.5599
105.5567
105.5666
105.5635
105.5733
105.5702
105.5801
105.5769
105.5868
105.5836
105.5935
105.5903
105.6003
105.5971
105.607
105.6038
105.6137
105.6105
105.6205
105.6172
105.6272
105.6239
105.634
105.6307
105.6407
105.6374
105.6474
105.6441
105.6542
105.6508
105.6609
105.6575
105.6676
105.6643
105.6744
105.671
105.6811
105.6777
105.6879
105.6844
105.6946
105.6911
105.7013
105.6978
105.7081
105.7046
105.7148
105.7113
105.7215
105.718
105.7283
105.7247
105.735
105.7314
105.7418
105.7381
105.7485
105.7449
105.7552
105.7516
105.762
105.7583
105.7687
105.765
105.7754
105.7717
105.7822
105.7785
105.7889
105.7852
105.7956
105.7919
105.8024
105.7986
105.8091
105.8053
105.8159
105.8133
105.8226
105.82
105.8293
105.8267
105.8361
105.8334
105.8428
105.8401
105.8495
105.8469
105.8563
105.8536
105.863
105.8603
105.8698
105.867
105.8765
105.8737
105.8832
105.8804
105.89
105.8872
105.8967
105.8939
105.9035
105.9006
105.9102
105.9073
105.9169
105.914
105.9237
105.9208
105.9304
105.9275
105.9372
105.9342
105.9439
105.9409
105.9506
105.9476
105.9574
105.9544
105.9641
105.9611
105.9708
105.9678
105.9776
105.9745
105.9843
105.9812
105.9911
105.988
105.9978
105.9947
106.0045
106.0014
106.0113
106.0081
106.018
106.0148
106.0247
106.0216
106.0315
106.0283
106.0382
106.035
106.045
106.0417
106.0517
106.0484
106.0584
106.0551
106.0652
106.0619
106.0719
106.0686
106.0786
106.0753
106.0854
106.082
106.0921
106.0887
106.0988
106.0955
106.1056
106.1022
106.1123
106.1089
106.1191
106.1156
106.1258
106.1223
106.1325
106.129
106.1393
106.1358
106.146
106.1425
106.1527
106.1492
106.1595
106.1559
106.1662
106.1626
106.173
106.1693
106.1797
106.1761
106.1864
106.1828
106.1932
106.1895
106.1999
106.1962
106.2066
106.2029
106.2134
106.2097
106.2201
106.2164
106.2269
106.2231
106.2336
106.2298
106.2403
106.2365
106.2471
106.2432
106.2538
106.25
106.2605
106.2567
106.2673
106.2634
106.274
106.2701
106.2807
106.2768
106.2875
106.2835
106.2942
106.2903
106.301
106.297
106.3077
106.3037
106.3144
106.3104
106.3212
106.3171
106.3279
106.3251
106.3346
106.3318
106.3414
106.3385
106.3481
106.3452
106.3549
106.3519
106.3616
106.3586
106.3683
106.3654
106.3751
106.3721
106.3818
106.3788
106.3885
106.3922
106.3953
106.3989
106.402
106.4057
106.4088
106.4124
106.4155
106.4191
106.4222
106.4258
106.429
106.4325
106.4357
106.4393
106.4424
106.446
106.4492
106.4527
106.4559
106.4594
106.4626
106.4661
106.4694
106.4728
106.4761
106.4796
106.4828
106.4863
106.4896
106.493
106.4963
106.4997
106.503
106.5064
106.5098
106.5132
106.5165
106.5199
106.5232
106.5266
106.53
106.5333
106.5367
106.54
106.5435
106.5467
106.5502
106.5535
106.5569
106.5602
106.5637
106.5669
106.5704
106.5736
106.5772
106.5803
106.5839
106.587
106.5906
106.5938
106.5974
106.6005
106.6041
106.6072
106.6109
106.6139
106.6176
106.6206
106.6243
106.6273
106.6311
106.634
106.6378
106.6408
106.6445
106.6475
106.6513
106.6542
106.658
106.6609
106.6648
106.6676
106.6715
106.6743
106.6782
106.6811
106.685
106.6878
106.6917
106.6945
106.6984
106.7012
106.7052
106.7079
106.7119
106.7146
106.7187
106.7214
106.7254
106.7281
106.7321
106.7348
106.7389
106.7415
106.7456
106.7482
106.7523
106.755
106.759
106.7617
106.7658
106.7684
106.7725
106.7751
106.7793
106.7818
106.786
106.7885
106.7927
106.7953
106.7995
106.802
106.8062
106.8087
106.8129
106.8154
106.8197
106.8221
106.8264
106.8288
106.8331
106.8356
106.8399
106.8423
106.8466
106.849
106.8533
106.8557
106.8601
106.8624
106.8668
106.8692
106.8735
106.8759
106.8803
106.8826
106.887
106.8893
106.8938
106.896
106.9005
106.9028
106.9072
106.9095
106.914
106.9162
106.9207
106.9229
106.9274
106.9296
106.9342
106.9364
106.9409
106.9431
106.9476
106.9498
106.9544
106.9565
106.9611
106.9632
106.9679
106.9699
106.9746
106.9767
106.9813
106.9834
106.9881
106.9901
106.9948
106.9968
107.0015
107.0035
107.0083
107.0102
107.015
107.017
107.0218
107.0237
107.0285
107.0304
107.0352
107.0371
107.042
107.0438
107.0487
107.0506
107.0554
107.0573
107.0622
107.064
107.0689
107.0707
107.0757
107.0774
107.0824
107.0842
107.0891
107.0909
107.0959
107.0976
107.1026
107.1043
107.1093
107.111
107.1161
107.1177
107.1228
107.1245
107.1295
107.1312
107.1363
107.1379
107.143
107.1446
107.1498
107.1513
107.1565
107.158
107.1632
107.1648
107.17
107.1715
107.1767
107.1782
107.1834
107.1849
107.1902
107.1916
107.1969
107.1983
107.2037
107.2051
107.2104
107.2118
107.2171
107.2185
107.2239
107.2252
107.2306
107.2319
107.2374
107.2386
107.2441
107.2454
107.2508
107.2521
107.2576
107.2588
107.2643
107.2655
107.271
107.2722
107.2778
107.2789
107.2845
107.2856
107.2913
107.2924
107.298
107.2991
107.3047
107.3058
107.3115
107.3125
107.3182
107.3192
107.3249
107.3259
107.3317
107.3327
107.3384
107.3394
107.3451
107.3461
107.3519
107.3528
107.3586
107.3595
107.3653
107.3662
107.3721
107.373
107.3788
107.3797
107.3855
107.3864
107.3923
107.3931
107.399
107.3998
107.4057
107.4065
107.4125
107.4133
107.4192
107.42
107.426
107.4267
107.4327
107.4334
107.4394
107.4401
107.4462
107.4469
107.4529
107.4536
107.4596
107.4603
107.4663
107.467
107.4731
107.4737
107.4798
107.4805
107.4865
107.4872
107.4933
107.4939
107.5
107.5006
107.5068
107.5073
107.5135
107.514
107.5202
107.5207
107.527
107.5275
107.5337
107.5342
107.5404
107.5409
107.5472
107.5476
107.5539
107.5543
107.5606
107.561
107.5674
107.5678
107.5741
107.5745
107.5808
107.5812
107.5876
107.5879
107.5943
107.5946
107.601
107.6013
107.6078
107.608
107.6145
107.6148
107.6212
107.6215
107.628
107.6282
107.6347
107.6349
107.6414
107.6416
107.6482
107.6483
107.6549
107.6551
107.6617
107.6618
107.6684
107.6685
107.6751
107.6752
107.6819
107.6819
107.6886
107.6886
107.6953
107.6953
107.7021
107.702
107.7088
107.7088
107.7156
107.7155
107.7223
107.7222
107.729
107.7289
107.7357
107.7356
107.7425
107.7423
107.7492
107.7491
107.756
107.7558
107.7627
107.7625
107.7694
107.7692
107.7762
107.7759
107.7829
107.7827
107.7896
107.7894
107.7964
107.7961
107.8031
107.8028
107.8098
107.8095
107.8166
107.8162
107.8233
107.8229
107.83
107.8297
107.8368
107.8364
107.8435
107.8431
107.8502
107.8498
107.857
107.8565
107.8637
107.8632
107.8705
107.8699
107.8772
107.8767
107.8839
107.8834
107.8907
107.8901
107.8974
107.8968
107.9041
107.9035
107.9109
107.9102
107.9176
107.917
107.9243
107.9237
107.9311
107.9304
107.9378
107.9371
107.9445
107.9438
107.9513
107.9505
107.958
107.9573
107.9648
107.964
107.9715
107.9707
107.9782
107.9774
107.985
107.9841
107.9917
107.9909
107.9984
107.9976
108.0052
108.0043
108.0119
108.011
108.0187
108.0177
108.0254
108.0244
108.0321
108.0312
108.0389
108.0379
108.0456
108.0446
108.0524
108.0513
108.0591
108.058
108.0658
108.0647
108.0726
108.0714
108.0793
108.0782
108.086
108.0849
108.0928
108.0916
108.0995
108.0983
108.1063
108.105
108.113
108.1117
108.1198
108.1185
108.1265
108.1252
108.1332
108.1319
108.14
108.1386
108.1467
108.1465
108.1534
108.1533
108.1602
108.16
108.1669
108.1667
108.1736
108.1734
108.1804
108.1801
108.1871
108.1868
108.1938
108.1936
108.2006
108.2003
108.2073
108.207
108.214
108.2149
108.2208
108.2216
108.2275
108.2283
108.2342
108.235
108.241
108.2418
108.2477
108.2485
108.2544
108.2552
108.2612
108.2619
108.2679
108.2686
108.2747
108.2754
108.2814
108.2821
108.2881
108.2888
108.2949
108.2955
108.3016
108.3022
108.3083
108.3089
108.3151
108.3157
108.3218
108.3224
108.3285
108.3291
108.3353
108.3358
108.342
108.3425
108.3487
108.3492
108.3555
108.3559
108.3622
108.3627
108.369
108.3694
108.3757
108.3761
108.3824
108.3828
108.3892
108.3895
108.3959
108.3962
108.4027
108.403
108.4094
108.4097
108.4161
108.4164
108.4229
108.4231
108.4296
108.4298
108.4363
108.4365
108.4431
108.4433
108.4498
108.45
108.4566
108.4567
108.4633
108.4634
108.47
108.4701
108.4768
108.4768
108.4835
108.4836
108.4902
108.4903
108.497
108.497
108.5037
108.5037
108.5104
108.5104
108.5172
108.5171
108.5239
108.5238
108.5306
108.5306
108.5374
108.5373
108.5441
108.544
108.5509
108.5507
108.5576
108.5574
108.5643
108.5641
108.5711
108.5709
108.5778
108.5776
108.5845
108.5843
108.5913
108.591
108.598
108.5977
108.6048
108.6044
108.6115
108.6112
108.6182
108.6179
108.6249
108.6246
108.6317
108.6313
108.6384
108.638
108.6452
108.6448
108.6519
108.6515
108.6587
108.6582
108.6654
108.6649
108.6721
108.6716
108.6789
108.6783
108.6856
108.6851
108.6924
108.6918
108.6991
108.6985
108.7058
108.7052
108.7126
108.7119
108.7193
108.7186
108.7261
108.7253
108.7328
108.7321
108.7395
108.7388
108.7463
108.7455
108.753
108.7522
108.7597
108.7589
108.7665
108.7657
108.7732
108.7724
108.78
108.7791
108.7867
108.7858
108.7934
108.7925
108.8001
108.7992
108.8069
108.806
108.8136
108.8127
108.8204
108.8194
108.8271
108.8261
108.8338
108.8328
108.8406
108.8395
108.8473
108.8463
108.854
108.853
108.8608
108.8597
108.8675
108.8664
108.8742
108.8731
108.881
108.8798
108.8877
108.8865
108.8944
108.8933
108.9012
108.9
108.9079
108.9067
108.9147
108.9134
108.9214
108.9201
108.9282
108.9268
108.9349
108.9335
108.9416
108.9402
108.9484
108.9482
108.9551
108.9549
108.9619
108.9616
108.9686
108.9683
108.9753
108.975
108.9821
108.9818
108.9888
108.9885
108.9955
108.9952
109.0023
109.0019
109.009
109.0086
109.0158
109.0153
109.0225
109.022
109.0292
109.0288
109.036
109.0355
109.0427
109.0422
109.0495
109.0489
109.0562
109.0556
109.0629
109.0623
109.0697
109.0691
109.0764
109.0758
109.0831
109.0825
109.0899
109.0892
109.0966
109.0959
109.1033
109.1026
109.1101
109.1093
109.1168
109.1161
109.1236
109.1228
109.1303
109.1295
109.137
109.1362
109.1438
109.1429
109.1505
109.1496
109.1572
109.1575
109.164
109.1643
109.1707
109.171
109.1774
109.1778
109.1842
109.1845
109.1909
109.1912
109.1976
109.1979
109.2044
109.2046
109.2111
109.2113
109.2178
109.2181
109.2246
109.2248
109.2313
109.2315
109.238
109.2382
109.2448
109.2449
109.2515
109.2516
109.2583
109.2584
109.265
109.2651
109.2717
109.2718
109.2785
109.2785
109.2852
109.2852
109.2919
109.2919
109.2987
109.2987
109.3054
109.3054
109.3121
109.3121
109.3189
109.3188
109.3256
109.3255
109.3324
109.3322
109.3391
109.339
109.3458
109.3457
109.3526
109.3524
109.3593
109.3591
109.3661
109.3658
109.3728
109.3725
109.3795
109.3793
109.3863
109.386
109.393
109.3927
109.3997
109.3994
109.4065
109.4061
109.4132
109.4128
109.42
109.4195
109.4267
109.4262
109.4334
109.433
109.4402
109.4397
109.4469
109.4464
109.4536
109.4531
109.4604
109.4598
109.4671
109.4665
109.4738
109.4733
109.4806
109.48
109.4873
109.4867
109.494
109.4934
109.5008
109.5001
109.5075
109.5068
109.5143
109.5135
109.521
109.5203
109.5277
109.527
109.5345
109.5337
109.5412
109.5404
109.5479
109.5471
109.5547
109.5538
109.5614
109.5606
109.5681
109.5673
109.5749
109.574
109.5816
109.5807
109.5884
109.5874
109.5951
109.5941
109.6018
109.6009
109.6086
109.6076
109.6153
109.6143
109.622
109.621
109.6288
109.6277
109.6355
109.6345
109.6423
109.6412
109.649
109.6479
109.6557
109.6546
109.6625
109.6613
109.6692
109.668
109.6759
109.6748
109.6827
109.6815
109.6894
109.6882
109.6961
109.6949
109.7029
109.7016
109.7096
109.7083
109.7163
109.715
109.7231
109.7218
109.7298
109.7285
109.7366
109.7352
109.7433
109.7419
109.75
109.7486
109.7568
109.7553
109.7635
109.7621
109.7702
109.7688
109.777
109.7755
109.7837
109.7822
109.7905
109.7889
109.7972
109.7956
109.8039
109.8024
109.8107
109.8091
109.8174
109.8158
109.8241
109.8225
109.8309
109.8292
109.8376
109.8359
109.8443
109.8427
109.8511
109.8507
109.8578
109.8574
109.8645
109.8641
109.8713
109.8708
109.878
109.8775
109.8848
109.8843
109.8915
109.891
109.8982
109.8977
109.905
109.9044
109.9117
109.9111
109.9184
109.9178
109.9252
109.9246
109.9319
109.9313
109.9387
109.938
109.9454
109.9447
109.9521
109.9514
109.9589
109.9581
109.9656
109.9649
109.9723
109.9716
109.9791
109.9783
109.9858
109.985
109.9926
109.9917
109.9993
109.9984
110.006
110.0051
