10.01007
10.00961
10.01621
10.0151
10.02233
10.02072
10.0296
10.02746
10.03571
10.033
10.04184
10.03851
10.04793
10.0442
10.05406
10.05101
10.06027
10.05665
10.06651
10.06233
10.07273
10.06803
10.07897
10.07367
10.08525
10.07927
10.09149
10.08499
10.09797
10.09063
10.10443
10.09638
10.11069
10.10209
10.11699
10.10771
10.12326
10.11349
10.12949
10.11923
10.13575
10.12492
10.14208
10.13064
10.1485
10.1363
10.15469
10.14207
10.16094
10.14773
10.16718
10.15341
10.17344
10.15922
10.17965
10.16489
10.18591
10.17063
10.19217
10.17636
10.19845
10.18216
10.20467
10.18777
10.21101
10.19344
10.21725
10.19924
10.2235
10.20498
10.22972
10.21063
10.23603
10.21627
10.24225
10.22193
10.24857
10.22758
10.25479
10.23331
10.26103
10.23892
10.26734
10.24477
10.27363
10.25045
10.28001
10.25627
10.28631
10.26199
10.29259
10.26782
10.29897
10.27358
10.3053
10.27933
10.31157
10.28512
10.31785
10.2909
10.32415
10.29668
10.33043
10.31384
10.33676
10.3195
10.34302
10.32516
10.34934
10.33105
10.3556
10.3368
10.362
10.34257
10.36829
10.3482
10.37468
10.35388
10.38216
10.35977
10.38847
10.3655
10.39495
10.37249
10.40121
10.37825
10.40762
10.38399
10.41395
10.3898
10.42027
10.39562
10.42663
10.40138
10.43296
10.42444
10.43937
10.43025
10.44578
10.43596
10.45213
10.44187
10.4585
10.44765
10.46484
10.45332
10.47125
10.45923
10.47767
10.46499
10.48402
10.47087
10.49049
10.47665
10.49689
10.48239
10.5033
10.48806
10.50972
10.49371
10.51625
10.49957
10.52266
10.52866
10.52913
10.54031
10.53559
10.55777
10.54205
10.56345
10.54858
10.56923
10.55503
10.57492
10.56161
10.59238
10.56805
10.6041
10.57576
10.61
10.5822
10.6215
10.58877
10.62737
10.5952
10.63883
10.60172
10.64464
10.60821
10.65635
10.61466
10.66808
10.6212
10.6739
10.62774
10.67975
10.63429
10.68561
10.64097
10.69146
10.64742
10.69721
10.65384
10.70291
10.66022
10.70896
10.66668
10.71595
10.67323
10.72178
10.67972
10.72749
10.68619
10.73345
10.6926
10.73926
10.69906
10.745
10.70553
10.751
10.71194
10.75681
10.71836
10.7625
10.72596
10.76842
10.7324
10.77423
10.7388
10.77996
10.7452
10.78588
10.75168
10.79178
10.75827
10.79764
10.76472
10.80349
10.77115
10.80925
10.77759
10.81524
10.78403
10.82106
10.79038
10.82692
10.79673
10.83289
10.80316
10.83863
10.80959
10.84475
10.8159
10.85055
10.82228
10.85641
10.82876
10.86213
10.83517
10.86809
10.84171
10.87394
10.8482
10.87972
10.85473
10.88546
10.86117
10.89153
10.86763
10.89728
10.87419
10.90329
10.88066
10.9091
10.88708
10.91504
10.89356
10.92075
10.90003
10.92672
10.9065
10.93248
10.91284
10.93852
10.91929
10.94441
10.92578
10.95015
10.93231
10.95625
10.9389
10.9622
10.94532
10.9681
10.95177
10.9751
10.95821
10.98108
10.96457
10.98687
10.97099
10.99295
10.97743
10.99872
10.98381
11.00491
10.99019
11.01081
10.99658
11.01673
11.00306
11.02251
11.00946
11.02836
11.01594
11.03439
11.02236
11.04034
11.02885
11.04616
11.03518
11.05218
11.04158
11.05915
11.04801
11.06534
11.05442
11.07126
11.06078
11.07707
11.06838
11.08313
11.07477
11.08912
11.08124
11.09504
11.08762
11.10086
11.09412
11.10703
11.10056
11.11291
11.10703
11.11899
11.11346
11.12501
11.11975
11.13104
11.12619
11.1369
11.13253
11.14408
11.13883
11.14992
11.14523
11.15615
11.15161
11.16211
11.15806
11.16824
11.1645
11.17413
11.17081
11.1802
11.17739
11.18626
11.1838
11.19212
11.19023
11.19821
11.1967
11.20419
11.2031
11.21009
11.21073
11.21596
11.21726
11.22187
11.22368
11.2282
11.23017
11.23407
11.23657
11.23996
11.24296
11.24615
11.24936
11.25219
11.25583
11.25837
11.26224
11.26442
11.26862
11.2705
11.27504
11.27679
11.28149
11.28275
11.28802
11.28894
11.29428
11.29506
11.30077
11.30106
11.30708
11.30734
11.31355
11.31331
11.31998
11.31978
11.32643
11.32582
11.3329
11.33183
11.33915
11.33778
11.3458
11.34422
11.35205
11.35036
11.35861
11.3565
11.36503
11.36279
11.37158
11.36874
11.37816
11.37475
11.38474
11.38081
11.39122
11.38721
11.39771
11.39342
11.40431
11.40087
11.41059
11.40706
11.41851
11.41337
11.42482
11.41954
11.43141
11.42559
11.43785
11.43162
11.44442
11.43809
11.45069
11.44411
11.45724
11.45018
11.46354
11.45672
11.4698
11.46287
11.47642
11.47047
11.48284
11.47653
11.4895
11.48254
11.49578
11.48897
11.50244
11.50134
11.50873
11.50745
11.51523
11.51346
11.52167
11.51949
11.52802
11.52552
11.53458
11.53161
11.54094
11.53768
11.54753
11.5441
11.55392
11.55041
11.56046
11.55646
11.56704
11.56265
11.57335
11.56877
11.57994
11.57539
11.58646
11.58162
11.5931
11.58784
11.59958
11.59421
11.60607
11.60034
11.61275
11.60667
11.61935
11.61311
11.62601
11.62069
11.63263
11.62715
11.63934
11.63366
11.64599
11.63996
11.65271
11.64632
11.65937
11.6528
11.66727
11.65909
11.67387
11.66539
11.68049
11.67169
11.68698
11.6783
11.69369
11.68467
11.70041
11.69124
11.70713
11.69778
11.71384
11.70427
11.72056
11.71088
11.72728
11.71743
11.73392
11.72396
11.74064
11.73059
11.74736
11.73698
11.75408
11.74463
11.76199
11.75135
11.76871
11.75795
11.77542
11.76442
11.78214
11.77112
11.78885
11.77783
11.79558
11.7845
11.8023
11.79099
11.80902
11.7977
11.81573
11.80438
11.82245
11.81229
11.82917
11.81893
11.83589
11.82557
11.8426
11.83229
11.84932
11.83894
11.85603
11.84566
11.86275
11.85238
11.86946
11.85909
11.87618
11.8658
11.88289
11.87251
11.8896
11.87923
11.89633
11.88595
11.90425
11.89388
11.91096
11.90059
11.91768
11.90731
11.9244
11.91403
11.93112
11.92074
11.93784
11.92746
11.94456
11.93418
11.95128
11.9409
11.95799
11.94762
11.96472
11.95434
11.97143
11.96105
11.97815
11.96777
11.98487
11.97449
11.99159
11.9812
11.99831
11.98792
12.00502
11.99464
12.01174
12.00136
12.01846
12.00808
12.02518
12.01479
12.0319
12.0215
12.03862
12.02821
12.04534
12.03493
12.05206
12.04165
12.05878
12.04837
12.06549
12.05508
12.07222
12.0618
12.07893
12.06852
12.08565
12.07524
12.09237
12.08196
12.09908
12.08868
12.10581
12.09539
12.11252
12.10211
12.11924
12.10883
12.12596
12.11555
12.13268
12.12226
12.13941
12.12899
12.14612
12.13571
12.15284
12.14243
12.16077
12.14915
12.16749
12.15587
12.17421
12.16259
12.18093
12.16931
12.18764
12.17603
12.19436
12.18275
12.20108
12.18947
12.2078
12.19619
12.21451
12.2029
12.22123
12.20962
12.22795
12.21634
12.23467
12.22306
12.24139
12.22978
12.24811
12.2365
12.25483
12.24322
12.26155
12.24994
12.26826
12.25666
12.27498
12.26338
12.2817
12.2701
12.28841
12.27682
12.29514
12.28354
12.30185
12.29026
12.30857
12.29698
12.31529
12.3037
12.32201
12.31041
12.32873
12.31713
12.33545
12.32385
12.34216
12.33057
12.34889
12.33729
12.35561
12.34401
12.36233
12.35073
12.36904
12.35745
12.37576
12.36417
12.38248
12.37089
12.3892
12.37761
12.39592
12.38433
12.40263
12.39105
12.40936
12.39777
12.41607
12.40449
12.42279
12.41121
12.42951
12.41793
12.43623
12.42465
12.44295
12.43137
12.44967
12.43808
12.45639
12.4448
12.46311
12.45152
12.46983
12.45824
12.47655
12.46496
12.48327
12.47169
12.48998
12.47841
12.4967
12.48512
12.50341
12.49184
12.51013
12.49856
12.51685
12.50528
12.52356
12.512
12.53029
12.51871
12.53701
12.52543
12.54373
12.53214
12.55044
12.53886
12.55717
12.54558
12.56389
12.5523
12.57061
12.55902
12.57732
12.56574
12.58404
12.57246
12.59076
12.57918
12.59748
12.5859
12.60421
12.59262
12.61093
12.59934
12.61764
12.60606
12.62436
12.61277
12.63108
12.61949
12.6378
12.62621
12.64453
12.63293
12.65125
12.63965
12.65797
12.64637
12.66469
12.65309
12.67141
12.65981
12.67813
12.66653
12.68485
12.67325
12.69157
12.67997
12.69829
12.68669
12.70501
12.69341
12.71173
12.70014
12.71844
12.70685
12.72516
12.71357
12.73188
12.72029
12.7386
12.72701
12.74532
12.73374
12.75204
12.74046
12.75876
12.74718
12.76548
12.7539
12.7722
12.76061
12.77892
12.76733
12.78564
12.77405
12.79236
12.78077
12.79908
12.78749
12.80581
12.79421
12.81253
12.80093
12.81925
12.80765
12.82597
12.81438
12.83269
12.8211
12.83941
12.82782
12.84613
12.83454
12.85285
12.84245
12.85957
12.84917
12.86629
12.85589
12.87302
12.86261
12.87974
12.86932
12.88646
12.87604
12.89318
12.88276
12.8999
12.88949
12.90662
12.89622
12.91334
12.90294
12.92006
12.90966
12.92678
12.91638
12.9335
12.9231
12.94022
12.92982
12.94695
12.93654
12.95366
12.94326
12.96038
12.94998
12.9671
12.9567
12.97382
12.96342
12.98054
12.97015
12.98726
12.97687
12.99398
12.98359
13.0007
12.99031
13.00742
12.99703
13.01414
13.00375
13.02087
13.01048
13.02759
13.0172
13.03431
13.02392
13.04102
13.03063
13.04774
13.03735
13.05446
13.04408
13.06118
13.0508
13.06791
13.05752
13.07462
13.06424
13.08134
13.07096
13.08807
13.07768
13.09479
13.08441
13.10151
13.09112
13.10823
13.09785
13.11495
13.10457
13.12167
13.11129
13.12839
13.11801
13.13511
13.12473
13.14183
13.13145
13.14855
13.13817
13.15528
13.1449
13.16199
13.15162
13.16872
13.15834
13.17544
13.16506
13.18497
13.17178
13.19168
13.1813
13.1984
13.18802
13.20512
13.19474
13.21184
13.20146
13.21856
13.20819
13.22528
13.21491
13.23201
13.22163
13.23873
13.22835
13.24545
13.23507
13.25217
13.24179
13.25889
13.2485
13.26561
13.25522
13.27234
13.26194
13.27906
13.26867
13.28578
13.27539
13.29251
13.2821
13.29923
13.28883
13.30595
13.29555
13.31267
13.30345
13.31939
13.31017
13.32611
13.31689
13.33284
13.32362
13.33956
13.33034
13.34628
13.33706
13.353
13.34378
13.35972
13.3505
13.36644
13.35722
13.37316
13.36394
13.37988
13.37066
13.3866
13.37738
13.39332
13.3841
13.40004
13.39083
13.40676
13.39755
13.41348
13.40427
13.42021
13.41099
13.42693
13.41771
13.43365
13.42443
13.44037
13.43115
13.44709
13.43787
13.45381
13.4446
13.46053
13.45131
13.46725
13.45804
13.47397
13.46476
13.48069
13.47148
13.4874
13.4782
13.49412
13.48492
13.50083
13.49164
13.50755
13.49836
13.51427
13.50508
13.521
13.51181
13.5289
13.51971
13.53562
13.52643
13.54234
13.53316
13.54906
13.53988
13.55578
13.5466
13.5625
13.55331
13.56922
13.56003
13.57594
13.56675
13.58267
13.57347
13.58938
13.5802
13.5961
13.58692
13.60283
13.59363
13.60954
13.60036
13.61627
13.60708
13.62298
13.6138
13.6297
13.62052
13.63643
13.62724
13.64315
13.63396
13.64987
13.64068
13.65659
13.6474
13.66331
13.65412
13.67003
13.66084
13.67675
13.66756
13.68347
13.67428
13.69019
13.68101
13.69691
13.68773
13.70363
13.69446
13.71035
13.70118
13.71707
13.7079
13.72379
13.71462
13.73051
13.72135
13.73724
13.72807
13.74396
13.73479
13.75068
13.74151
13.75739
13.74823
13.76411
13.75495
13.77083
13.76168
13.77756
13.7684
13.78427
13.77512
13.79099
13.78184
13.79771
13.78856
13.80443
13.79528
13.81116
13.802
13.81788
13.80873
13.82459
13.81545
13.83131
13.82217
13.83803
13.82889
13.84475
13.83562
13.85147
13.84234
13.8582
13.84905
13.86492
13.85577
13.87164
13.86249
13.87837
13.8692
13.88509
13.87593
13.89181
13.88265
13.89853
13.88937
13.90526
13.89609
13.91198
13.90281
13.9187
13.90953
13.92542
13.91625
13.93214
13.92297
13.93886
13.92969
13.94558
13.93641
13.95231
13.94314
13.95902
13.94986
13.96575
13.95658
13.97247
13.9633
13.9829
13.97002
13.98962
13.97795
13.99634
13.98466
14.00306
13.99139
14.00978
13.99811
14.0165
14.00484
14.02322
14.01156
14.02995
14.01828
14.03667
14.02501
14.04339
14.03173
14.05011
14.03845
14.05683
14.04518
14.06356
14.0519
14.07028
14.05862
14.077
14.06534
14.08372
14.07207
14.09044
14.07879
14.09716
14.08551
14.10388
14.09224
14.1106
14.09896
14.11732
14.10569
14.12403
14.11241
14.13076
14.11914
14.13748
14.12585
14.1442
14.13257
14.15092
14.13929
14.15764
14.14601
14.16437
14.15273
14.17109
14.15944
14.17781
14.16617
14.18454
14.17288
14.19126
14.17961
14.19798
14.18633
14.20471
14.19305
14.21143
14.19977
14.21816
14.20649
14.22488
14.21321
14.2316
14.21994
14.23833
14.22666
14.24505
14.23339
14.25177
14.24011
14.25849
14.24683
14.26521
14.25356
14.27194
14.26029
14.27866
14.26701
14.28537
14.27373
14.2921
14.28046
14.29882
14.28719
14.30554
14.29391
14.31226
14.30063
14.31898
14.30736
14.32571
14.31408
14.33243
14.3208
14.33915
14.32753
14.34587
14.33425
14.3526
14.34097
14.35933
14.3477
14.36605
14.35442
14.37277
14.36115
14.37949
14.36787
14.38622
14.3746
14.39294
14.38132
14.39966
14.38804
14.40639
14.39477
14.41311
14.40149
14.41983
14.40821
14.42655
14.41495
14.43328
14.42167
14.44
14.42839
14.44672
14.43512
14.45344
14.44184
14.46016
14.44856
14.46688
14.45529
14.47361
14.46201
14.48033
14.46873
14.48705
14.47546
14.49378
14.48218
14.5005
14.4889
14.50722
14.49562
14.51394
14.50235
14.52067
14.50907
14.52739
14.51579
14.53411
14.52252
14.54083
14.52924
14.54756
14.53596
14.55428
14.54268
14.561
14.54941
14.56773
14.55613
14.57446
14.56285
14.58238
14.56957
14.5891
14.57629
14.59582
14.58301
14.60254
14.58973
14.60927
14.59645
14.61599
14.60318
14.62271
14.60989
14.62944
14.61661
14.63616
14.62333
14.64288
14.63004
14.64961
14.63676
14.65633
14.64349
14.66305
14.65021
14.66977
14.65693
14.67649
14.66365
14.68321
14.67037
14.68994
14.67709
14.69666
14.68382
14.70338
14.69054
14.71011
14.69726
14.71683
14.70398
14.72355
14.7107
14.73028
14.71743
14.737
14.72415
14.74373
14.73087
14.75045
14.7376
14.75718
14.74432
14.7639
14.75104
14.77062
14.75776
14.77735
14.76449
14.78407
14.77121
14.79079
14.77793
14.79752
14.78465
14.80424
14.79138
14.81096
14.7981
14.81769
14.80482
14.82441
14.81155
14.83113
14.81827
14.83786
14.82499
14.84458
14.83172
14.8513
14.83843
14.85803
14.84516
14.86476
14.85188
14.87148
14.8598
14.8782
14.86653
14.88613
14.87325
14.89285
14.87997
14.89957
14.88669
14.90629
14.89341
14.91302
14.90014
14.91974
14.90806
14.92646
14.91598
14.93319
14.9227
14.93991
14.92942
14.94783
14.93614
14.95455
14.94287
14.96128
14.94959
14.968
14.95632
14.97472
14.96296
14.98145
14.96968
14.98817
14.9764
14.99609
14.98312
15.00403
14.98984
15.01075
14.99777
15.01747
15.00446
15.0242
15.01119
15.03092
15.01791
15.03763
15.02583
15.04436
15.0337
15.05727
15.04033
15.06399
15.047
15.07072
15.05366
15.07744
15.0603
15.08416
15.06694
15.09209
15.07361
15.09881
15.08024
15.10554
15.08693
15.11226
15.09353
15.12266
15.10014
15.12938
15.10677
15.13604
15.11348
15.14271
15.12137
15.1494
15.12802
15.15607
15.13472
15.16275
15.14141
15.17065
15.14813
15.17738
15.15485
15.18406
15.16279
15.19189
15.16949
15.19974
15.17622
15.20644
15.18294
15.21317
15.19086
15.2199
15.19758
15.2266
15.20425
15.23447
15.21097
15.24118
15.2177
15.2479
15.22442
15.25463
15.23108
15.26135
15.2378
15.26808
15.24452
15.2748
15.25125
15.28153
15.25797
15.28825
15.26469
15.29497
15.27141
15.30167
15.27814
15.30839
15.28486
15.31511
15.29158
15.32183
15.29831
15.32856
15.30624
15.33529
15.31295
15.34201
15.31968
15.34874
15.3264
15.35546
15.33313
15.36219
15.34105
15.37012
15.34773
15.37684
15.35438
15.38356
15.36101
15.3901
15.37133
15.39783
15.37792
15.4055
15.38454
15.41314
15.39107
15.41957
15.39886
15.42597
15.40549
15.43371
15.41212
15.44021
15.41869
15.44667
15.42643
15.45319
15.43585
15.45966
15.44244
15.46984
15.44907
15.47632
15.45694
15.48283
15.46363
15.49061
15.4703
15.49717
15.47703
15.50385
15.48371
15.51046
15.49036
15.51716
15.49704
15.52385
15.50372
15.53176
15.51044
15.53848
15.51716
15.54521
15.53061
15.55193
15.53733
15.55862
15.54405
15.56534
15.55078
15.57207
15.5575
15.57879
15.56423
15.58552
15.57215
15.59225
15.58008
15.59897
15.588
15.6069
15.59472
15.61362
15.60144
15.62035
15.60812
15.62827
15.61485
15.63867
15.62274
15.6466
15.62936
15.65332
15.63607
15.66004
15.6427
15.66677
15.64935
15.67336
15.6572
15.68994
15.68482
15.69654
15.69147
15.71426
15.70459
15.72076
15.71226
15.72717
15.72251
15.73357
15.74658
15.74615
15.75292
15.75256
15.7592
15.75883
15.7667
15.77131
15.78043
15.77759
15.78673
15.78501
15.79424
15.7913
15.80174
15.7976
15.80797
15.80502
15.81424
15.81489
15.82057
15.82109
15.82805
15.82728
15.83547
15.83335
15.84293
15.84561
15.8492
15.85175
15.85546
15.85785
15.86545
15.8701
15.87171
15.87614
15.87794
15.88214
15.88418
15.88817
15.89036
15.89537
15.89648
15.90136
15.91596
15.90738
15.92206
15.91713
15.93427
15.92312
15.94413
15.93937
15.95024
15.94536
15.95633
15.95138
15.96245
15.9586
15.97731
15.96839
15.98343
15.97447
15.99692
15.98054
16.00304
15.98661
16.01186
16.00145
16.03628
16.00746
16.04344
16.01629
16.04936
16.026
16.0553
16.03321
16.06825
16.03917
16.07408
16.04517
16.08607
16.05479
16.09193
16.06437
16.09766
16.07027
16.1071
16.07618
16.11655
16.09073
16.12601
16.09662
16.13177
16.10251
16.13752
16.10839
16.14695
16.11428
16.15267
16.12646
16.15839
16.13241
16.16533
16.13836
16.17107
16.14432
16.17968
16.15645
16.18545
16.16242
16.19122
16.16836
16.20069
16.1855
16.20767
16.19148
16.21468
16.19744
16.22175
16.21956
16.23127
16.22544
16.24866
16.23133
16.25813
16.24341
16.27417
16.24928
16.27994
16.2551
16.28574
16.26385
16.30763
16.27088
16.31456
16.28043
16.3215
16.28624
16.32842
16.29206
16.33537
16.30364
16.34239
16.3094
16.34818
16.3152
16.35396
16.33472
16.36346
16.34423
16.37044
16.36037
16.3874
16.36988
16.39317
16.37934
16.39894
16.38626
16.41094
16.39202
16.41675
16.39781
16.42254
16.40724
16.4331
16.41299
16.43893
16.41869
16.44477
16.42441
16.45057
16.43015
16.45757
16.43596
16.46339
16.44174
16.46925
16.44869
16.47882
16.45569
16.48469
16.46144
16.49053
16.46721
16.50011
16.47668
16.50596
16.48246
16.51469
16.48822
16.5218
16.4977
16.52891
16.50469
16.53603
16.5248
16.54312
16.53177
16.55774
16.54129
16.5636
16.55986
16.56949
16.56559
16.58503
16.57133
16.59951
16.57825
16.60528
16.58519
16.61223
16.59216
16.61915
16.59789
16.62487
16.60356
16.63747
16.61791
16.6469
16.62483
16.65381
16.63432
16.6632
16.65371
16.68945
16.66312
16.69524
16.67753
16.70722
16.68322
16.71434
16.69758
16.72144
16.70449
16.72736
16.724
16.73329
16.72973
16.7392
16.73543
16.74638
16.74489
16.75853
16.7506
16.76732
16.75634
16.77706
16.76491
16.7868
16.77191
16.7929
16.7789
16.799
16.78592
16.80879
16.79296
16.81491
16.79999
16.82106
16.8095
16.83323
16.81654
16.83934
16.8224
16.84545
16.82829
16.85158
16.84282
16.86641
16.85644
16.87368
16.8835
16.89339
16.89061
16.90066
16.90018
16.90672
16.90725
16.91399
16.92419
16.9238
16.93019
16.92992
16.9362
16.93604
16.95088
16.95086
16.95699
16.9582
16.9631
16.96814
16.97511
16.97804
16.98243
16.98546
17.00472
17.05154
17.0108
17.05885
17.01684
17.07931
17.03077
17.08516
17.03779
17.09463
17.04356
17.11311
17.04931
17.11877
17.06615
17.12439
17.07177
17.13
17.07739
17.13929
17.08661
17.14486
17.10495
17.15042
17.11049
17.15717
17.116
17.16273
17.12273
17.16827
17.14197
17.18501
17.14874
17.19056
17.18002
17.20931
17.18847
17.21612
17.1941
17.23108
17.19975
17.23676
17.21882
17.24932
17.22569
17.26858
17.24511
17.28015
17.25084
17.28965
17.25656
17.29669
17.27916
17.31334
17.28497
17.32041
17.29945
17.33001
17.30528
17.33594
17.31723
17.34721
17.32425
17.35313
17.33128
17.35906
17.35325
17.3811
17.37806
17.3907
17.38382
17.41039
17.38961
17.41751
17.41139
17.4371
17.4172
17.44297
17.43165
17.44885
17.4374
17.47092
17.44319
17.47681
17.46018
17.48267
17.46602
17.49716
17.47182
17.50303
17.48378
17.51171
17.4896
17.53123
17.49543
17.53706
17.51986
17.55656
17.53348
17.56355
17.53922
17.58307
17.54496
17.59255
17.56191
17.61365
17.58873
17.61942
17.61726
17.65879
17.63922
17.66452
17.64497
17.69613
17.65068
17.70749
17.68797
17.74636
17.72143
17.7557
17.75199
17.77778
17.76124
17.78331
17.79745
17.78887
17.80419
17.80783
17.84206
17.81454
17.85975
17.84365
17.86654
17.857
17.89084
17.86621
17.89648
17.88544
17.90207
17.89094
17.91647
17.89647
17.92209
17.93421
17.92777
17.9455
17.94866
17.97672
17.95805
18.0035
17.97708
18.01194
17.99642
18.01876
18.0032
18.04302
18.034
18.04851
18.05048
18.054
18.05969
18.0756
18.08383
18.09633
18.09232
18.11955
18.11337
18.13365
18.11881
18.14273
18.12424
18.15181
18.1358
18.17595
18.1412
18.18134
18.14659
18.19655
18.16813
18.2031
18.17472
18.22711
18.18289
18.23244
18.19694
18.23775
18.20347
18.25172
18.22244
18.26066
18.25636
18.2914
18.2844
18.31525
18.29327
18.34414
18.31711
18.3493
18.32349
18.35448
18.34986
18.38197
18.3577
18.3884
18.37407
18.40481
18.3793
18.41123
18.41011
18.43511
18.41908
18.45568
18.44675
18.46216
18.47664
18.48979
18.48185
18.51362
18.48706
18.52025
18.51596
18.53916
18.52395
18.55807
18.54521
18.56443
18.55157
18.59326
18.57793
18.6112
18.58679
18.62004
18.6097
18.6389
18.61607
18.64406
18.63494
18.66544
18.6413
18.67182
18.66014
18.67981
18.66653
18.68872
18.67541
18.70765
18.69098
18.71656
18.69997
18.73168
18.71139
18.73816
18.71666
18.76723
18.72193
18.79288
18.73595
18.7995
18.76023
18.83819
18.76845
18.8752
18.80536
18.90701
18.83408
18.91627
18.84326
18.93704
18.88198
18.94262
18.90518
18.95847
18.9143
18.96393
18.93204
18.99181
18.93974
18.99835
18.97526
19.01992
19.01095
19.04674
19.03648
19.052
19.04167
19.05725
19.04686
19.07278
19.07249
19.07801
19.0789
19.10941
19.10346
19.11748
19.10865
19.13636
19.11385
19.14531
19.13026
19.17581
19.13917
19.18491
19.17062
19.22022
19.19107
19.24714
19.22532
19.26612
19.24453
19.29066
19.24975
19.2959
19.25503
19.30121
19.28869
19.32703
19.31977
19.34596
19.32622
19.37473
19.34033
19.4
19.34854
19.40663
19.36267
19.42473
19.3692
19.43301
19.38332
19.44216
19.38871
19.46129
19.39407
19.46792
19.40564
19.47952
19.42217
19.48872
19.43591
19.5078
19.44443
19.51608
19.47546
19.54172
19.50722
19.56694
19.51263
19.59314
19.51805
19.63055
19.5552
19.63982
19.58181
19.66658
19.59103
19.67527
19.62756
19.69121
19.63681
19.69806
19.66459
19.72211
19.67138
19.75864
19.70348
19.78415
19.71277
19.79105
19.73591
19.81981
19.74279
19.82542
19.76881
19.84526
19.77727
19.86739
19.80532
19.88107
19.81211
19.88791
19.83076
19.91197
19.84002
19.93387
19.86734
19.95031
19.88666
19.95591
19.89598
19.96962
19.92459
19.9753
19.94365
19.98093
19.95298
20.00457
19.98764
20.03296
20.00189
20.05487
20.01118
20.07166
20.03823
20.08055
20.04755
20.1005
20.0692
20.12223
20.07841
20.12897
20.10759
20.15564
20.1131
20.18983
20.11858
20.20766
20.14766
20.21442
20.15433
20.23523
20.18411
20.25445
20.21323
20.28032
20.22243
20.28945
20.24856
20.31116
20.25775
20.32039
20.28302
20.32961
20.29188
20.35772
20.31996
20.3798
20.35408
20.40825
20.38391
20.43
20.39063
20.45422
20.41235
20.46352
20.41779
20.47022
20.42329
20.4866
20.44655
20.49585
20.45567
20.51747
20.47444
20.52301
20.48358
20.52857
20.50143
20.54739
20.53489
20.56743
20.55814
20.57417
20.58429
20.59479
20.58973
20.60315
20.59515
20.63387
20.63435
20.66063
20.66728
20.66991
20.674
20.68975
20.70206
20.71147
20.72682
20.74428
20.74586
20.77091
20.76797
20.8056
20.77358
20.81487
20.7792
20.85192
20.8038
20.87394
20.81305
20.89318
20.8474
20.89991
20.87824
20.9266
20.88751
20.9354
20.92086
20.96629
20.92791
20.97552
20.9559
21.00309
20.98118
21.03838
20.99051
21.04391
21.02874
21.04943
21.03549
21.08565
21.05843
21.11377
21.09548
21.14896
21.12243
21.1843
21.13732
21.2071
21.1464
21.21362
21.1705
21.25183
21.21004
21.28006
21.24166
21.30841
21.27336
21.34741
21.30194
21.38016
21.31129
21.38952
21.32683
21.41642
21.3337
21.4221
21.35216
21.42777
21.36161
21.44967
21.38368
21.45906
21.40488
21.48441
21.4313
21.50146
21.43904
21.52501
21.46258
21.55325
21.47827
21.58151
21.48516
21.58843
21.49448
21.60485
21.5088
21.62871
21.54364
21.63558
21.57519
21.6674
21.58068
21.6879
21.60997
21.6935
21.64653
21.73182
21.6751
21.76903
21.70242
21.80364
21.71159
21.83225
21.745
21.86474
21.7797
21.87024
21.81082
21.87576
21.82891
21.90722
21.86565
21.94578
21.92795
21.98263
21.95816
22.02015
21.98662
22.05013
22.00284
22.08786
22.03154
22.12271
22.07558
22.15951
22.11214
22.19362
22.13416
22.22875
22.15705
22.24551
22.18018
22.26329
22.24133
22.28848
22.28591
22.3116
22.31414
22.34518
22.32087
22.38362
22.35139
22.41989
22.38069
22.45273
22.41387
22.4885
22.44395
22.52558
22.46696
22.56512
22.50547
22.59903
22.61529
22.6386
22.66882
22.67435
22.69749
22.70996
22.72351
22.73991
22.72882
22.77575
22.73413
22.80662
22.76924
22.84179
22.79856
22.86864
22.80754
22.87763
22.84158
22.91391
22.87728
22.94671
22.89886
22.97502
22.90791
22.98043
22.94289
22.98581
22.96191
23.00413
22.99324
23.04298
23.00226
23.06456
23.01859
23.09781
23.02513
23.13278
23.07264
23.16494
23.11982
23.17393
23.13911
23.20437
23.20483
23.2285
23.22518
23.23745
23.27527
23.26649
23.29547
23.28447
23.32322
23.29219
23.33221
23.32183
23.37009
23.3283
23.38655
23.35402
23.39552
23.36308
23.42065
23.4012
23.42833
23.4363
23.46317
23.46492
23.47215
23.48751
23.50627
23.49649
23.53294
23.53388
23.55376
23.5669
23.56278
23.60089
23.59295
23.60759
23.62388
23.63752
23.65869
23.66776
23.68831
23.70591
23.72446
23.74027
23.75606
23.77336
23.78259
23.79981
23.81877
23.80883
23.82778
23.84797
23.86107
23.88109
23.86787
23.917
23.90629
23.95377
23.93959
23.98921
23.97804
24.02264
24.05139
24.06183
24.08666
24.08836
24.12147
24.10361
24.15706
24.13716
24.1917
24.17145
24.22774
24.19691
24.265
24.2198
24.27399
24.22627
24.30565
24.25827
24.33154
24.29379
24.36447
24.31942
24.39581
24.35361
24.42862
24.38746
24.43383
24.41474
24.43906
24.42369
24.4583
24.44951
24.46721
24.45473
24.50398
24.47503
24.51206
24.48394
24.54143
24.50385
24.55036
24.51793
24.56431
24.52439
24.60526
24.54836
24.62413
24.5668
24.65254
24.5732
24.66149
24.60084
24.69156
24.633
24.71282
24.6594
24.75668
24.69502
24.7953
24.73195
24.8259
24.76788
24.86419
24.80345
24.89737
24.83847
24.93331
24.8741
24.95956
24.9021
24.99257
24.90862
25.02911
24.94634
25.0344
24.97522
25.06383
25.00326
25.10096
25.03979
25.13838
25.07354
25.17503
25.10899
25.20853
25.14218
25.24079
25.17286
25.27448
25.20934
25.34021
25.24681
25.36547
25.27711
25.37192
25.30465
25.3996
25.33255
25.42387
25.3391
25.43286
25.37496
25.46547
25.40491
25.47454
25.43721
25.50868
25.47415
25.53442
25.5066
25.57825
25.54373
25.60704
25.57773
25.64347
25.58429
25.67677
25.62114
25.71233
25.65337
25.7476
25.68021
25.75542
25.68783
25.78835
25.72406
25.82632
25.73059
25.83523
25.76638
25.87027
25.79806
25.90648
25.80692
25.93564
25.84427
25.94448
25.86719
25.97586
25.90246
25.98099
25.92131
25.98612
25.95585
25.99746
25.98794
26.02021
25.99563
26.03626
26.03248
26.07206
26.05644
26.09588
26.06397
26.11469
26.09274
26.14143
26.10049
26.15022
26.13432
26.17409
26.16871
26.18807
26.18662
26.21371
26.19298
26.22008
26.2293
26.25041
26.26712
26.25928
26.2872
26.29083
26.2936
26.29968
26.32971
26.32948
26.33858
26.33839
26.36217
26.36611
26.36857
26.3913
26.40201
26.42371
26.40839
26.43177
26.44217
26.46318
26.46474
26.49806
26.4699
26.53207
26.47506
26.55544
26.49894
26.56185
26.52697
26.59456
26.53498
26.62455
26.55168
26.65209
26.55805
26.65979
26.57394
26.68126
26.595
26.68891
26.61891
26.72038
26.62528
26.75638
26.66172
26.79239
26.68938
26.82809
26.72689
26.86286
26.75466
26.86928
26.77855
26.8921
26.78747
26.89727
26.82346
26.90244
26.85043
26.92085
26.85934
26.92605
26.89196
26.93126
26.89964
26.95655
26.92415
26.96296
26.95169
26.99262
26.95811
27.02962
26.99136
27.04516
26.99781
27.10398
27.02592
27.13437
27.05365
27.16811
27.07593
27.17586
27.10814
27.2064
27.14605
27.24454
27.18115
27.25363
27.21699
27.29258
27.25217
27.32712
27.26127
27.35292
27.29046
27.37638
27.31706
27.38545
27.33011
27.40198
27.33539
27.42171
27.34066
27.43076
27.3659
27.45371
27.39016
27.46014
27.39661
27.48319
27.43002
27.5172
27.46298
27.54579
27.50067
27.57236
27.52723
27.61068
27.5486
27.61846
27.57375
27.65454
27.59581
27.67881
27.60255
27.7108
27.63322
27.71722
27.65325
27.75275
27.65842
27.77815
27.69658
27.81318
27.72558
27.82212
27.73202
27.85074
27.76742
27.88624
27.80216
27.92036
27.80854
27.95353
27.84266
27.96247
27.87506
27.99151
27.90674
28.02646
27.93679
28.04876
27.94478
28.07568
27.97988
28.0809
27.9888
28.08613
28.01772
28.11516
28.05213
28.14629
28.08554
28.15523
28.1181
28.1902
28.15517
28.22457
28.17903
28.25819
28.18547
28.28457
28.21155
28.29219
28.24936
28.32695
28.27585
28.35377
28.30554
28.38938
28.33137
28.41617
28.35302
28.42512
28.36199
28.44801
28.39812
28.4557
28.43054
28.49422
28.46628
28.52462
28.50342
28.56293
28.51254
28.57195
28.54409
28.60683
28.57696
28.65638
28.61009
28.6903
28.64212
28.72717
28.68023
28.73622
28.71177
28.77345
28.75028
28.8074
28.75839
28.84187
28.79304
28.86674
28.8288
28.90258
28.8577
28.9359
28.89767
28.96426
28.92834
28.97108
28.95541
28.99835
28.97752
29.03361
29.01289
29.06199
29.04004
29.11473
29.07478
29.13871
29.09269
29.17185
29.12802
29.20839
29.13706
29.24364
29.1698
29.27611
29.2044
29.30996
29.23093
29.31645
29.26694
29.3546
29.30544
29.38706
29.33336
29.42087
29.34233
29.45619
29.37173
29.46258
29.37821
29.49142
29.40416
29.51155
29.41236
29.51671
29.44375
29.52188
29.45261
29.5458
29.47476
29.56888
29.4799
29.59341
29.48507
29.62017
29.52036
29.62787
29.55207
29.66682
29.58832
29.69917
29.61672
29.72898
29.62311
29.73541
29.65339
29.77018
29.68884
29.7967
29.72426
29.83795
29.75921
29.86038
29.78716
29.88873
29.79245
29.92223
29.82178
29.95371
29.85436
29.98617
29.88982
30.01905
29.92092
30.06987
29.95505
30.07633
29.98793
30.10107
30.01014
30.12755
30.04379
30.15965
30.08047
30.19318
30.11618
30.22824
30.15205
30.26411
30.18723
30.29837
30.21813
30.33244
30.25562
30.37087
30.2922
30.40755
30.32806
30.44242
30.36298
30.47718
30.39532
30.5153
30.42849
30.55057
30.46058
30.5861
30.46689
30.61658
30.49723
30.63995
30.50608
30.64877
30.54287
30.68301
30.58479
30.71766
30.61757
30.75517
30.6405
30.78823
30.64936
30.82388
30.68432
30.85513
30.72073
30.88666
30.75672
30.91881
30.79386
30.92782
30.82953
30.9648
30.86368
30.99628
30.89543
31.03066
30.90301
31.06698
30.93907
31.1014
30.97309
31.13556
31.00841
31.16753
31.04429
31.20602
31.08075
31.23994
31.11992
31.27762
31.15457
31.31345
31.19161
31.34979
31.22534
31.38754
31.26364
31.42168
31.29701
31.45757
31.33252
31.49544
31.37053
31.53259
31.40747
31.56857
31.44255
31.60445
31.47405
31.63908
31.50668
31.67431
31.5438
31.68325
31.57886
31.72019
31.61228
31.75689
31.64545
31.79492
31.68226
31.82897
31.71789
31.86275
31.7539
31.8999
31.78331
31.93407
31.81015
31.96818
31.84534
31.97458
31.87488
32.00783
31.91095
32.04569
31.9475
32.07904
31.97939
32.11359
32.01436
32.14753
32.05368
32.17748
32.06123
32.21214
32.09425
32.24859
32.13478
32.28641
32.17167
32.31982
32.20331
32.34727
32.23271
32.38012
32.26651
32.41705
32.30383
32.45083
32.31826
32.48679
32.34335
32.52149
32.37572
32.55684
32.40941
32.59077
32.44249
32.62946
32.47721
32.66319
32.51511
32.70049
32.58242
32.73778
32.61812
32.77059
32.65227
32.8039
32.68859
32.84016
32.7248
32.87607
32.75607
32.91058
32.79039
32.9437
32.8265
32.97977
32.86077
33.01377
32.8672
33.04309
32.89306
33.07638
32.9281
33.11264
32.96149
33.14048
32.99636
33.17459
33.02644
33.17969
33.03279
33.19364
33.05775
33.20246
33.06288
33.23315
33.06796
33.24197
33.09809
33.24831
33.13
33.27089
33.16461
33.29554
33.19113
33.33183
33.21294
33.36772
33.23905
33.40009
33.27111
33.40646
33.30595
33.43948
33.3148
33.47044
33.34985
33.50443
33.38564
33.53856
33.42001
33.57557
33.4578
33.60392
33.48837
33.6128
33.52366
33.67405
33.55697
33.70462
33.58865
33.72464
33.61889
33.75437
33.65525
33.81168
33.69232
33.85633
33.72963
33.88884
33.76665
33.92603
33.80312
33.95753
33.81197
33.96634
33.84682
33.99773
33.87437
34.02818
33.91175
34.06267
33.9463
34.08898
33.9804
34.09534
34.01754
34.13048
34.05236
34.16666
34.08524
34.233
34.12279
34.26235
34.15913
34.29113
34.18652
34.29749
34.19535
34.32135
34.23414
34.34346
34.26922
34.37486
34.30353
34.41123
34.33978
34.44576
34.37682
34.48343
34.40821
34.51234
34.43765
34.54599
34.44649
34.58162
34.48413
34.61626
34.50282
34.67649
34.53914
34.71431
34.56632
34.73173
34.58642
34.75451
34.60644
34.76086
34.64418
34.78587
34.6755
34.82109
34.6991
34.84876
34.70419
34.85754
34.73404
34.89241
34.76825
34.92491
34.80348
34.96017
34.8375
34.99375
34.87552
35.01392
34.90561
35.02022
34.91441
35.05041
34.9458
35.08291
34.95213
35.08922
34.98098
35.11511
34.9873
35.14439
35.02068
35.15322
35.05634
35.17848
35.08764
35.19994
35.10361
35.22655
35.11246
35.25556
35.13456
35.28325
35.16417
35.31584
35.19611
35.35063
35.23212
35.38174
35.26894
35.38984
35.30262
35.42563
35.31036
35.46454
35.3446
35.50219
35.35352
35.54114
35.38863
35.57654
35.42282
35.60918
35.46056
35.64719
35.49529
35.67781
35.53094
35.71364
35.56184
35.74889
35.59895
35.78428
35.63591
35.8207
35.66732
35.85793
35.70474
35.88097
35.74228
35.88977
35.77947
35.93243
35.81394
35.95395
35.84133
35.96276
35.87519
36.00161
35.90652
36.02697
35.94232
36.06453
35.98106
36.10212
36.01574
36.13995
36.05134
36.17658
36.06018
36.2127
36.09633
36.24546
36.13153
36.27883
36.16526
36.31555
36.19628
36.34382
36.23181
36.38035
36.26358
36.41663
36.2985
36.44903
36.32727
36.48552
36.35506
36.52207
36.38146
36.55528
36.41294
36.59118
36.44761
36.62754
36.48265
36.63643
36.5195
36.67146
36.5539
36.70173
36.59064
36.73629
36.62587
36.7709
36.66198
36.80845
36.69494
36.84395
36.73271
36.88256
36.76818
36.91478
36.80333
36.95199
36.8391
36.98721
36.87721
37.02502
36.9136
37.06181
36.9491
37.09688
36.98461
37.13095
37.0188
37.16829
37.0534
37.20461
37.08658
37.23869
37.12308
37.27211
37.15471
37.29855
37.1875
37.34393
37.22646
37.36992
37.23533
37.37878
37.26931
37.41486
37.30268
37.44992
37.33732
37.48581
37.37219
37.52061
37.40659
37.55706
37.44372
37.59264
37.47945
37.629
37.51625
37.66577
37.55074
37.70186
37.58967
37.73974
37.62629
37.77597
37.6601
37.81235
37.69517
37.84913
37.73186
37.8839
37.76794
37.92057
37.80153
37.95538
37.83895
37.9911
37.87038
38.02544
37.90556
38.06039
37.94214
38.09745
37.97589
38.13416
38.01261
38.1707
38.04984
38.20082
38.08402
38.23469
38.1179
38.26859
38.1543
38.29383
38.1894
38.30016
38.22281
38.32403
38.23031
38.33035
38.26383
38.3605
38.30053
38.39526
38.33413
38.46758
38.37186
38.50573
38.40873
38.53281
38.44387
38.56917
38.46743
38.60371
38.47531
38.63952
38.50719
38.64753
38.54376
38.67328
38.57704
38.70659
38.60857
38.73906
38.64316
38.77298
38.67963
38.80769
38.71214
38.84343
38.74133
38.88107
38.77838
38.90891
38.8099
38.93948
38.81503
38.97377
38.84743
39.00777
38.88121
39.04286
38.91351
39.08089
38.94627
39.11174
38.98291
39.14126
39.01545
39.17169
39.04775
39.20546
39.07289
39.24067
39.10803
39.27457
39.14202
39.31128
39.1788
39.34446
39.2103
39.38226
39.24282
39.41274
39.2758
39.44919
39.31072
39.48467
39.3458
39.52029
39.38213
39.54787
39.41515
39.55427
39.44285
39.58476
39.44924
39.61735
39.48507
39.64638
39.5206
39.65529
39.55499
39.69238
39.58694
39.72755
39.6205
39.75773
39.65312
39.79179
39.6855
39.81903
39.72121
39.8559
39.75399
39.89085
39.78511
39.92419
39.81832
39.96016
39.85209
39.99279
39.88715
40.03023
39.91462
40.06641
39.92246
40.10463
39.95902
40.13801
39.99617
40.17355
40.02802
40.20509
40.06294
40.24003
40.09922
40.27757
40.13723
40.31363
40.17461
40.35086
40.21227
40.3871
40.21867
40.4235
40.24911
40.45959
40.28811
40.49645
40.32476
40.52998
40.36052
40.56445
40.39386
40.5984
40.42588
40.63677
40.4611
40.67173
40.49796
40.71093
40.53523
40.74799
40.54302
40.7809
40.58182
40.81809
40.61415
40.85089
40.65176
40.89116
40.68667
40.92591
40.72651
40.95976
40.75792
40.99702
40.79034
41.03214
40.82518
41.07132
40.8598
41.08037
40.8969
41.11844
40.93036
41.14986
40.96476
41.18649
41.0006
41.22231
41.03729
41.26012
41.07234
41.29666
41.10843
41.3333
41.14017
41.36934
41.17746
41.40146
41.21695
41.43932
41.25414
41.47708
41.29367
41.51311
41.32626
41.55003
41.36259
41.58749
41.39711
41.62248
41.43127
41.65253
41.46231
41.69163
41.49814
41.72795
41.53321
41.76217
41.56881
41.80187
41.60699
41.8404
41.64322
41.87488
41.67582
41.94436
41.71151
41.97999
41.74727
42.01344
41.78431
42.04894
41.81601
42.08454
41.8513
42.1072
41.88889
42.11522
41.92249
42.141
41.95859
42.18365
41.99465
42.22218
42.03068
42.25543
42.06665
42.29024
42.09993
42.32852
42.13486
42.36498
42.17163
42.40513
42.21094
42.44145
42.23851
42.47865
42.27429
42.51281
42.30901
42.55164
42.34205
42.58694
42.3783
42.62283
42.41418
42.65926
42.44982
42.66693
42.48468
42.70257
42.51923
42.74049
42.55903
42.77781
42.59483
42.8153
42.6228
42.85007
42.65788
42.883
42.66667
42.88812
42.70053
42.9159
42.73697
42.95376
42.77259
42.99133
42.80539
43.0178
42.83927
43.05298
42.87753
43.12529
42.91393
43.16431
42.94796
43.19868
42.97911
43.23661
43.01611
43.2724
43.05326
43.30927
43.08989
43.3423
43.12448
43.37922
43.15884
43.38816
43.1949
43.42702
43.23375
43.46435
43.27133
43.5379
43.30792
43.57346
43.34149
43.61205
43.37637
43.64938
43.41326
43.68567
43.45028
43.72197
43.48612
43.76011
43.52164
43.79843
43.56081
43.83693
43.59893
43.87029
43.63605
43.9069
43.67318
43.94497
43.70772
43.9822
43.7439
44.02047
43.77921
44.05625
43.81356
44.09305
43.85263
44.12969
43.88837
44.16848
43.92502
44.20278
43.95939
44.24041
43.99495
44.27424
44.03173
44.31224
44.06556
44.34858
44.10048
44.38536
44.13617
44.42072
44.17149
44.45932
44.20932
44.49604
44.24168
44.53101
44.27533
44.56625
44.31361
44.6052
44.34724
44.64119
44.38406
44.67905
44.41879
44.7154
44.45332
44.74961
44.52184
44.78578
44.55913
44.82235
44.59445
44.85881
44.63199
44.89395
44.66796
44.93065
44.70533
44.96768
44.73885
45.00145
44.77417
45.03912
44.80852
45.07505
44.8456
45.11087
44.88086
45.14741
44.91752
45.18343
44.95345
45.21921
44.99098
45.25561
45.02611
45.29085
45.06132
45.3264
45.09588
45.36106
45.12773
45.39751
45.16241
45.4341
45.20028
45.47195
45.23504
45.51013
45.27305
45.54794
45.30907
45.58559
45.3455
45.62515
45.37937
45.66295
45.41199
45.69886
45.44746
45.7342
45.48473
45.77178
45.51693
45.8097
45.55773
45.84619
45.59261
45.88124
45.63088
45.91901
45.66972
45.95301
45.70369
45.98815
45.73881
46.02324
45.77128
46.06386
45.8068
46.09741
45.8429
46.1352
45.87786
46.17106
45.91264
46.20649
45.94785
46.24276
45.9856
46.28026
46.02297
46.31624
46.05851
46.34764
46.09024
46.38451
46.1239
46.41988
46.16271
46.45559
46.20041
46.48955
46.23406
46.5272
46.26958
46.56182
46.30463
46.60007
46.33983
46.63303
46.37786
46.70559
46.41435
46.77706
46.45075
46.8122
46.48888
46.84946
46.52452
46.88788
46.56276
46.92224
46.59795
46.95782
46.6329
46.98969
46.66631
47.02742
46.7045
47.0633
46.73832
47.09985
46.77496
47.13749
46.80853
47.17405
46.84419
47.21036
46.87959
47.24787
46.91747
47.28354
46.95628
47.32014
46.9896
47.35625
47.02238
47.39432
47.05754
47.42981
47.09669
47.46692
47.1324
47.50589
47.16888
47.54365
47.20357
47.58154
47.24119
47.61852
47.27813
47.64851
47.31663
47.68438
47.34974
47.72283
47.38574
47.76101
47.42171
47.79668
47.45844
47.83395
47.49569
47.86859
47.53149
47.90583
47.56764
47.93808
47.60556
47.97533
47.64237
48.00631
47.67818
48.04234
47.71346
48.07929
47.75105
48.11696
47.78876
48.15502
47.82236
48.18703
47.85756
48.22121
47.89127
48.25704
47.9262
48.29457
47.96311
48.33001
48.00105
48.36165
48.03745
48.3944
48.07451
48.43336
48.10881
48.47072
48.14614
48.50459
48.18096
48.53569
48.21326
48.57002
48.24941
48.59901
48.28256
48.63348
48.31963
48.67115
48.35838
48.70573
48.39276
48.73959
48.42907
48.77174
48.4631
48.80828
48.49601
48.84331
48.53267
48.87687
48.56852
48.91334
48.60577
48.95081
48.64239
48.98611
48.67912
49.02402
48.7164
49.06104
48.75227
49.09361
48.78756
49.12723
48.82188
49.1642
48.85737
49.20113
48.89497
49.23343
48.93406
49.26725
48.96972
49.30417
49.00495
49.34153
49.04073
49.37582
49.07898
49.40366
49.11463
49.44236
49.15143
49.47839
49.18814
49.51402
49.22576
49.58511
49.25957
49.62106
49.2948
49.65678
49.33218
49.69517
49.36858
49.7322
49.40649
49.76594
49.44361
49.80417
49.47643
49.83904
49.51564
49.877
49.55383
49.91601
49.59021
49.95216
49.62648
49.98976
49.66556
50.02868
49.70472
50.0675
49.74085
50.104
49.7765
50.14109
49.81393
50.17804
49.84951
50.21554
49.88932
50.25363
49.92721
50.29345
49.96429
50.32929
50.00216
50.36781
50.0383
50.40327
50.0754
50.43832
50.11316
50.47633
50.15115
50.51251
50.18661
50.55041
50.22284
50.58534
50.2588
50.62177
50.29008
50.65963
50.32739
50.69534
50.36533
50.73256
50.40081
50.77167
50.4381
50.80929
50.47758
50.84581
50.5152
50.88374
50.55229
50.92049
50.5883
50.9543
50.62392
50.99107
50.65961
51.02877
50.69626
51.06476
50.7344
51.09964
50.76966
51.1367
50.80614
51.17416
50.84237
51.21082
50.88189
51.24866
50.9196
51.2864
50.95537
51.3227
50.98948
51.35974
51.02748
51.39557
51.06089
51.43145
51.09858
51.46662
51.13401
51.50391
51.17239
51.54461
51.21299
51.58069
51.25119
51.61746
51.28968
51.65559
51.32606
51.69426
51.36331
51.73166
51.39959
51.769
51.43612
51.80499
51.47529
51.84306
51.50983
51.88217
51.54938
51.92069
51.58864
51.95731
51.62843
51.99647
51.66756
52.03381
51.70287
52.07155
51.74138
52.10878
51.77756
52.14703
51.81416
52.18391
51.85233
52.22124
51.89005
52.25412
51.92695
52.29465
51.96598
52.32865
52.00235
52.36367
52.04018
52.39042
52.07586
52.42945
52.11485
52.45967
52.152
52.4964
52.18586
52.52845
52.22384
52.564
52.25674
52.603
52.2957
52.63591
52.33385
52.67228
52.37065
52.70424
52.40639
52.7403
52.44383
52.77935
52.48359
52.81597
52.51984
52.89283
52.55591
52.9268
52.5931
52.96606
52.63108
53.00347
52.66985
53.04312
52.7093
53.08158
52.74736
53.11774
52.78524
53.15846
52.82275
53.19473
52.85984
53.23386
52.89807
53.27295
52.93345
53.31247
52.97187
53.34915
53.01036
53.38678
53.04935
53.4248
53.08766
53.46025
53.12665
53.49612
53.16331
53.53292
53.2013
53.56631
53.2397
53.60278
53.27565
53.64193
53.31464
53.68027
53.34932
53.71805
53.38684
53.75721
53.42593
53.79539
53.46334
53.83324
53.50213
53.86953
53.53807
53.90699
53.57629
53.94453
53.6138
53.98197
53.6534
54.02017
53.69197
54.05875
53.72921
54.0917
53.75795
54.12866
53.79395
54.16285
53.83175
54.2019
53.8707
54.23924
53.90489
54.27385
53.94262
54.3119
53.98063
54.34412
54.0171
54.38464
54.05594
54.42241
54.0938
54.4573
54.12659
54.49234
54.16153
54.52521
54.19799
54.5657
54.23835
54.60376
54.27352
54.63927
54.31119
54.67837
54.35025
54.71664
54.38987
54.75571
54.42814
54.79479
54.46747
54.83156
54.50259
54.86692
54.53957
54.90446
54.57434
54.94311
54.61175
54.97642
54.64757
55.01213
54.68564
55.05074
54.72171
55.08577
54.75824
55.12358
54.79495
55.16006
54.83395
55.19777
54.87064
55.23757
54.90917
55.27497
54.94635
55.31204
54.98268
55.34967
55.0179
55.38252
55.05537
55.41954
55.09016
55.45141
55.12336
55.48773
55.16237
55.52206
55.20139
55.55969
55.23511
55.56856
55.26457
55.60443
55.3006
55.64088
55.32215
55.67483
55.33098
55.71256
55.36222
55.74867
55.39793
55.78594
55.43444
55.82153
55.4693
55.85908
55.50394
55.89736
55.54044
55.93545
55.5764
55.97161
55.61166
56.00632
55.64904
56.04437
55.687
56.08203
55.72598
56.12074
55.76338
56.15685
55.77238
56.19251
55.81021
56.23162
55.84802
56.27075
55.88431
56.30608
55.9216
56.34428
55.95427
56.38124
55.99015
56.41867
56.02817
56.45514
56.06618
56.49093
56.10386
56.52996
56.1433
56.56949
56.18095
56.60755
56.219
56.6471
56.24907
56.68292
56.28702
56.71948
56.32602
56.75843
56.36117
56.79914
56.39997
56.83734
56.43692
56.87167
56.47335
56.90633
56.50858
56.94495
56.54361
56.98568
56.58119
57.02289
56.61851
57.05827
56.65764
57.09499
56.69608
57.13449
56.73467
57.17349
56.77353
57.21335
56.81031
57.25129
56.84554
57.28639
56.88063
57.32633
56.91817
57.36497
56.95635
57.40327
56.99197
57.43986
57.02652
57.4791
57.06626
57.51697
57.10482
57.55491
57.14193
57.59091
57.1777
57.62933
57.21378
57.66446
57.2514
57.70215
57.28888
57.74016
57.32665
57.77922
57.36531
57.81675
57.40377
57.85426
57.44145
57.89104
57.4787
57.9277
57.51743
57.96399
57.55088
58.00308
57.58741
58.03733
57.62438
58.07644
57.66322
58.11526
57.70166
58.15355
57.73804
58.1902
57.77717
58.22852
57.81482
58.26514
57.85131
58.30437
57.88706
58.34126
57.92318
58.37965
57.9615
58.41518
57.99952
58.45267
58.03542
58.49187
58.07223
58.53058
58.1115
58.5665
58.14859
58.6052
58.18669
58.64278
58.2238
58.68135
58.25887
58.71737
58.29626
58.75651
58.33409
58.79054
58.37033
58.82829
58.4083
58.86604
58.44415
58.90377
58.4817
58.9406
58.51953
58.97429
58.55518
59.0133
58.59261
59.05283
58.62935
59.08996
58.66581
59.12244
58.73336
59.15952
58.77076
59.19551
58.8187
59.23338
58.85648
59.26979
58.89451
59.31025
58.93201
59.34619
58.96872
59.38677
59.00757
59.42493
59.04241
59.46163
59.08017
59.50077
59.11794
59.53989
59.15702
59.577
59.19024
59.61123
59.22337
59.6493
59.25989
59.6874
59.29817
59.72454
59.33379
59.7626
59.37161
59.80082
59.40942
59.8375
59.44784
59.87828
59.48856
59.91655
59.52782
59.95337
59.56502
59.99434
59.60169
60.03341
59.64241
60.07174
59.68154
60.11049
59.71942
60.14968
59.75664
60.18659
59.79462
60.22387
59.833
60.26313
59.86857
60.3018
59.90709
60.33863
59.94641
60.3797
60.0239
60.41795
60.06199
60.45658
60.10141
60.49782
60.14066
60.53592
60.18016
60.57553
60.21965
60.61503
60.25677
60.65142
60.29517
60.68964
60.33348
60.72714
60.37066
60.76451
60.41095
60.80276
60.4499
60.83787
60.48664
60.87741
60.52579
60.91557
60.56517
60.95247
60.60337
60.99251
60.63889
61.03161
60.67538
61.06857
60.71518
61.10643
60.75445
61.14724
60.79398
61.18544
60.83198
61.22202
60.86847
61.25953
60.90601
61.29837
60.94019
61.33341
60.9789
61.37211
61.01593
61.4103
61.05426
61.44637
61.09192
61.48726
61.13263
61.52639
61.17186
61.56414
61.2106
61.60128
61.24844
61.63793
61.28535
61.67556
61.32107
61.71233
61.36016
61.74913
61.39944
61.78639
61.43634
61.82694
61.47485
61.86521
61.51381
61.90463
61.55146
61.943
61.58909
61.97941
61.62688
62.01727
61.66369
62.05651
61.7028
62.09542
61.74247
62.13453
61.78169
62.17309
61.8207
62.21314
61.85918
62.25083
61.89835
62.29006
61.9376
62.32882
61.97519
62.36608
62.01308
62.40172
62.05046
62.44072
62.0769
62.48054
62.11351
62.50327
62.14999
62.53648
62.1874
62.56951
62.21983
62.59343
62.25127
62.62223
62.28918
62.66113
62.32613
62.69724
62.36001
62.73253
62.3918
62.76842
62.42897
62.80837
62.46631
62.84457
62.50256
62.88398
62.543
62.92254
62.57908
62.95834
62.65608
62.99656
62.69437
63.0358
62.7295
63.07641
62.76708
63.11028
62.8053
63.15097
62.84292
63.18846
62.88217
63.22799
62.92064
63.26407
62.95758
63.30407
62.99637
63.34328
63.03379
63.38152
63.07217
63.4204
63.11136
63.45911
63.15038
63.49732
63.18556
63.53675
63.22648
63.57734
63.26583
63.61571
63.30441
63.65391
63.34252
63.69217
63.38363
63.73062
63.41751
63.76948
63.45636
63.80974
63.49669
63.84815
63.53593
63.88774
63.57335
63.92655
63.61123
63.96429
63.64804
64.00197
63.68732
64.04076
63.72532
64.07858
63.7646
64.11775
63.80347
64.15555
63.84024
64.19477
63.8796
64.23362
63.91872
64.27151
63.95795
64.30859
63.9945
64.34555
64.0316
64.38079
64.06463
64.41982
64.10139
64.45428
64.13685
64.49309
64.17228
64.52982
64.20857
64.5706
64.24616
64.60913
64.28535
64.64708
64.31956
64.68344
64.3575
64.71973
64.39674
64.75684
64.43521
64.79578
64.47401
64.83512
64.51296
64.87342
64.55084
64.9141
64.58902
64.95315
64.62828
64.9918
64.66756
65.02971
64.70365
65.06947
64.74445
65.10871
64.7833
65.14823
64.8207
65.18596
64.85929
65.22501
64.89857
65.26346
64.93503
65.30303
64.97536
65.341
65.01464
65.38027
65.053
65.41764
65.0893
65.45587
65.12753
65.49316
65.16119
65.53139
65.20032
65.5707
65.27768
65.60915
65.31305
65.64709
65.35208
65.68487
65.39249
65.72548
65.42999
65.76266
65.47078
65.80254
65.50344
65.83569
65.54185
65.86814
65.57981
65.90475
65.61758
65.94364
65.65574
65.98245
65.66461
66.02118
65.70127
66.05907
65.74104
66.09723
65.77763
66.13498
65.82502
66.17403
65.86177
66.21078
65.8996
66.24729
65.93736
66.285
65.97427
66.32306
66.0122
66.3616
66.04838
66.40005
66.08405
66.43723
66.12321
66.47324
66.16206
66.51244
66.19975
66.55126
66.23637
66.58916
66.27546
66.62726
66.31405
66.66648
66.35319
66.70464
66.39117
66.74398
66.42867
66.77882
66.46587
66.81809
66.50478
66.85737
66.5457
66.8952
66.58278
66.93308
66.62209
66.97321
66.66278
67.01194
66.70177
67.05186
66.74194
67.09105
66.78114
67.12912
66.81995
67.1665
66.85675
67.20509
66.89462
67.24584
66.93401
67.2841
66.97338
67.32146
67.01178
67.36026
67.05115
67.40081
67.08907
67.43987
67.12926
67.47872
67.16765
67.51541
67.206
67.55457
67.24461
67.59288
67.28367
67.63262
67.32178
67.67059
67.35982
67.71028
67.39869
67.74923
67.43643
67.78708
67.47438
67.82655
67.51237
67.86318
67.5498
67.89946
67.58831
67.93854
67.62866
67.97917
67.66778
68.0181
67.70682
68.05788
67.74597
68.09711
67.78508
68.13573
67.82338
68.17499
67.86265
68.2133
67.9017
68.25129
67.94
68.28963
67.97946
68.33022
68.01863
68.36948
68.05817
68.40752
68.09716
68.44502
68.13686
68.48415
68.17361
68.52202
68.21447
68.56155
68.25214
68.59792
68.29062
68.63795
68.32986
68.67532
68.36923
68.71618
68.4082
68.75532
68.44622
68.7935
68.4851
68.83273
68.52361
68.87058
68.56149
68.90336
68.59908
68.9409
68.63979
68.98101
68.67767
69.01868
68.71629
69.05708
68.7532
69.09539
68.79273
69.13583
68.832
69.17245
68.86861
69.21229
68.90701
69.24987
68.94566
69.28473
68.98219
69.32018
69.02035
69.35957
69.05835
69.40056
69.09624
69.44003
69.13563
69.48104
69.17508
69.51951
69.21372
69.55745
69.25204
69.59686
69.29195
69.63801
69.33151
69.67563
69.37116
69.71702
69.41119
69.75618
69.45045
69.7965
69.49097
69.8363
69.5305
69.87608
69.57145
69.91555
69.61095
69.95493
69.68983
69.99384
69.72926
70.03306
69.76859
70.07246
69.80958
70.11139
69.84743
70.15039
69.88687
70.18954
69.92628
70.22878
69.96555
70.26799
70.00478
70.30745
70.04401
70.34666
70.08212
70.38574
70.12056
70.42409
70.15941
70.46277
70.19879
70.49986
70.23681
70.53905
70.27599
70.57856
70.3142
70.61668
70.35316
70.65607
70.39097
70.69517
70.42895
70.73431
70.46861
70.77068
70.50629
70.8086
70.54604
70.8459
70.58263
70.88313
70.61922
70.92123
70.65728
70.96154
70.69516
71.00011
70.73251
71.03822
70.77168
71.07753
70.81039
71.11562
70.84971
71.15488
70.88766
71.19138
70.92519
71.22991
70.96381
71.26819
71.00246
71.30824
71.04012
71.34453
71.07758
71.38149
71.11193
71.42053
71.15065
71.45901
71.187
71.49597
71.2266
71.53221
71.26434
71.56947
71.30273
71.60685
71.34023
71.64378
71.37774
71.68262
71.41568
71.72156
71.45236
71.75957
71.49005
71.79789
71.52631
71.8354
71.56505
71.8743
71.60429
71.91235
71.64202
71.95152
71.67986
71.99172
71.71999
72.02981
71.75875
72.07068
71.79802
72.11005
71.83654
72.15123
71.87392
72.18924
71.91313
72.22917
71.95256
72.26721
71.99183
72.30803
72.03117
72.34737
72.0722
72.38714
72.11145
72.4265
72.15154
72.46567
72.19083
72.50499
72.22994
72.54167
72.26923
72.58094
72.30847
72.61907
72.34594
72.6566
72.38415
72.69569
72.42346
72.73507
72.46199
72.77382
72.50053
72.81116
72.53867
72.84928
72.57787
72.88853
72.61637
72.92741
72.65337
72.96641
72.69154
73.00407
72.73051
73.04192
72.76859
73.0799
72.80949
73.11906
72.84641
73.15572
72.8851
73.19214
72.92152
73.23215
72.9609
73.27071
72.99961
73.30653
73.03642
73.34529
73.07558
73.38597
73.11475
73.42444
73.15408
73.46547
73.19064
73.50297
73.22991
73.54214
73.26801
73.58049
73.30526
73.61983
73.34294
73.65978
73.38023
73.69701
73.41764
73.73597
73.45583
73.77338
73.49522
73.81223
73.53241
73.85001
73.57327
73.88922
73.61249
73.92496
73.65005
73.96272
73.68733
74.00089
73.72628
74.03904
73.76569
74.07693
73.8046
74.1152
73.84366
74.15227
73.88023
74.1916
73.91863
74.23035
73.95787
74.26882
73.99599
74.30646
74.03512
74.34451
74.07343
74.38333
74.11198
74.42057
74.14877
74.45946
74.18787
74.49868
74.22771
74.53687
74.26608
74.57745
74.30454
74.61575
74.34312
74.65427
74.38349
74.69334
74.42294
74.7323
74.46088
74.7692
74.4951
74.80913
74.53432
74.84826
74.57466
74.88664
74.61386
74.92567
74.65002
74.96597
74.68874
75.00509
74.72913
75.04435
74.76816
75.07924
74.80765
75.11652
74.84114
75.1544
74.87907
75.19256
74.91607
75.23077
74.95543
75.2701
74.99632
75.30947
75.03573
75.34789
75.07513
75.38738
75.11348
75.42537
75.1902
75.46182
75.22547
75.49931
75.26344
75.53835
75.30246
75.57759
75.34121
75.61666
75.37678
75.6571
75.41526
75.69451
75.4539
75.73485
75.49146
75.77183
75.52843
75.80946
75.56558
75.8453
75.60279
75.88287
75.64082
75.92121
75.67878
75.96011
75.71664
75.99925
75.75569
76.03851
75.79398
76.07275
75.8317
76.11159
75.86848
76.14792
75.90581
76.18724
75.94355
76.22514
76.01994
76.26272
76.05851
76.30283
76.09729
76.34189
76.13823
76.38016
76.17733
76.41822
76.21661
76.45723
76.25479
76.4964
76.29385
76.53568
76.33254
76.57125
76.37016
76.61053
76.40886
76.64978
76.44826
76.68763
76.48652
76.72363
76.52384
76.76286
76.56313
76.80151
76.60155
76.83933
76.64069
76.87648
76.6782
76.91467
76.75299
76.95222
76.79217
76.99048
76.83134
77.02967
76.87067
77.06715
76.9068
77.10411
76.94466
77.14279
76.98389
77.18204
77.02183
77.22169
77.06008
77.26088
77.09932
77.30007
77.13757
77.33804
77.17686
77.3751
77.21365
77.41366
77.24986
77.45092
77.28905
77.49019
77.32898
77.52938
77.36794
77.56873
77.40511
77.60781
77.4834
77.64853
77.52249
77.68552
77.56126
77.72462
77.5994
77.76389
77.63613
77.8023
77.67543
77.84164
77.71477
77.88103
77.75361
77.92032
77.79126
77.95862
77.83041
77.99662
77.86837
78.03474
77.90768
78.07338
77.94402
78.11276
77.98212
78.15056
78.02111
78.19005
78.06211
78.23129
78.10155
78.27036
78.14263
78.31161
78.18205
78.3508
78.22056
78.39046
78.25983
78.42987
78.29794
78.47014
78.33479
78.50859
78.37312
78.54804
78.41237
78.58742
78.4509
78.62843
78.49197
78.66788
78.53129
78.70731
78.56972
78.74574
78.60914
78.78413
78.64856
78.82366
78.68613
78.86128
78.72604
78.90254
78.76477
78.94196
78.80531
78.98225
78.84474
79.02171
78.88436
79.0601
78.92306
79.09941
78.96227
79.1386
78.9987
79.17603
79.03717
79.21452
79.07439
79.25308
79.11295
79.29055
79.14845
79.32728
79.18769
79.36652
79.22712
79.40672
79.26653
79.44604
79.30754
79.4843
79.34402
79.52246
79.38342
79.56053
79.42057
79.59976
79.46067
79.63828
79.49766
79.67743
79.53688
79.71625
79.57493
79.75563
79.61439
79.7952
79.65366
79.83428
79.69261
79.87123
79.72919
79.90997
79.76788
79.94935
79.80741
79.98748
79.84502
80.02674
79.8846
80.06812
79.92384
80.10786
79.96377
80.1491
80.00355
80.1881
80.04152
80.2271
80.08115
80.26698
80.11947
80.3084
80.16109
80.34814
80.20047
80.38967
80.24192
80.42893
80.28157
80.47038
80.32219
80.51012
80.36207
80.55135
80.40229
80.59047
80.44128
80.63032
80.48128
80.66986
80.52096
80.70894
80.56033
80.74839
80.59989
80.78797
80.63966
80.82922
80.67934
80.86891
80.71906
80.90838
80.75867
80.94727
80.7983
80.98577
80.83599
81.02479
80.8745
81.06424
80.91193
81.10367
80.95135
81.14291
80.99064
81.18173
81.02925
81.22255
81.06747
81.26038
81.10571
81.29704
81.14268
81.33398
81.18133
81.37071
81.21899
81.40955
81.2557
81.44886
81.2927
81.4882
81.3314
81.52572
81.36959
81.56519
81.40836
81.6046
81.446
81.64101
81.48409
81.68008
81.52205
81.71516
81.56144
81.7544
81.59889
81.79344
81.63738
81.83273
81.67498
81.87158
81.71236
81.91101
81.75079
81.95029
81.78999
81.98882
81.82952
82.02776
81.86794
82.06772
81.90778
82.10545
81.94739
82.14653
81.98482
82.18667
82.02272
82.22801
82.06348
82.26789
82.1442
82.30787
82.18345
82.34661
82.22004
82.38694
82.25956
82.42625
82.29889
82.46545
82.33633
82.5047
82.37658
82.54563
82.41581
82.58477
82.45511
82.62293
82.49284
82.6612
82.53185
82.70023
82.56886
82.73717
82.60621
82.77573
82.64732
82.81419
82.6853
82.85367
82.72355
82.89421
82.76307
82.93371
82.80339
82.97318
82.84288
83.01181
82.88231
83.05238
82.9193
83.09038
82.95853
83.12997
82.9981
83.16932
83.03754
83.20821
83.0761
83.24769
83.11559
83.28587
83.15546
83.32526
83.19388
83.36465
83.23442
83.40406
83.27258
83.4426
83.31131
83.48312
83.35057
83.52128
83.39021
83.56063
83.42854
83.59882
83.46749
83.63758
83.50613
83.67548
83.54419
83.71396
83.58102
83.75332
83.61848
83.78971
83.65736
83.82804
83.69674
83.86709
83.73406
83.90424
83.77156
83.94257
83.81084
83.97946
83.84714
84.01805
83.88735
84.05907
83.92682
84.09809
83.96323
84.13698
84.00201
84.17556
84.04293
84.21446
84.07915
84.25299
84.11543
84.29314
84.15475
84.33261
84.19256
84.36918
84.22948
84.40783
84.26721
84.44731
84.30668
84.48682
84.34264
84.5256
84.38307
84.56612
84.42245
84.60545
84.46007
84.6432
84.49735
84.68246
84.53605
84.72078
84.57281
84.76015
84.6123
84.79966
84.6518
84.83824
84.68996
84.87768
84.72758
84.91621
84.76638
84.95571
84.80596
84.99551
84.84519
85.03503
84.88628
85.07449
84.92445
85.11372
84.96509
85.15487
85.00465
85.19439
85.04207
85.2316
85.08154
85.27018
85.12114
85.30961
85.15997
85.34875
85.19839
85.38835
85.23844
85.4276
85.27611
85.46718
85.31571
85.50705
85.35506
85.54673
85.3939
85.58645
85.43372
85.62422
85.47495
85.66393
85.55173
85.70228
85.59052
85.74355
85.63042
85.78323
85.67012
85.82422
85.70988
85.86342
85.74953
85.90461
85.7891
85.94398
85.82951
85.98296
85.86675
86.0211
85.90546
86.06136
85.94489
86.10082
85.98141
86.14172
86.02035
86.18071
86.05898
86.22089
86.09825
86.25815
86.13777
86.29758
86.17453
86.33545
86.21138
86.37476
86.251
86.41352
86.28946
86.45258
86.32752
86.49371
86.36674
86.53343
86.40821
86.57323
86.44765
86.61298
86.48809
86.65434
86.52762
86.69339
86.56535
86.73286
86.60397
86.77113
86.6437
86.81007
86.68287
86.84962
86.72233
86.89082
86.76184
86.93044
86.8013
86.96947
86.841
87.00916
86.88068
87.04877
86.91809
87.08731
86.95717
87.1259
86.99661
87.16544
87.03577
87.20496
87.07536
87.24417
87.11492
87.2837
87.15304
87.32112
87.19208
87.36062
87.22914
87.39998
87.2683
87.43932
87.30842
87.47636
87.34532
87.51583
87.38354
87.55447
87.42314
87.5936
87.46155
87.63007
87.50072
87.6696
87.54021
87.71015
87.57948
87.74986
87.61913
87.78957
87.65948
87.82819
87.69788
87.86779
87.73425
87.90759
87.7727
87.94616
87.81121
87.9838
87.85045
88.02331
87.88993
88.06292
87.92946
88.10257
87.96791
88.14388
88.00755
88.18124
88.04328
88.22072
88.07938
88.2589
88.11638
88.29813
88.15585
88.33517
88.19368
88.37453
88.23312
88.41279
88.27255
88.45241
88.31204
88.49197
88.35152
88.52949
88.38987
88.56783
88.42242
88.60562
88.46095
88.64484
88.498
88.68318
88.53732
88.72223
88.57829
88.76147
88.61756
88.80232
88.65849
88.84054
88.69778
88.87892
88.73473
88.91711
88.7738
88.95609
88.81127
88.99611
88.84596
89.03404
88.88667
89.07248
88.92583
89.11031
88.9646
89.14976
89.00231
89.18745
89.04209
89.22478
89.07818
89.26389
89.11609
89.30464
89.1551
89.34184
89.19319
89.38221
89.23283
89.42014
89.27056
89.45799
89.30981
89.49626
89.34725
89.53445
89.38792
89.5753
89.42733
89.61478
89.46162
89.65357
89.50088
89.69083
89.54038
89.72901
89.57855
89.76844
89.61806
89.80611
89.65745
89.84547
89.69246
89.88422
89.73217
89.92404
89.77154
89.96564
89.81057
90.00543
89.84773
90.04558
89.88715
90.08554
89.92702
90.12485
89.96767
90.16501
90.00734
90.20429
90.04523
90.24505
90.08493
90.28505
90.1246
90.32644
90.16381
90.36617
90.20157
90.406
90.243
90.44581
90.28274
90.48714
90.32414
90.52654
90.36388
90.56704
90.40385
90.60675
90.44299
90.64765
90.4842
90.68718
90.5209
90.72852
90.55907
90.76819
90.59872
90.80955
90.63996
90.84799
90.67967
90.88851
90.71894
90.92545
90.75824
90.9663
90.7935
91.00625
90.833
91.04632
90.87215
91.0863
90.91194
91.12618
90.95136
91.16596
90.99261
91.20525
91.03212
91.24546
91.07042
91.28387
91.10976
91.32519
91.14595
91.36525
91.18539
91.40639
91.26424
91.44644
91.30509
91.48804
91.34489
91.52797
91.38564
91.56834
91.42447
91.60818
91.46411
91.64912
91.50149
91.68896
91.54072
91.7288
91.58196
91.76862
91.62166
91.81012
91.66117
91.84995
91.70045
91.88976
91.74034
91.92941
91.77934
91.96896
91.81906
92.00864
91.85701
92.04831
91.89436
92.08759
91.93308
92.12733
91.97272
92.16688
92.01225
92.20661
92.05097
92.24631
92.08943
92.28498
92.13046
92.32458
92.16874
92.36284
92.20531
92.40236
92.24366
92.44157
92.28136
92.48148
92.32259
92.52129
92.36053
92.5611
92.40013
92.60083
92.43884
92.64044
92.47838
92.6801
92.5162
92.7187
92.55575
92.75826
92.59481
92.79785
92.63424
92.83733
92.67358
92.87804
92.7122
92.91606
92.75161
92.95539
92.79089
92.9944
92.83051
93.03275
92.86844
93.0734
92.90806
93.11149
92.9473
93.15235
92.98732
93.19073
93.02555
93.23118
93.06526
93.27032
93.10372
93.31065
93.1431
93.34984
93.18228
93.39071
93.21827
93.42718
93.25621
93.46816
93.29678
93.50758
93.33612
93.54698
93.37511
93.58643
93.41335
93.62556
93.45285
93.66413
93.49039
93.70341
93.52876
93.74311
93.56788
93.78281
93.60625
93.82401
93.64578
93.86332
93.68534
93.90293
93.72485
93.9412
93.76434
93.98076
93.80395
94.01981
93.8429
94.05956
93.88221
94.09911
93.92037
94.13901
93.95819
94.17876
93.99805
94.21906
94.0378
94.25902
94.07754
94.30056
94.11726
94.34033
94.159
94.38158
94.19865
94.42142
94.23847
94.46164
94.27822
94.50139
94.31574
94.54121
94.35535
94.58181
94.39667
94.62164
94.43633
94.66234
94.47745
94.70226
94.51725
94.74384
94.55735
94.78397
94.597
94.82578
94.63816
94.86573
94.67597
94.90737
94.71693
94.94737
94.75677
94.98889
94.79706
95.02864
94.83675
95.06992
94.87818
95.10956
94.91782
95.14888
94.95618
95.18848
94.99683
95.22678
95.03643
95.26634
95.07553
95.30759
95.11417
95.34704
95.15401
95.38815
95.19349
95.42774
95.23457
95.469
95.26676
95.5089
95.30642
95.54901
95.34163
95.58798
95.38223
95.62773
95.41883
95.66751
95.45849
95.70718
95.4979
95.74812
95.53687
95.78782
95.57645
95.82749
95.61607
95.86714
95.65559
95.9063
95.69328
95.94588
95.73167
95.9855
95.77114
96.02489
95.81075
96.06465
95.85004
96.10429
95.88949
96.1438
95.92873
96.18333
95.96886
96.22287
96.00842
96.26224
96.04883
96.30302
96.08731
96.34259
96.1252
96.38215
96.1634
96.41426
96.20275
96.44652
96.24258
96.46785
96.27979
96.49521
96.32069
96.53022
96.35777
96.55183
96.38243
96.56189
96.41463
96.57201
96.45421
96.58716
96.49524
96.59634
96.52751
96.60397
96.56886
96.61404
96.60896
96.6242
96.61631
96.63163
96.62257
96.63799
96.62929
96.64555
96.63783
96.65833
96.64537
96.6663
96.65274
96.6741
96.65971
96.68067
96.66689
96.68692
96.67509
96.69344
96.68196
96.7014
96.68853
96.70803
96.69507
96.71448
96.70538
96.7271
96.71201
96.73463
96.7299
96.74222
96.73638
96.76493
96.74412
96.77122
96.75439
96.77751
96.76087
96.80025
96.76728
96.81028
96.7775
96.82786
96.79786
96.83421
96.80551
96.84048
96.8157
96.86357
96.82585
96.86983
96.85633
96.87605
96.86922
96.89117
96.88696
96.89739
96.89333
96.90371
96.9161
96.91628
96.92236
96.9225
96.92873
96.9431
96.95904
96.94933
96.96529
96.95552
96.97162
96.98821
96.99179
96.99568
96.99809
97.0208
97.00444
97.02701
97.0175
97.03318
97.02387
97.05831
97.03015
97.06454
97.04019
97.07076
97.06804
97.09342
97.07429
97.09968
97.08055
97.10587
97.1109
97.13619
97.11726
97.14239
97.14508
97.14864
97.15137
97.18607
97.15769
97.20655
97.19057
97.21279
97.19695
97.21903
97.20331
97.25424
97.22863
97.26044
97.23502
97.26669
97.25526
97.28678
97.26791
97.29301
97.29569
97.33331
97.30328
97.35844
97.32336
97.36459
97.33087
97.37072
97.34592
97.39834
97.35838
97.40446
97.40851
97.41059
97.4147
97.43063
97.42088
97.43674
97.4389
97.46288
97.44509
97.46899
97.4702
97.47514
97.4764
97.49522
97.48257
97.50135
97.51021
97.50754
97.51639
97.51995
97.52261
97.52733
97.62028
97.56758
97.62677
97.59543
97.63327
97.64769
97.6397
97.68325
97.65974
97.68983
97.66611
97.70862
97.67216
97.71429
97.7123
97.75366
97.74921
97.7946
97.78737
97.83334
97.82617
97.87263
97.8598
97.91185
97.89931
97.94347
97.92156
97.94868
97.9267
97.9539
97.93183
97.98039
97.95339
97.98559
97.9698
97.99079
97.98004
98.01476
97.99295
98.02286
97.99806
98.03679
98.00317
98.04198
98.01032
98.06101
98.01918
98.06619
98.0243
98.07138
98.03063
98.08528
98.04575
98.09583
98.05087
98.10101
98.05971
98.10619
98.07031
98.11994
98.07663
98.12633
98.0848
98.14025
98.0912
98.14543
98.09917
98.15061
98.1094
98.16455
98.13107
98.17091
98.13992
98.18398
98.15015
98.18915
98.16921
98.21312
98.18696
98.21951
98.2201
98.24015
98.25338
98.24651
98.25854
98.26291
98.27258
98.26807
98.27774
98.27323
98.28291
98.29613
98.30591
98.30128
98.31106
98.30643
98.31622
98.32533
98.33262
98.33046
98.33777
98.33559
98.34291
98.34605
98.35806
98.35117
98.36319
98.35629
98.36832
98.36768
98.37346
98.3728
98.38232
98.37789
98.38747
98.40091
98.39771
98.40725
98.40797
98.4283
98.46311
98.43339
98.47334
98.43849
98.47845
98.46362
98.48358
98.46873
98.48869
98.47385
98.49381
98.47896
98.49893
98.49032
98.50406
98.49544
98.50918
98.50055
98.5143
98.51191
98.51942
98.52493
98.52454
98.53005
98.52966
98.53517
98.53477
98.54153
98.54112
98.54666
98.54624
98.5518
98.55137
98.55693
98.5565
98.56576
98.56163
98.57089
98.56674
98.58474
98.57186
98.58988
98.57697
98.59502
98.5821
98.60138
98.58722
98.61028
98.59234
98.61665
98.59747
98.62179
98.60382
98.62694
98.60894
98.63209
98.61407
98.63844
98.6192
98.6448
98.62432
98.65116
98.63067
98.66003
98.6358
98.66889
98.64091
98.68442
98.64603
98.68956
98.65114
98.6947
98.65748
98.70861
98.6626
98.71498
98.66772
98.73579
98.68159
98.74093
98.68671
98.74606
98.69183
98.77022
98.71573
98.77535
98.72085
98.78049
98.73467
98.79506
98.73978
98.80145
98.79475
98.81707
98.80618
98.82221
98.82767
98.82856
98.83279
98.83369
98.84557
98.83883
98.85068
98.84396
98.85579
98.85403
98.8609
98.8604
98.87216
98.86926
98.87727
98.8744
98.88239
98.88882
98.89878
98.89397
98.90389
98.89909
98.90901
98.90422
98.91413
98.90935
98.91925
98.91821
98.92437
98.92336
98.92949
98.92851
98.93462
98.93994
98.94218
98.94509
98.94852
98.9527
98.95364
98.95786
98.95877
98.96302
98.96388
98.96938
98.96901
98.97453
98.99324
98.97968
99.00984
98.98485
99.01498
99.00131
99.02385
99.01019
99.02898
99.02577
99.03411
99.03217
99.03923
99.04997
99.0481
99.05888
99.05695
99.07368
99.06208
99.08006
99.06721
99.08644
99.07607
99.09961
99.08243
99.10603
99.09127
99.11495
99.09924
99.12386
99.10438
99.13284
99.10952
99.13803
99.1209
99.14324
99.12605
99.15284
99.13119
99.15804
99.14025
99.16322
99.15546
99.17213
99.1618
99.17734
99.16695
99.18255
99.1721
99.18894
99.17722
99.19415
99.18238
99.19935
99.18752
99.20454
99.19639
99.21096
99.20273
99.21616
99.20788
99.22134
99.21302
99.22777
99.21815
99.23418
99.22572
99.24311
99.23085
99.24831
99.236
99.25351
99.24236
99.26016
99.24873
99.26536
99.27171
99.27055
99.27684
99.27698
99.29085
99.28593
99.29598
99.29113
99.30113
99.29634
99.30999
99.31174
99.31512
99.31694
99.32401
99.32214
99.32915
99.32737
99.3355
99.34386
99.34063
99.35695
99.36103
99.36338
99.36993
99.36983
99.3763
99.37505
99.38144
99.38028
99.38656
99.3867
99.40058
99.40322
99.41976
99.41788
99.42939
99.42564
99.43967
99.44363
99.45359
99.45007
99.45872
99.47311
99.46387
99.47829
99.47765
99.48347
99.48278
99.49488
99.48792
99.50008
99.49789
99.50528
99.50304
99.52872
99.50821
99.53392
99.51953
99.53912
99.52468
99.55106
99.55244
99.55629
99.55758
99.5615
99.56274
99.57448
99.57152
99.57968
99.57667
99.58488
99.58181
99.59545
99.5906
99.60066
99.59575
99.60588
99.60091
99.62
99.61988
99.62524
99.62505
99.63046
99.6342
99.64272
99.63935
99.64795
99.64449
99.65317
99.65337
99.65958
99.66226
99.6685
99.6686
99.67492
99.68305
99.68385
99.6882
99.69031
99.69336
99.6955
99.70347
99.70073
99.70863
99.70713
99.71378
99.7123
99.72268
99.71751
99.72783
99.72581
99.73299
99.73102
99.74184
99.7362
99.747
99.75461
99.75215
99.76794
99.76015
99.77436
99.77293
99.79246
99.77809
99.80145
99.79329
99.80667
99.79846
99.8119
99.80362
99.82216
99.8137
99.8274
99.81886
99.83263
99.82402
99.84285
99.8304
99.84811
99.84594
99.85336
99.85539
99.8719
99.86572
99.87981
99.88241
99.88507
99.88878
99.89033
99.8977
99.89556
99.90286
99.90082
99.91434
99.90608
99.91951
99.91134
99.92467
99.92561
99.93106
99.93087
99.94386
99.93613
99.95178
99.94761
99.96455
99.95554
99.97344
99.96204
99.97984
99.97102
99.98621
99.98
99.99511
99.98893
100.004
100.0049
100.0135
100.0129
100.0199
100.0219
100.0251
100.0333
100.0303
100.0386
100.0433
100.0438
100.0484
100.0553
100.0536
100.0605
100.0625
100.0658
100.0714
100.0822
100.0803
100.0875
100.0917
100.0928
100.0969
100.1017
100.102
100.107
100.1084
100.1201
100.1173
100.1255
100.1237
100.1308
100.1301
100.1397
100.1366
100.145
100.1532
100.1503
100.1584
100.1593
100.1636
100.1659
100.1725
100.1749
100.1789
100.1802
100.1879
100.1855
100.1931
100.1908
100.2112
100.1999
100.2164
100.2089
100.2216
100.2154
100.2268
100.2208
100.2395
100.2261
100.2447
100.2478
100.25
100.2531
100.2709
100.2585
100.2762
100.2749
100.2814
100.2803
100.293
100.2868
100.2982
100.3034
100.3034
100.3099
100.3167
100.3164
100.3232
100.3253
100.3321
100.3343
100.346
100.3395
100.3512
100.3447
100.3563
100.3635
100.3664
100.3724
100.3715
100.3775
100.3766
100.3826
100.3922
100.4024
100.3973
100.4075
100.4036
100.4126
100.4124
100.4239
100.4212
100.4306
100.4348
100.4358
100.4399
100.4408
100.445
100.4497
100.4538
100.4622
100.4601
100.4673
100.4763
100.4725
100.4826
100.4776
100.4877
100.4914
100.4928
100.4965
100.4979
100.5016
100.5043
100.5105
100.5147
100.5184
100.5199
100.5248
100.525
100.53
100.5314
100.5351
100.5377
100.5481
100.5441
100.5545
100.5555
100.5609
100.5607
100.5698
100.5658
100.5787
100.5747
100.5852
100.5799
100.6016
100.5851
100.6068
100.5982
100.6233
100.6033
100.6297
100.6085
100.6512
100.6199
100.6703
100.6251
100.6782
100.6302
100.6995
100.6432
100.706
100.6496
100.7225
100.6622
100.7278
100.6687
100.7331
100.6871
100.7522
100.696
100.7587
100.705
100.7652
100.7139
100.7742
100.7229
100.7807
100.7281
100.7972
100.7333
100.8025
100.7671
100.8077
100.7736
100.813
100.7825
100.8183
100.7903
100.8272
100.7955
100.8337
100.8007
100.839
100.8223
100.8442
100.8288
100.8557
100.8449
100.8622
100.8501
100.8686
100.8552
100.8751
100.8617
100.884
100.8669
100.893
100.872
100.9044
100.886
100.9134
100.8924
100.9223
100.8988
100.9288
100.9175
100.9353
100.9227
100.9405
100.9279
100.9457
100.947
100.9552
100.9535
100.9642
100.9616
100.9753
100.968
100.9844
100.9744
100.9933
100.9902
101.0023
100.9954
101.02
101.0007
101.0327
101.0171
101.0408
101.0261
101.0561
101.0432
101.0701
101.0496
101.0754
101.0788
101.0807
101.0878
101.0932
101.0943
101.0997
101.108
101.1154
101.117
101.1244
101.1234
101.1471
101.1404
101.1536
101.1468
101.165
101.1583
101.1715
101.1635
101.1855
101.1735
101.1908
101.1953
101.196
101.2005
101.2098
101.2057
101.215
101.2109
101.2202
101.2161
101.2291
101.2213
101.242
101.2367
101.2551
101.2419
101.2633
101.2483
101.2791
101.2573
101.2855
101.2725
101.2908
101.2789
101.2959
101.2853
101.3085
101.3093
101.3175
101.3183
101.3303
101.3311
101.3392
101.3363
101.3482
101.348
101.3671
101.3661
101.3874
101.3948
101.3951
101.4047
101.4116
101.4112
101.4206
101.4201
101.4295
101.4265
101.441
101.4355
101.4475
101.4474
101.4615
101.4563
101.4692
101.4628
101.4782
101.4717
101.4872
101.4806
101.4986
101.4949
101.5038
101.5013
101.5128
101.5078
101.518
101.5207
101.5232
101.5344
101.5322
101.5396
101.5387
101.55
101.5552
101.5552
101.5604
101.5725
101.5657
101.5789
101.579
101.5841
101.598
101.5893
101.6045
101.6016
101.6235
101.6136
101.6299
101.6253
101.6389
101.6357
101.6454
101.6513
101.6519
101.6565
101.6571
101.6644
101.6686
101.6696
101.6777
101.6813
101.6867
101.6878
101.6982
101.6943
101.7047
101.7044
101.7157
101.7134
101.7283
101.7274
101.7347
101.7338
101.7549
101.7517
101.7715
101.7582
101.7805
101.7647
101.7996
101.7815
101.8049
101.7944
101.8102
101.811
101.8289
101.819
101.838
101.828
101.8433
101.8446
101.859
101.8498
101.8643
101.8551
101.8696
101.8705
101.8761
101.881
101.8825
101.8913
101.9042
101.8966
101.9106
101.9018
101.9286
101.9083
101.9351
101.9336
101.9417
101.9401
101.9481
101.9571
101.9534
101.966
101.9587
101.9725
101.9753
101.9778
101.9818
101.9831
101.9883
101.9919
101.9948
101.9972
102.0105
102.0024
102.0196
102.0089
102.0249
102.0416
102.0303
102.0531
102.0368
102.0621
102.0509
102.0686
102.0574
102.0751
102.0639
102.0842
102.0754
102.0907
102.0806
102.0989
102.0948
102.1079
102.1073
102.122
102.1127
102.1273
102.1344
102.1327
102.1409
102.1418
102.15
102.1508
102.1566
102.1866
102.1656
102.1919
102.1848
102.2064
102.1982
102.2118
102.2074
102.2172
102.2165
102.2225
102.2231
102.2292
102.2323
102.2358
102.2415
102.2423
102.2482
102.249
102.2537
102.2544
102.2591
102.2598
102.2646
102.274
102.2788
102.2794
102.2856
102.2849
102.2923
102.2903
102.2978
102.2957
102.3033
102.3012
102.3143
102.3103
102.3211
102.3158
102.3267
102.3212
102.3323
102.3279
102.339
102.3333
102.3524
102.3388
102.3592
102.3472
102.3661
102.3526
102.3754
102.3581
102.3811
102.3637
102.3867
102.3703
102.3936
102.3771
102.3992
102.3838
102.4049
102.3931
102.4142
102.3987
102.4212
102.4042
102.4348
102.4135
102.4417
102.4228
102.4487
102.4363
102.4558
102.4431
102.4628
102.45
102.4724
102.4613
102.4794
102.4757
102.4853
102.4814
102.4912
102.4909
102.4971
102.4978
102.503
102.5072
102.5089
102.5158
102.516
102.5252
102.522
102.5322
102.528
102.5379
102.5352
102.5437
102.5449
102.5556
102.5571
102.5615
102.5632
102.5673
102.5704
102.5744
102.5802
102.5815
102.5864
102.5886
102.5926
102.5945
102.5988
102.6005
102.6051
102.6064
102.6126
102.6124
102.619
102.6184
102.6254
102.6244
102.6318
102.6305
102.6381
102.6366
102.6458
102.6427
102.6523
102.6525
102.6589
102.6586
102.6665
102.6648
102.6731
102.6722
102.6799
102.6785
102.6866
102.6847
102.6946
102.6913
102.705
102.6977
102.713
102.7041
102.7197
102.7104
102.7265
102.7169
102.7332
102.7233
102.7412
102.7297
102.7479
102.7362
102.7546
102.7427
102.7614
102.7493
102.7694
102.7558
102.7773
102.7653
102.7841
102.7719
102.7908
102.7785
102.8013
102.7851
102.808
102.7917
102.8148
102.7996
102.8215
102.8063
102.8283
102.8131
102.835
102.8199
102.8418
102.8266
102.8485
102.8346
102.8553
102.8414
102.862
102.8482
102.8688
102.8549
102.8755
102.8617
102.8822
102.8685
102.889
102.8752
102.8958
102.882
102.9025
102.8887
102.9092
102.8955
102.916
102.9023
102.9265
102.909
102.9332
102.9158
102.94
102.9226
102.9467
102.9294
102.9534
102.9361
102.9602
102.9429
102.9669
102.9497
102.9737
102.9564
102.9804
102.9632
102.9872
102.97
102.9939
102.9767
103.0007
102.9835
103.0074
102.9903
103.0142
102.997
103.0209
103.0038
103.0277
103.0106
103.0344
103.0174
103.0412
103.0242
103.0479
103.0309
103.0547
103.0377
103.0614
103.0444
103.0682
103.0512
103.0749
103.058
103.0817
103.0648
103.0884
103.0715
103.0952
103.0783
103.1019
103.0851
103.1087
103.0919
103.1154
103.0987
103.1222
103.1055
103.129
103.1123
103.1357
103.1191
103.1424
103.1249
103.1492
103.1317
103.156
103.1384
103.1627
103.1452
103.1695
103.152
103.1762
103.1588
103.183
103.1668
103.1897
103.1736
103.1965
103.1804
103.2032
103.1872
103.21
103.194
103.2167
103.202
103.2235
103.2099
103.2302
103.2167
103.237
103.2235
103.2437
103.2302
103.2505
103.237
103.2572
103.2438
103.2639
103.2505
103.2707
103.2573
103.2774
103.2641
103.2842
103.2708
103.2921
103.2788
103.2989
103.2856
103.3056
103.2923
103.3123
103.2991
103.3191
103.3059
103.3258
103.3126
103.3326
103.3194
103.3393
103.3262
103.346
103.3329
103.3528
103.3397
103.3595
103.3464
103.3663
103.3532
103.373
103.36
103.3797
103.3667
103.3865
103.3735
103.3932
103.3803
103.4
103.387
103.4067
103.3938
103.4134
103.4006
103.4202
103.4073
103.4269
103.4141
103.4336
103.4208
103.4404
103.4276
103.4471
103.4344
103.4538
103.4411
103.4606
103.4479
103.4673
103.4546
103.4741
103.4614
103.4808
103.4681
103.4875
103.4749
103.4942
103.4817
103.501
103.4884
103.5077
103.4952
103.5145
103.5019
103.5212
103.5087
103.5279
103.5154
103.5346
103.5222
103.5414
103.529
103.5481
103.5357
103.5548
103.5425
103.5615
103.5492
103.5683
103.556
103.575
103.5627
103.5817
103.5694
103.5885
103.5762
103.5952
103.5829
103.6019
103.5897
103.6087
103.5964
103.6154
103.6032
103.6221
103.6099
103.6288
103.6167
103.6356
103.6234
103.6423
103.6302
103.649
103.6369
103.6557
103.6436
103.6625
103.6504
103.6692
103.6571
103.6759
103.6639
103.6827
103.6706
103.6894
103.6774
103.6961
103.6841
103.7028
103.6909
103.7096
103.6976
103.7163
103.7044
103.723
103.7111
103.7297
103.7178
103.7365
103.7246
103.7432
103.7313
103.7499
103.7381
103.7566
103.7448
103.7634
103.7515
103.7701
103.7583
103.7768
103.765
103.7835
103.7718
103.7903
103.7785
103.797
103.7852
103.8037
103.792
103.8104
103.7987
103.8172
103.8055
103.8239
103.8122
103.8306
103.8189
103.8373
103.8257
103.844
103.8324
103.8508
103.8392
103.8575
103.8459
103.8642
103.8526
103.8709
103.8594
103.8777
103.8661
103.8844
103.8728
103.8911
103.8796
103.8978
103.8863
103.9045
103.8931
103.9113
103.8998
103.918
103.9065
103.9247
103.9133
103.9314
103.92
103.9381
103.9267
103.9449
103.9335
103.9516
103.9402
103.9583
103.947
103.965
103.9537
103.9717
103.9604
103.9785
103.9672
103.9852
103.9739
103.9919
103.9806
103.9986
103.9874
104.0053
103.9941
104.0121
104.0008
104.0188
104.0076
104.0255
104.0143
104.0322
104.021
104.039
104.0278
104.0457
104.0345
104.0524
104.0413
104.0591
104.048
104.0658
104.0547
104.0726
104.0615
104.0793
104.0682
104.086
104.0749
104.0927
104.0817
104.0995
104.0884
104.1062
104.0951
104.1129
104.1019
104.1196
104.1086
104.1263
104.1153
104.1331
104.1221
104.1398
104.1288
104.1465
104.1356
104.1532
104.1423
104.16
104.149
104.1667
104.1558
104.1734
104.1625
104.1801
104.1692
104.1869
104.176
104.1936
104.1827
104.2003
104.1894
104.207
104.1962
104.2137
104.2029
104.2205
104.2097
104.2272
104.2164
104.2339
104.2231
104.2406
104.2299
104.2473
104.2366
104.2541
104.2433
104.2608
104.2501
104.2675
104.2568
104.2742
104.2636
104.281
104.2703
104.2877
104.277
104.2944
104.2838
104.3011
104.2905
104.3078
104.2972
104.3146
104.3039
104.3213
104.3107
104.328
104.3174
104.3347
104.3241
104.3414
104.3309
104.3481
104.3376
104.3549
104.3443
104.3616
104.3511
104.3683
104.3578
104.375
104.3645
104.3817
104.3713
104.3884
104.378
104.3952
104.3848
104.4019
104.3915
104.4086
104.3982
104.4153
104.405
104.422
104.4117
104.4287
104.4184
104.4355
104.4251
104.4422
104.4319
104.4489
104.4386
104.4556
104.4454
104.4624
104.4521
104.4691
104.4588
104.4758
104.4656
104.4825
104.4723
104.4892
104.479
104.496
104.4857
104.5027
104.4925
104.5094
104.4992
104.5161
104.506
104.5229
104.5127
104.5296
104.5194
104.5363
104.5262
104.543
104.5329
104.5497
104.5396
104.5564
104.5464
104.5632
104.5531
104.5699
104.5598
104.5766
104.5666
104.5833
104.5733
104.59
104.58
104.5968
104.5867
104.6035
104.5935
104.6102
104.6002
104.6169
104.6069
104.6236
104.6137
104.6304
104.6204
104.6371
104.6271
104.6438
104.6339
104.6505
104.6406
104.6572
104.6473
104.664
104.6541
104.6707
104.6608
104.6774
104.6675
104.6841
104.6742
104.6908
104.681
104.6976
104.6877
104.7043
104.6945
104.711
104.7012
104.7177
104.7079
104.7244
104.7146
104.7312
104.7214
104.7379
104.7281
104.7446
104.7348
104.7513
104.7416
104.758
104.7483
104.7648
104.7551
104.7715
104.7618
104.7782
104.7685
104.7849
104.7752
104.7916
104.782
104.7984
104.7887
104.8051
104.7954
104.8118
104.8022
104.8185
104.8089
104.8252
104.8157
104.832
104.8224
104.8387
104.8291
104.8454
104.8359
104.8521
104.8426
104.8588
104.8493
104.8655
104.856
104.8723
104.8628
104.879
104.8695
104.8857
104.8762
104.8924
104.883
104.8991
104.8897
104.9059
104.8964
104.9126
104.9032
104.9193
104.9099
104.926
104.9166
104.9327
104.9234
104.9395
104.9301
104.9462
104.9368
104.9529
104.9436
104.9596
104.9503
104.9663
104.957
104.9731
104.9637
104.9798
104.9705
104.9865
104.9772
104.9932
104.9839
105
104.9907
105.0067
104.9974
105.0134
105.0041
105.0201
105.0109
105.0268
105.0176
105.0336
105.0243
105.0403
105.0311
105.047
105.0378
105.0537
105.0445
105.0605
105.0513
105.0672
105.058
105.0739
105.0648
105.0806
105.0715
105.0873
105.0782
105.0941
105.085
105.1008
105.0917
105.1075
105.0984
105.1142
105.1052
105.121
105.1119
105.1277
105.1186
105.1344
105.1254
105.1411
105.1321
105.1479
105.1388
105.1546
105.1456
105.1613
105.1523
105.168
105.159
105.1747
105.1657
105.1815
105.1725
105.1882
105.1792
105.1949
105.1859
105.2016
105.1927
105.2083
105.1994
105.2151
105.2061
105.2218
105.2129
105.2285
105.2196
105.2352
105.2263
105.242
105.2331
105.2487
105.2398
105.2554
105.2465
105.2621
105.2533
105.2688
105.26
105.2756
105.2667
105.2823
105.2735
105.289
105.2802
105.2957
105.2869
105.3025
105.2936
105.3092
105.3004
105.3159
105.3071
105.3226
105.3138
105.3293
105.3205
105.336
105.3273
105.3428
105.334
105.3495
105.3407
105.3562
105.3475
105.3629
105.3542
105.3696
105.3609
105.3763
105.3677
105.3831
105.3744
105.3898
105.3811
105.3965
105.3878
105.4032
105.3946
105.4099
105.4013
105.4167
105.408
105.4234
105.4147
105.4301
105.4215
105.4368
105.4282
105.4436
105.4349
105.4503
105.4417
105.457
105.4484
105.4637
105.4551
105.4704
105.4619
105.4772
105.4686
105.4839
105.4753
105.4906
105.4821
105.4973
105.4888
105.5041
105.4955
105.5108
105.5023
105.5175
105.509
105.5242
105.5157
105.531
105.5225
105.5377
105.5292
105.5444
105.5359
105.5511
105.5427
105.5578
105.5494
105.5646
105.5561
105.5713
105.5629
105.578
105.5696
105.5847
105.5763
105.5915
105.5831
105.5982
105.5898
105.6049
105.5966
105.6116
105.6033
105.6183
105.61
105.6251
105.6168
105.6318
105.6235
105.6385
105.6302
105.6452
105.637
105.652
105.6437
105.6587
105.6504
105.6654
105.6572
105.6721
105.6639
105.6788
105.6706
105.6856
105.6774
105.6923
105.6841
105.699
105.6908
105.7057
105.6975
105.7124
105.7043
105.7192
105.711
105.7259
105.7177
105.7326
105.7245
105.7393
105.7312
105.746
105.7379
105.7528
105.7447
105.7595
105.7514
105.7662
105.7581
105.7729
105.7648
105.7796
105.7716
105.7864
105.7783
105.7931
105.785
105.7998
105.7918
105.8065
105.7985
105.8133
105.8052
105.82
105.812
105.8267
105.8187
105.8334
105.8254
105.8402
105.8322
105.8469
105.8389
105.8536
105.8456
105.8603
105.8524
105.8671
105.8591
105.8738
105.8659
105.8805
105.8726
105.8872
105.8793
105.8939
105.8861
105.9007
105.8928
105.9074
105.8995
105.9141
105.9063
105.9208
105.913
105.9276
105.9197
105.9343
105.9265
105.941
105.9332
105.9477
105.9399
105.9545
105.9467
105.9612
105.9534
105.9679
105.9602
105.9746
105.9669
105.9813
105.9736
105.9881
105.9804
105.9948
105.9871
106.0015
105.9938
106.0082
106.0006
106.015
106.0073
106.0217
106.0141
106.0284
106.0208
106.0351
106.0275
106.0418
106.0343
106.0486
106.041
106.0553
106.0478
106.062
106.0545
106.0687
106.0612
106.0754
106.068
106.0822
106.0747
106.0889
106.0815
106.0956
106.0882
106.1023
106.0949
106.109
106.1016
106.1158
106.1084
106.1225
106.1151
106.1292
106.1218
106.1359
106.1286
106.1427
106.1353
106.1494
106.1421
106.1561
106.1488
106.1628
106.1555
106.1696
106.1623
106.1763
106.169
106.183
106.1758
106.1897
106.1825
106.1964
106.1892
106.2032
106.196
106.2099
106.2027
106.2166
106.2094
106.2233
106.2162
106.23
106.2229
106.2368
106.2296
106.2435
106.2364
106.2502
106.2431
106.2569
106.2498
106.2637
106.2566
106.2704
106.2633
106.2771
106.27
106.2838
106.2768
106.2905
106.2835
106.2973
106.2902
106.304
106.297
106.3107
106.3037
106.3174
106.3104
106.3242
106.3172
106.3309
106.3239
106.3376
106.3307
106.3443
106.3374
106.351
106.3441
106.3578
106.3509
106.3645
106.3576
106.3712
106.3643
106.3779
106.371
106.3847
106.3778
106.3914
106.3845
106.3981
106.3912
106.4048
106.398
106.4115
106.4047
106.4183
106.4114
106.425
106.4182
106.4317
106.4249
106.4384
106.4316
106.4452
106.4384
106.4519
106.4451
106.4586
106.4518
106.4653
106.4586
106.472
106.4653
106.4788
106.472
106.4855
106.4788
106.4922
106.4855
106.4989
106.4922
106.5057
106.499
106.5124
106.5057
106.5191
106.5124
106.5258
106.5192
106.5325
106.5259
106.5392
106.5326
106.546
106.5394
106.5527
106.5461
106.5594
106.5528
106.5661
106.5595
106.5728
106.5663
106.5796
106.573
106.5863
106.5797
106.593
106.5865
106.5997
106.5932
106.6065
106.5999
106.6132
106.6067
106.6199
106.6134
106.6266
106.6201
106.6333
106.6268
106.64
106.6336
106.6468
106.6403
106.6535
106.647
106.6602
106.6538
106.6669
106.6605
106.6736
106.6673
106.6804
106.674
106.6871
106.6807
106.6938
106.6874
106.7005
106.6942
106.7072
106.7009
106.714
106.7076
106.7207
106.7144
106.7274
106.7211
106.7341
106.7278
106.7409
106.7346
106.7476
106.7413
106.7543
106.748
106.761
106.7548
106.7677
106.7615
106.7745
106.7682
106.7812
106.775
106.7879
106.7817
106.7946
106.7884
106.8013
106.7952
106.8081
106.8019
106.8148
106.8086
106.8215
106.8154
106.8282
106.8221
106.835
106.8288
106.8417
106.8356
106.8484
106.8423
106.8551
106.849
106.8618
106.8558
106.8686
106.8625
106.8753
106.8692
106.882
106.876
106.8887
106.8827
106.8955
106.8894
106.9022
106.8961
106.9089
106.9029
106.9156
106.9096
106.9223
106.9164
106.9291
106.9231
106.9358
106.9298
106.9425
106.9365
106.9492
106.9433
106.956
106.95
106.9627
106.9567
106.9694
106.9635
106.9761
106.9702
106.9828
106.977
106.9896
106.9837
106.9963
106.9904
107.003
106.9971
107.0097
107.0039
107.0165
107.0106
107.0232
107.0173
107.0299
107.0241
107.0366
107.0308
107.0434
107.0375
107.0501
107.0443
107.0568
107.051
107.0635
107.0577
107.0702
107.0645
107.077
107.0712
107.0837
107.0779
107.0904
107.0846
107.0971
107.0914
107.1038
107.0981
107.1105
107.1048
107.1173
107.1116
107.124
107.1183
107.1307
107.125
107.1374
107.1318
107.1441
107.1385
107.1509
107.1452
107.1576
107.1519
107.1643
107.1587
107.171
107.1654
107.1778
107.1721
107.1845
107.1788
107.1912
107.1856
107.1979
107.1923
107.2047
107.199
107.2114
107.2058
107.2181
107.2125
107.2248
107.2192
107.2315
107.226
107.2383
107.2327
107.245
107.2394
107.2517
107.2461
107.2584
107.2529
107.2652
107.2596
107.2719
107.2663
107.2786
107.2731
107.2853
107.2798
107.292
107.2865
107.2988
107.2933
107.3055
107.3
107.3122
107.3067
107.3189
107.3135
107.3257
107.3202
107.3324
107.3269
107.3391
107.3336
107.3458
107.3404
107.3525
107.3471
107.3593
107.3538
107.366
107.3606
107.3727
107.3673
107.3794
107.374
107.3862
107.3808
107.3929
107.3875
107.3996
107.3942
107.4063
107.4009
107.413
107.4077
107.4198
107.4144
107.4265
107.4211
107.4332
107.4279
107.4399
107.4346
107.4466
107.4413
107.4534
107.4481
107.4601
107.4548
107.4668
107.4615
107.4735
107.4682
107.4803
107.475
107.487
107.4817
107.4937
107.4884
107.5004
107.4952
107.5072
107.5019
107.5139
107.5086
107.5206
107.5154
107.5273
107.5221
107.534
107.5288
107.5408
107.5355
107.5475
107.5423
107.5542
107.549
107.5609
107.5557
107.5677
107.5625
107.5744
107.5692
107.5811
107.5759
107.5878
107.5827
107.5946
107.5894
107.6013
107.5961
107.608
107.6029
107.6147
107.6096
107.6214
107.6163
107.6282
107.623
107.6349
107.6298
107.6416
107.6365
107.6483
107.6433
107.655
107.65
107.6618
107.6567
107.6685
107.6635
107.6752
107.6702
107.6819
107.6769
107.6886
107.6836
107.6954
107.6904
107.7021
107.6971
107.7088
107.7038
107.7155
107.7106
107.7223
107.7173
107.729
107.724
107.7357
107.7308
107.7424
107.7375
107.7491
107.7442
107.7559
107.751
107.7626
107.7577
107.7693
107.7644
107.776
107.7712
107.7828
107.7779
107.7895
107.7846
107.7962
107.7914
107.8029
107.7981
107.8096
107.8048
107.8164
107.8116
107.8231
107.8183
107.8298
107.825
107.8365
107.8318
107.8433
107.8385
107.85
107.8452
107.8567
107.852
107.8634
107.8587
107.8701
107.8654
107.8769
107.8721
107.8836
107.8789
107.8903
107.8856
107.897
107.8923
107.9038
107.8991
107.9105
107.9058
107.9172
107.9126
107.9239
107.9193
107.9306
107.926
107.9374
107.9327
107.9441
107.9395
107.9508
107.9462
107.9575
107.9529
107.9642
107.9597
107.971
107.9664
107.9777
107.9732
107.9844
107.9799
107.9911
107.9866
107.9979
107.9933
108.0046
108.0001
108.0113
108.0068
108.018
108.0135
108.0247
108.0203
108.0315
108.027
108.0382
108.0338
108.0449
108.0405
108.0516
108.0472
108.0583
108.054
108.0651
108.0607
108.0718
108.0674
108.0785
108.0742
108.0852
108.0809
108.0919
108.0876
108.0987
108.0944
108.1054
108.1011
108.1121
108.1078
108.1188
108.1146
108.1256
108.1213
108.1323
108.128
108.139
108.1348
108.1457
108.1415
108.1525
108.1482
108.1592
108.155
108.1659
108.1617
108.1726
108.1684
108.1793
108.1752
108.1861
108.1819
108.1928
108.1886
108.1995
108.1954
108.2062
108.2021
108.2129
108.2088
108.2197
108.2156
108.2264
108.2223
108.2331
108.229
108.2398
108.2357
108.2466
108.2425
108.2533
108.2492
108.26
108.2559
108.2667
108.2627
108.2734
108.2694
108.2802
108.2761
108.2869
108.2829
108.2936
108.2896
108.3003
108.2963
108.3071
108.303
108.3138
108.3098
108.3205
108.3165
108.3272
108.3232
108.3339
108.33
108.3407
108.3367
108.3474
108.3434
108.3541
108.3502
108.3608
108.3569
108.3676
108.3636
108.3743
108.3704
108.381
108.3771
108.3877
108.3838
108.3944
108.3905
108.4012
108.3973
108.4079
108.404
108.4146
108.4108
108.4213
108.4175
108.428
108.4242
108.4348
108.4309
108.4415
108.4377
108.4482
108.4444
108.4549
108.4511
108.4616
108.4579
108.4684
108.4646
108.4751
108.4713
108.4818
108.4781
108.4885
108.4848
108.4953
108.4915
108.502
108.4983
108.5087
108.505
108.5154
108.5117
108.5221
108.5185
108.5289
108.5252
108.5356
108.5319
108.5423
108.5387
108.549
108.5454
108.5557
108.5521
108.5625
108.5589
108.5692
108.5656
108.5759
108.5723
108.5826
108.579
108.5893
108.5858
108.5961
108.5925
108.6028
108.5992
108.6095
108.606
108.6162
108.6127
108.623
108.6194
108.6297
108.6262
108.6364
108.6329
108.6431
108.6396
108.6498
108.6464
108.6566
108.6531
108.6633
108.6598
108.67
108.6666
108.6767
108.6733
108.6835
108.68
108.6902
108.6868
108.6969
108.6935
108.7036
108.7002
108.7104
108.7069
108.7171
108.7137
108.7238
108.7204
108.7305
108.7271
108.7373
108.7339
108.744
108.7406
108.7507
108.7473
108.7574
108.7541
108.7641
108.7608
108.7709
108.7675
108.7776
108.7742
108.7843
108.781
108.791
108.7877
108.7978
108.7944
108.8045
108.8012
108.8112
108.8079
108.8179
108.8146
108.8246
108.8214
108.8314
108.8281
108.8381
108.8348
108.8448
108.8416
108.8515
108.8483
108.8582
108.855
108.8649
108.8618
108.8717
108.8685
108.8784
108.8752
108.8851
108.882
108.8918
108.8887
108.8985
108.8954
108.9053
108.9022
108.912
108.9089
108.9187
108.9156
108.9254
108.9224
108.9321
108.9291
108.9389
108.9358
108.9456
108.9426
108.9523
108.9493
108.959
108.956
108.9658
108.9628
108.9725
108.9695
108.9792
108.9762
108.9859
108.9829
108.9927
108.9897
108.9994
108.9964
109.0061
109.0031
109.0128
109.0099
109.0195
109.0166
109.0263
109.0233
109.033
109.0301
109.0397
109.0368
109.0464
109.0435
109.0532
109.0503
109.0599
109.057
109.0666
109.0637
109.0733
109.0704
109.08
109.0772
109.0868
109.0839
109.0935
109.0907
109.1002
109.0974
109.1069
109.1041
109.1137
109.1108
109.1204
109.1176
109.1271
109.1243
109.1338
109.131
109.1406
109.1378
109.1473
109.1445
109.154
109.1512
109.1607
109.158
109.1674
109.1647
109.1742
109.1714
109.1809
109.1781
109.1876
109.1849
109.1943
109.1916
109.2011
109.1983
109.2078
109.2051
109.2145
109.2118
109.2212
109.2185
109.228
109.2253
109.2347
109.232
109.2414
109.2387
109.2481
109.2455
109.2548
109.2522
109.2616
109.2589
109.2683
109.2656
109.275
109.2724
109.2817
109.2791
109.2884
109.2859
109.2952
109.2926
109.3019
109.2993
109.3086
109.306
109.3153
109.3128
109.3221
109.3195
109.3288
109.3262
109.3355
109.3329
109.3422
109.3397
109.3489
109.3464
109.3557
109.3531
109.3624
109.3598
109.3691
109.3666
109.3758
109.3733
109.3826
109.38
109.3893
109.3868
109.396
109.3935
109.4027
109.4002
109.4094
109.4069
109.4162
109.4137
109.4229
109.4204
109.4296
109.4271
109.4363
109.4339
109.4431
109.4406
109.4498
109.4473
109.4565
109.454
109.4632
109.4608
109.4699
109.4675
109.4767
109.4742
109.4834
109.481
109.4901
109.4877
109.4968
109.4944
109.5036
109.5012
109.5103
109.5079
109.517
109.5146
109.5238
109.5213
109.5305
109.5281
109.5372
109.5348
109.5439
109.5415
109.5507
109.5483
109.5574
109.555
109.5641
109.5617
109.5708
109.5685
109.5775
109.5752
109.5843
109.5819
109.591
109.5886
109.5977
109.5954
109.6044
109.6021
109.6112
109.6088
109.6179
109.6156
109.6246
109.6223
109.6313
109.629
109.638
109.6357
109.6448
109.6425
109.6515
109.6492
109.6582
109.6559
109.6649
109.6627
109.6717
109.6694
109.6784
109.6761
109.6851
109.6828
109.6918
109.6896
109.6986
109.6963
109.7053
109.703
109.712
109.7097
109.7187
109.7165
109.7254
109.7232
109.7322
109.7299
109.7389
109.7367
109.7456
109.7434
109.7523
109.7501
109.7591
109.7569
109.7658
109.7636
109.7725
109.7703
109.7792
109.7771
109.7859
109.7838
109.7927
109.7905
109.7994
109.7972
109.8061
109.804
109.8128
109.8107
109.8195
109.8174
109.8263
109.8242
109.833
109.8309
109.8397
109.8376
109.8465
109.8444
109.8532
109.8511
109.8599
109.8578
109.8666
109.8646
109.8733
109.8713
109.8801
109.878
109.8868
109.8848
109.8935
109.8915
109.9002
109.8982
109.907
109.9049
109.9137
109.9117
109.9204
109.9184
109.9271
109.9251
109.9339
109.9319
109.9406
109.9386
109.9473
109.9453
109.954
109.952
109.9607
109.9588
109.9675
109.9655
109.9742
109.9722
109.9809
109.979
109.9876
109.9857
109.9943
109.9924
110.0011
109.9992
110.0078
110.0059
