10.01002
10.01021
10.01675
10.01695
10.02349
10.02369
10.03023
10.03162
10.03696
10.03835
10.0437
10.0451
10.05044
10.05184
10.05718
10.05859
10.06391
10.06533
10.07065
10.07208
10.07739
10.07882
10.08413
10.08556
10.09087
10.0923
10.0976
10.09905
10.10434
10.10579
10.11107
10.11253
10.11781
10.11927
10.12455
10.12602
10.13128
10.13276
10.13802
10.1395
10.14476
10.14625
10.15268
10.153
10.15942
10.15974
10.16615
10.16649
10.17289
10.17324
10.17963
10.17998
10.18636
10.18673
10.1931
10.19347
10.19984
10.20022
10.20657
10.20696
10.21331
10.21371
10.22004
10.22045
10.22678
10.2272
10.23351
10.23395
10.24024
10.24069
10.24698
10.24744
10.25371
10.26093
10.2633
10.26768
10.27003
10.27442
10.27676
10.28117
10.28349
10.28791
10.29023
10.29466
10.29697
10.3014
10.3037
10.30815
10.31044
10.31489
10.31718
10.32164
10.32391
10.32838
10.33064
10.33512
10.33738
10.34187
10.34412
10.34863
10.35085
10.35537
10.35759
10.36211
10.36432
10.36885
10.37106
10.38351
10.37779
10.39026
10.38453
10.397
10.39126
10.40374
10.398
10.41723
10.40473
10.43071
10.41147
10.43746
10.4182
10.4442
10.42493
10.45094
10.43167
10.45769
10.43841
10.46443
10.44514
10.50489
10.45188
10.51163
10.45861
10.5386
10.46535
10.54534
10.47208
10.55208
10.47881
10.55883
10.48555
10.56557
10.49228
10.57231
10.5002
10.57906
10.50693
10.5858
10.51366
10.59254
10.5204
10.5993
10.52713
10.60605
10.53386
10.61279
10.5406
10.61954
10.54733
10.62629
10.55406
10.63303
10.5608
10.63978
10.56753
10.64652
10.57426
10.65327
10.58099
10.66002
10.58773
10.67351
10.59446
10.68026
10.6012
10.687
10.60793
10.70049
10.61466
10.71397
10.62139
10.77069
10.62812
10.79092
10.63485
10.80442
10.64159
10.81116
10.64832
10.8179
10.65505
10.82465
10.66178
10.83139
10.6685
10.83814
10.67523
10.84488
10.68197
10.85163
10.6887
10.85837
10.69543
10.86512
10.70216
10.87861
10.70889
10.89209
10.71563
10.89883
10.72237
10.90557
10.7291
10.91232
10.73583
10.92582
10.74256
10.93257
10.74929
10.93931
10.75602
10.94606
10.76276
10.95281
10.76949
10.95956
10.77621
10.9663
10.78294
10.97305
10.78968
10.97979
10.79641
10.98654
10.80315
10.99329
10.80988
11.00678
10.81661
11.02027
10.82333
11.02702
10.83006
11.03378
10.83679
11.04051
10.84637
11.04726
10.85309
11.054
10.85983
11.06075
10.86656
11.06749
10.87329
11.07424
10.88001
11.08099
10.88674
11.08773
10.89347
11.09447
10.90019
11.10122
10.90692
11.10796
10.91364
11.11471
10.92036
11.12145
10.92709
11.12819
10.93382
11.13493
10.94055
11.14167
10.94727
11.14842
10.95399
11.15634
10.96072
11.16309
10.96745
11.16983
10.97417
11.17657
10.9809
11.18331
10.98762
11.19005
10.99435
11.1968
11.00108
11.20355
11.0078
11.21028
11.01453
11.21703
11.02126
11.22376
11.02798
11.23051
11.03471
11.23725
11.04144
11.24399
11.04817
11.25074
11.05489
11.25748
11.06162
11.26422
11.06835
11.27096
11.07507
11.2777
11.0818
11.28445
11.08852
11.29119
11.09525
11.29793
11.10197
11.30467
11.10869
11.31141
11.11542
11.31815
11.12214
11.32489
11.12887
11.33164
11.1356
11.33838
11.14233
11.34512
11.14905
11.35186
11.15578
11.3586
11.16251
11.36534
11.16924
11.37208
11.17597
11.37883
11.18269
11.38557
11.18942
11.3923
11.19614
11.39904
11.20287
11.40578
11.2096
11.41253
11.21633
11.41927
11.22305
11.426
11.22978
11.43275
11.23651
11.43948
11.24325
11.44623
11.24997
11.45296
11.2567
11.4597
11.26629
11.46644
11.27302
11.47317
11.27975
11.47991
11.28649
11.48665
11.29323
11.49338
11.29997
11.50012
11.3067
11.50686
11.31344
11.51359
11.32018
11.52033
11.32692
11.52707
11.33366
11.53381
11.34039
11.54055
11.34713
11.54729
11.35387
11.55402
11.36061
11.56076
11.36735
11.56749
11.37409
11.57423
11.38083
11.58096
11.38757
11.58769
11.39431
11.59442
11.40105
11.60115
11.40779
11.60787
11.41453
11.6146
11.42127
11.62133
11.43082
11.62806
11.43755
11.63479
11.44429
11.64152
11.45104
11.64824
11.45778
11.65498
11.46452
11.6617
11.47126
11.66843
11.478
11.67516
11.48474
11.6819
11.49148
11.68863
11.49822
11.69535
11.50496
11.70208
11.51171
11.70881
11.51845
11.71554
11.52519
11.72227
11.53193
11.72901
11.53867
11.73573
11.54541
11.74245
11.55215
11.74918
11.55888
11.7559
11.5656
11.76263
11.57233
11.76936
11.57905
11.77609
11.58578
11.78282
11.59251
11.78955
11.59923
11.79627
11.60596
11.803
11.61269
11.80973
11.61942
11.81646
11.62614
11.82318
11.63287
11.82991
11.6396
11.83663
11.64632
11.84336
11.65304
11.85009
11.65977
11.85682
11.6665
11.86355
11.67323
11.87028
11.67995
11.87701
11.68667
11.88374
11.6934
11.89047
11.70013
11.89721
11.70685
11.90394
11.71358
11.91067
11.72031
11.9174
11.72704
11.92414
11.73377
11.93087
11.74049
11.9376
11.74722
11.94433
11.75395
11.95106
11.76068
11.95779
11.7674
11.96452
11.77413
11.97125
11.78086
11.97798
11.78759
11.98471
11.79432
11.99144
11.80105
11.99817
11.80778
12.0049
11.81451
12.01163
11.82124
12.01836
11.82797
12.0251
11.83589
12.03183
11.84262
12.03856
11.84945
12.0453
11.85618
12.05203
11.86291
12.05876
11.86964
12.06549
11.87638
12.07222
11.88311
12.07896
11.88984
12.08568
11.89657
12.09242
11.90329
12.09915
11.91002
12.10588
11.91674
12.11261
11.92347
12.11934
11.9302
12.12607
11.93694
12.13399
11.94367
12.1419
11.9504
12.14863
11.95713
12.15536
11.96386
12.16209
11.9706
12.16882
11.97733
12.17555
11.98407
12.18238
11.99079
12.18911
11.99752
12.19585
12.00425
12.20257
12.01098
12.20931
12.01772
12.21604
12.02445
12.22277
12.03118
12.2295
12.03792
12.23623
12.04465
12.24296
12.05138
12.24969
12.05811
12.25643
12.06485
12.26317
12.07158
12.2699
12.07831
12.27663
12.08504
12.28336
12.09177
12.2901
12.0985
12.29683
12.10524
12.30355
12.11197
12.31029
12.1187
12.31702
12.12543
12.32375
12.13216
12.33048
12.1389
12.33722
12.14563
12.34395
12.15237
12.35068
12.1591
12.35741
12.16583
12.36414
12.17256
12.37088
12.1793
12.37761
12.18603
12.38434
12.19276
12.39108
12.19949
12.39781
12.20622
12.40454
12.21295
12.41127
12.21968
12.418
12.22642
12.42474
12.23315
12.43147
12.23987
12.4382
12.2466
12.44493
12.25333
12.45166
12.26006
12.45839
12.26679
12.46512
12.27352
12.47185
12.28025
12.47858
12.28698
12.48532
12.29371
12.49205
12.30163
12.49878
12.30835
12.50551
12.31508
12.51224
12.32181
12.51898
12.32854
12.52571
12.33527
12.53244
12.34199
12.54035
12.34872
12.54708
12.35545
12.55381
12.36218
12.56053
12.3689
12.56726
12.37563
12.57399
12.38236
12.58072
12.38909
12.58745
12.39582
12.59419
12.40255
12.60091
12.40928
12.60764
12.41601
12.61437
12.42273
12.6211
12.42945
12.62782
12.43618
12.63455
12.4429
12.64128
12.44962
12.64801
12.45634
12.65474
12.46307
12.66146
12.46979
12.66819
12.47651
12.67492
12.48324
12.68165
12.48997
12.68838
12.4967
12.69511
12.50343
12.70183
12.51015
12.70857
12.51689
12.7153
12.52361
12.72203
12.53034
12.72876
12.53707
12.73549
12.5438
12.74222
12.55053
12.74894
12.55726
12.75568
12.56398
12.76241
12.57071
12.76914
12.57744
12.77587
12.58417
12.7826
12.5909
12.78933
12.59763
12.79607
12.60435
12.8028
12.61108
12.80953
12.61781
12.81626
12.62454
12.82299
12.63127
12.82971
12.638
12.83644
12.64472
12.84316
12.65146
12.8499
12.65818
12.85663
12.66491
12.86336
12.67164
12.8701
12.67837
12.87683
12.6851
12.88356
12.69183
12.89028
12.69856
12.89702
12.70529
12.90494
12.71202
12.91167
12.71875
12.9184
12.72548
12.92633
12.73221
12.93306
12.73894
12.9398
12.74567
12.94653
12.75241
12.95326
12.75913
12.96
12.76586
12.96673
12.77259
12.97346
12.77932
12.98019
12.78605
12.98693
12.79278
12.99366
12.79951
13.00039
12.80624
13.00712
12.81297
13.01384
12.8197
13.02057
12.82643
13.0273
12.83317
13.03402
12.83989
13.04075
12.84662
13.04748
12.85334
13.05421
12.86007
13.06094
12.86679
13.06768
12.87351
13.07441
12.88023
13.08115
12.88696
13.08788
12.89368
13.09461
12.90042
13.10134
12.90715
13.10808
12.91388
13.11481
12.9206
13.12154
12.92733
13.12827
12.93406
13.135
12.94079
13.14174
12.94752
13.14847
12.95425
13.1552
12.96098
13.16193
12.96771
13.16866
12.97443
13.17539
12.98116
13.18212
12.98789
13.18884
12.99462
13.19557
13.00135
13.2023
13.00808
13.20903
13.01481
13.21576
13.02154
13.22248
13.02827
13.23039
13.035
13.23712
13.04174
13.24384
13.04847
13.25058
13.0552
13.25731
13.06193
13.26404
13.06866
13.27077
13.0754
13.27749
13.08212
13.28421
13.08885
13.29094
13.09558
13.29767
13.10231
13.3044
13.10905
13.31113
13.11578
13.31786
13.12251
13.32459
13.12924
13.33132
13.13598
13.33805
13.14271
13.34478
13.14944
13.35151
13.15617
13.35825
13.1629
13.36498
13.16963
13.37171
13.17636
13.37845
13.1831
13.38518
13.18983
13.39191
13.19656
13.39864
13.20329
13.40537
13.21002
13.4121
13.21675
13.41883
13.22347
13.42556
13.2302
13.43229
13.23692
13.43903
13.24365
13.44576
13.25038
13.45249
13.25711
13.45922
13.26385
13.46595
13.27058
13.47269
13.27731
13.47942
13.28404
13.48615
13.29077
13.49288
13.2975
13.49961
13.30423
13.50634
13.31096
13.51308
13.3177
13.51981
13.32443
13.52654
13.33116
13.53328
13.33789
13.54001
13.34463
13.54674
13.35136
13.55347
13.35809
13.56021
13.36482
13.56693
13.37156
13.57366
13.37829
13.58039
13.38502
13.58711
13.39176
13.59385
13.39849
13.60058
13.40522
13.60731
13.41195
13.61404
13.41868
13.62078
13.42541
13.62751
13.43214
13.63424
13.43887
13.64097
13.4456
13.64769
13.45233
13.65442
13.45906
13.66114
13.46579
13.66787
13.47252
13.67461
13.47925
13.68133
13.48598
13.68806
13.49271
13.69479
13.49943
13.70152
13.50616
13.70825
13.51289
13.71498
13.51962
13.72171
13.52635
13.72844
13.53308
13.73518
13.53981
13.74191
13.54653
13.74864
13.55326
13.75537
13.55999
13.7621
13.56672
13.76883
13.57345
13.77556
13.58018
13.78229
13.5869
13.78902
13.59363
13.79574
13.60036
13.80247
13.60709
13.8092
13.61382
13.81593
13.62055
13.82266
13.62728
13.82939
13.63401
13.83612
13.64074
13.84286
13.64746
13.84959
13.65419
13.85632
13.66092
13.86305
13.66765
13.86978
13.67438
13.87652
13.68111
13.88325
13.68784
13.88998
13.69458
13.89672
13.70131
13.90345
13.70805
13.91018
13.71478
13.91692
13.72151
13.92365
13.72824
13.93038
13.73498
13.93711
13.74171
13.94384
13.74844
13.95058
13.75518
13.95731
13.76191
13.96404
13.76865
13.97078
13.77538
13.97751
13.78211
13.98425
13.78885
13.99098
13.79558
13.99771
13.80231
14.00445
13.80904
14.01399
13.81578
14.02072
13.8225
14.02746
13.82924
14.03419
13.83597
14.04093
13.8427
14.04766
13.84943
14.0544
13.85616
14.06113
13.86289
14.06787
13.86963
14.0746
13.87636
14.08133
13.88309
14.08807
13.88983
14.0948
13.89656
14.10153
13.90329
14.10826
13.91002
14.11499
13.91676
14.12172
13.92349
14.12845
13.93022
14.13518
13.93696
14.14191
13.94369
14.14865
13.95042
14.15538
13.95716
14.16211
13.9639
14.16884
13.97063
14.17557
13.97736
14.1823
13.98409
14.18903
13.99082
14.19577
13.99756
14.20249
14.00429
14.20923
14.01102
14.21596
14.01775
14.22269
14.02449
14.22943
14.03123
14.23616
14.03796
14.2429
14.0447
14.24963
14.05143
14.25636
14.05817
14.26309
14.06491
14.26983
14.07165
14.27656
14.07839
14.28329
14.08513
14.29002
14.09187
14.29675
14.09861
14.30348
14.10535
14.31022
14.11209
14.31695
14.11884
14.32368
14.12558
14.33041
14.13232
14.33713
14.13907
14.34386
14.14581
14.3506
14.15255
14.35732
14.1593
14.36405
14.16605
14.37077
14.17279
14.3775
14.17953
14.38422
14.18628
14.39095
14.19677
14.39767
14.20351
14.4044
14.21025
14.41112
14.217
14.41784
14.22374
14.42457
14.23048
14.4313
14.23722
14.43803
14.24396
14.44476
14.25069
14.45149
14.25867
14.45821
14.2654
14.46494
14.27214
14.47167
14.27888
14.4784
14.28562
14.48513
14.29236
14.49187
14.2991
14.4986
14.30584
14.50534
14.31258
14.51207
14.31932
14.5188
14.32605
14.52553
14.3328
14.53227
14.33953
14.539
14.34627
14.54574
14.35301
14.55246
14.36095
14.55919
14.36769
14.56592
14.37441
14.57266
14.38114
14.58059
14.38787
14.58732
14.39582
14.59406
14.40255
14.60079
14.40929
14.60753
14.41602
14.61426
14.42277
14.62099
14.4295
14.62773
14.43624
14.63447
14.44298
14.6412
14.44972
14.64794
14.45645
14.65467
14.46319
14.66141
14.46993
14.66814
14.47666
14.67487
14.4834
14.68161
14.49014
14.68834
14.49687
14.69507
14.50361
14.70181
14.51035
14.70854
14.51709
14.71528
14.52503
14.72201
14.533
14.72874
14.53973
14.73548
14.54647
14.74339
14.55441
14.75012
14.56115
14.75686
14.56788
14.76359
14.57462
14.77032
14.58135
14.77706
14.58808
14.78379
14.59482
14.79052
14.60279
14.79725
14.60952
14.80398
14.61626
14.81071
14.62417
14.81745
14.63091
14.82537
14.63764
14.83211
14.64437
14.83884
14.65111
14.84557
14.65784
14.85231
14.66457
14.85904
14.6713
14.86577
14.67804
14.87251
14.68477
14.87924
14.69273
14.88598
14.69946
14.89271
14.70619
14.89945
14.71293
14.90619
14.71966
14.91292
14.72639
14.92086
14.73312
14.92759
14.73986
14.93432
14.7466
14.94105
14.75333
14.94779
14.76007
14.95452
14.76681
14.96126
14.77354
14.96799
14.78028
14.97472
14.78701
14.98146
14.79375
14.9882
14.80168
14.99493
14.80842
15.00167
14.81515
15.0084
14.82189
15.01514
14.82863
15.02187
14.83537
15.0286
14.8421
15.03533
14.84883
15.04207
14.85556
15.04881
14.8623
15.05554
14.87024
15.06227
14.87697
15.06901
14.8837
15.07574
14.89043
15.08248
14.89717
15.08921
14.9039
15.09713
14.91063
15.10386
14.91736
15.11059
14.92409
15.11733
14.93083
15.12406
14.93756
15.13079
14.94429
15.13753
14.95102
15.14427
14.95775
15.151
14.96448
15.15774
14.97121
15.16447
14.97916
15.1712
14.9859
15.17793
14.99263
15.18467
14.99936
15.1914
15.0061
15.19814
15.01283
15.20487
15.01957
15.2116
15.02748
15.21834
15.03421
15.22507
15.04095
15.23181
15.04768
15.23855
15.05442
15.24528
15.06115
15.25201
15.06789
15.25873
15.07463
15.26829
15.08136
15.27502
15.08809
15.28176
15.09483
15.28849
15.10157
15.29642
15.10831
15.30316
15.11504
15.30989
15.12178
15.31663
15.12851
15.32336
15.13525
15.3301
15.14199
15.33683
15.14873
15.34728
15.15546
15.35401
15.1622
15.36075
15.16893
15.36749
15.17567
15.37422
15.18241
15.38096
15.18915
15.38769
15.19588
15.39443
15.20262
15.40235
15.21056
15.40909
15.21729
15.41582
15.22402
15.42255
15.23075
15.42929
15.23749
15.43602
15.24423
15.44949
15.25096
15.45622
15.2577
15.46296
15.26444
15.46968
15.27118
15.47641
15.27792
15.48315
15.28465
15.48988
15.29139
15.49661
15.29812
15.50335
15.30485
15.51009
15.31159
15.51682
15.31832
15.52356
15.32505
15.53029
15.33178
15.53702
15.33971
15.54375
15.34644
15.55721
15.35318
15.56394
15.35991
15.57067
15.37036
15.57741
15.37709
15.58414
15.38383
15.59087
15.39057
15.59761
15.401
15.60434
15.40773
15.61108
15.41447
15.61781
15.42239
15.62455
15.42913
15.63128
15.43587
15.63921
15.44261
15.64713
15.44934
15.65386
15.45608
15.66059
15.46282
15.66733
15.46956
15.67407
15.47629
15.68081
15.48303
15.68874
15.48977
15.6967
15.49651
15.70344
15.50325
15.71017
15.51118
15.71691
15.51792
15.72365
15.52466
15.73038
15.5314
15.73712
15.53813
15.74385
15.54487
15.75059
15.55161
15.75733
15.55835
15.76406
15.56509
15.7708
15.57182
15.77754
15.57979
15.78428
15.58653
15.79101
15.59327
15.79775
15.60001
15.80449
15.60675
15.81123
15.61349
15.81796
15.62022
15.8247
15.62696
15.83144
15.6337
15.83937
15.64044
15.84611
15.64718
15.85285
15.65392
15.85958
15.66066
15.86632
15.6674
15.87306
15.67534
15.8798
15.6874
15.88653
15.69414
15.89328
15.70087
15.90001
15.70761
15.90675
15.71556
15.91349
15.7223
15.92023
15.72904
15.9337
15.73578
15.94044
15.74252
15.94718
15.75047
15.95516
15.75842
15.9619
15.76635
15.96863
15.77309
15.97537
15.77983
15.98835
15.78657
15.99508
15.79449
16.00182
15.80122
16.00856
15.80796
16.0153
15.8147
16.02204
15.82144
16.02878
15.82818
16.03552
15.83492
16.04226
15.84165
16.049
15.84839
16.05574
15.85633
16.06248
15.86306
16.06922
15.8698
16.07596
15.87654
16.08269
15.88447
16.08942
15.89121
16.09616
15.89794
16.1029
15.90468
16.10963
15.91141
16.11637
15.91938
16.12311
15.92611
16.12985
15.93822
16.13658
15.94496
16.14332
15.95169
16.15006
15.95965
16.15798
15.96638
16.16471
15.97312
16.17145
15.97985
16.17819
15.98658
16.18493
15.99333
16.19167
16.00006
16.1984
16.00679
16.20514
16.01353
16.21188
16.02027
16.21984
16.0282
16.22657
16.03614
16.23331
16.04287
16.24004
16.0496
16.24678
16.05633
16.25352
16.06426
16.26025
16.07099
16.26699
16.07772
16.27373
16.08445
16.28047
16.09118
16.2872
16.09791
16.29394
16.10464
16.30068
16.11256
16.30863
16.11929
16.31537
16.12602
16.3221
16.13397
16.32884
16.14071
16.33557
16.14745
16.34231
16.15418
16.34904
16.16091
16.35578
16.16765
16.3625
16.17438
16.37045
16.18112
16.37718
16.18907
16.38392
16.19703
16.39065
16.20499
16.39739
16.21172
16.40413
16.21845
16.41087
16.22519
16.41878
16.23192
16.42552
16.23866
16.43226
16.2454
16.43899
16.25337
16.44573
16.26546
16.45367
16.27219
16.46041
16.27892
16.46715
16.28937
16.47389
16.29611
16.48063
16.30285
16.48854
16.31576
16.49528
16.3225
16.50202
16.32924
16.50996
16.33598
16.51669
16.34271
16.52343
16.34945
16.53018
16.35743
16.5381
16.36416
16.54603
16.37091
16.55395
16.37765
16.56191
16.38439
16.56865
16.39113
16.57539
16.39787
16.58213
16.40581
16.58887
16.41255
16.59561
16.41929
16.60235
16.42603
16.60909
16.43278
16.61583
16.43952
16.62932
16.44626
16.63606
16.453
16.6428
16.45974
16.64954
16.46648
16.65628
16.47323
16.66302
16.48118
16.66975
16.48792
16.6765
16.49467
16.68324
16.50141
16.68998
16.51684
16.69672
16.52357
16.70346
16.53153
16.7114
16.53827
16.71814
16.54872
16.72488
16.55546
16.73162
16.5622
16.73836
16.57017
16.7451
16.57691
16.75183
16.58365
16.75857
16.5966
16.77205
16.60334
16.7788
16.61008
16.78553
16.61683
16.79348
16.62477
16.80143
16.6327
16.80816
16.63944
16.8149
16.64618
16.82284
16.65412
16.83077
16.66678
16.83751
16.67352
16.84711
16.68038
16.85505
16.68712
16.86179
16.69386
16.86853
16.7006
16.87527
16.70734
16.8832
16.71408
16.89362
16.72082
16.90036
16.73127
16.90711
16.738
16.91385
16.74474
16.92179
16.75767
16.92974
16.76439
16.94017
16.77113
16.94691
16.77785
16.95365
16.78577
16.96039
16.79251
16.96713
16.79924
17.0155
16.80599
17.02224
16.81274
17.02898
16.81943
17.03572
16.8261
17.04246
16.8327
17.0492
16.83939
17.05714
16.84887
17.06388
16.86422
17.07062
16.87091
17.07736
16.87759
17.0841
16.89041
17.09084
16.89707
17.09758
16.90375
17.10432
16.91907
17.11107
16.92566
17.11781
16.93232
17.12455
16.94759
17.13129
16.95429
17.13804
16.96096
17.14478
16.97376
17.15274
16.98029
17.16068
16.9869
17.16742
16.99352
17.17416
17.00136
17.18379
17.01163
17.19425
17.01826
17.20099
17.02492
17.20773
17.03159
17.21815
17.03823
17.22608
17.04484
17.23402
17.05155
17.24076
17.05822
17.2475
17.06488
17.25424
17.07271
17.26099
17.07935
17.26773
17.08602
17.27567
17.09386
17.28242
17.1006
17.28916
17.10732
17.29711
17.11406
17.30385
17.12072
17.31059
17.12863
17.31734
17.13536
17.32527
17.1421
17.33202
17.14885
17.33876
17.15559
17.3455
17.16353
17.35225
17.17027
17.35899
17.17701
17.36574
17.18488
17.37247
17.19153
17.37922
17.19817
17.38597
17.20606
17.39271
17.2128
17.39945
17.21955
17.40987
17.22749
17.41661
17.23424
17.42334
17.24099
17.43008
17.24773
17.43683
17.25448
17.44357
17.26654
17.45031
17.27328
17.45705
17.28003
17.46379
17.29541
17.47726
17.30215
17.54276
17.30889
17.55862
17.31684
17.56536
17.32726
17.60025
17.33401
17.60699
17.34076
17.61374
17.35369
17.62416
17.36044
17.63089
17.36718
17.64557
17.37513
17.65905
17.38303
17.66579
17.3935
17.67253
17.40022
17.68707
17.40697
17.69381
17.41371
17.70055
17.42164
17.70847
17.42965
17.71522
17.43639
17.72195
17.44313
17.7287
17.44987
17.73544
17.46025
17.74218
17.46698
17.75012
17.47365
17.75686
17.48031
17.76361
17.48695
17.77653
17.4937
17.78327
17.50044
17.79001
17.51331
17.79675
17.51995
17.80349
17.5266
17.81395
17.53437
17.82188
17.54967
17.82862
17.55623
17.83536
17.5628
17.8421
17.57549
17.85915
17.582
17.86708
17.58849
17.87382
17.60603
17.88057
17.6125
17.88731
17.61888
17.89774
17.6252
17.90448
17.63271
17.91123
17.64271
17.91797
17.64903
17.9309
17.65531
17.93764
17.66274
17.94439
17.67261
17.95233
17.6816
17.96029
17.68901
17.97318
17.70379
17.97988
17.71104
17.98778
17.72823
17.99445
17.73541
18.00105
17.74142
18.00759
17.74738
18.01943
17.76201
18.0295
17.77131
18.03585
17.77839
18.04207
17.78424
18.0521
17.7901
18.05833
17.80467
18.06454
17.81168
18.07693
17.8175
18.08305
17.82332
18.09036
17.8291
18.10518
17.83487
18.11242
17.84066
18.12214
17.8518
18.12939
17.85881
18.13658
17.8683
18.14258
17.87532
18.14861
17.88112
18.15828
17.88692
18.16544
17.89272
18.17141
17.89849
18.17737
17.90544
18.18699
17.91121
18.19413
17.91698
18.20383
17.92277
18.21348
17.93637
18.22065
17.94454
18.22658
17.95032
18.23253
17.95613
18.23969
17.96558
18.24561
17.97136
18.25155
17.97835
18.2575
17.98413
18.2663
17.9899
18.27598
17.99571
18.28194
18.00267
18.28788
18.01632
18.29505
18.02214
18.30218
18.02921
18.31436
18.04121
18.32032
18.0507
18.32632
18.06769
18.33596
18.07719
18.34561
18.08299
18.35942
18.0888
18.36542
18.10242
18.3714
18.11935
18.38357
18.12513
18.38961
18.13089
18.39566
18.1429
18.40289
18.1524
18.40895
18.15819
18.41499
18.16396
18.42106
18.1697
18.42714
18.1783
18.43696
18.18406
18.44427
18.18984
18.45651
18.19684
18.46257
18.2063
18.4686
18.21328
18.47465
18.21903
18.48188
18.22475
18.49167
18.23053
18.49896
18.23625
18.50623
18.24769
18.51233
18.25459
18.51842
18.26317
18.52454
18.27018
18.53065
18.27596
18.54295
18.28293
18.54902
18.28989
18.55508
18.29694
18.56115
18.30392
18.56725
18.30974
18.57335
18.31549
18.58569
18.32753
18.59179
18.33328
18.59787
18.33907
18.61018
18.35269
18.61748
18.35852
18.62363
18.36432
18.62976
18.37137
18.63967
18.38091
18.6495
18.38795
18.6568
18.39993
18.66292
18.41444
18.66904
18.42395
18.6752
18.42979
18.68663
18.43931
18.69905
18.45131
18.70644
18.46087
18.71261
18.46673
18.71879
18.4726
18.7262
18.47967
18.73238
18.48674
18.73858
18.49263
18.74477
18.49852
18.75096
18.50563
18.75835
18.51152
18.76738
18.52615
18.77355
18.53208
18.78342
18.53918
18.78957
18.54884
18.79702
18.556
18.80319
18.56193
18.8094
18.56791
18.81559
18.57753
18.82803
18.58721
18.83801
18.60095
18.85447
18.60809
18.86066
18.61527
18.86692
18.62246
18.87434
18.62971
18.88061
18.63573
18.88682
18.64176
18.89419
18.64899
18.90051
18.65505
18.90681
18.66109
18.91428
18.6671
18.92058
18.67437
18.92975
18.68575
18.93612
18.69183
18.9425
18.69793
18.95276
18.70518
18.96045
18.71123
18.97057
18.71731
18.97811
18.72462
18.99255
18.73068
19.00017
18.73679
19.00649
18.74664
19.01286
18.75398
19.02047
18.7679
19.02812
18.77524
19.04313
18.78503
19.04955
18.79494
19.05601
18.80481
19.07112
18.81714
19.07876
18.82454
19.08638
18.83193
19.09654
18.84183
19.11081
18.85082
19.11839
18.86074
19.12479
18.87314
19.13109
18.88056
19.14618
18.9005
19.15251
18.9068
19.15886
18.91296
19.16513
18.92535
19.18013
18.9394
19.18642
18.94934
19.19392
18.96429
19.20883
18.97169
19.21638
18.98156
19.22633
18.99396
19.23878
19.00009
19.24503
19.0062
19.25127
19.02131
19.2636
19.02855
19.26974
19.03579
19.27594
19.04184
19.29331
19.0479
19.30313
19.0539
19.3155
19.06363
19.32286
19.07082
19.33271
19.08049
19.34254
19.09018
19.35402
19.10392
19.36014
19.11353
19.37
19.12809
19.37733
19.13513
19.3872
19.1447
19.39331
19.16372
19.39947
19.16955
19.41679
19.18815
19.43162
19.19395
19.44063
19.19978
19.46039
19.22599
19.46641
19.25552
19.47245
19.27356
19.48466
19.28299
19.50931
19.29248
19.51522
19.30949
19.52113
19.32642
19.53832
19.33584
19.5454
19.34689
19.56494
19.35383
19.57077
19.37074
19.57661
19.38014
19.5862
19.3896
19.59732
19.40409
19.60434
19.41362
19.61635
19.42061
19.62338
19.42919
19.64292
19.43862
19.65237
19.44554
19.66938
19.45251
19.68547
19.4621
19.69247
19.47654
19.70701
19.48231
19.71275
19.48808
19.71851
19.50006
19.74309
19.50952
19.75002
19.51527
19.76956
19.52972
19.78561
19.53551
19.79502
19.54128
19.80947
19.56323
19.81635
19.58027
19.82577
19.6123
19.83268
19.6302
19.85463
19.63725
19.87066
19.65676
19.89514
19.66624
19.91206
19.67827
19.9178
19.68694
19.92726
19.69394
19.94827
19.70098
19.95777
19.71543
19.97467
19.72246
19.99167
19.73204
20.01361
19.74658
20.0272
19.75367
20.03419
19.77149
20.05359
19.77735
20.06307
19.78322
20.08242
19.79708
20.08933
19.80418
20.09785
19.81387
20.10352
19.82102
20.11792
19.82807
20.13232
19.83517
20.13919
19.84476
20.14856
19.85599
20.16792
19.86303
20.17729
19.87753
20.20079
19.88337
20.23276
19.89285
20.26392
19.90978
20.29137
19.92426
20.30076
19.9404
20.32269
19.96928
20.3421
20.03748
20.36711
20.06444
20.3741
20.07134
20.40117
20.08817
20.41067
20.11172
20.44019
20.13526
20.45521
20.15727
20.46219
20.17288
20.48161
20.18746
20.48739
20.1968
20.49316
20.21865
20.51017
20.23444
20.52277
20.24375
20.52859
20.2681
20.54289
20.27652
20.54996
20.29601
20.56713
20.30551
20.57671
20.31502
20.60071
20.32192
20.6331
20.34629
20.66766
20.36817
20.70732
20.38505
20.73862
20.40693
20.76576
20.41388
20.79192
20.44248
20.81095
20.47346
20.8205
20.49225
20.8425
20.51682
20.84837
20.54783
20.85427
20.5745
20.86131
20.59979
20.88335
20.62973
20.89724
20.66321
20.90674
20.70209
20.92634
20.72495
20.94967
20.73172
20.96686
20.7531
20.97265
20.77394
20.98967
20.79509
21.01338
20.81614
21.04916
20.82172
21.06872
20.84081
21.0957
20.85802
21.12101
20.86734
21.14546
20.89287
21.17215
20.96045
21.21121
20.97471
21.23063
20.99632
21.26608
21.01967
21.28712
21.04767
21.29647
21.07449
21.3233
21.09133
21.33019
21.09982
21.34699
21.11909
21.36798
21.13233
21.38977
21.13903
21.39908
21.1501
21.42096
21.1556
21.43045
21.16111
21.44964
21.18537
21.48401
21.2108
21.51499
21.30967
21.53458
21.34512
21.56631
21.37191
21.58809
21.40229
21.61036
21.43142
21.61953
21.44061
21.65621
21.477
21.68286
21.49828
21.70486
21.50489
21.73393
21.52097
21.74055
21.53007
21.76881
21.56031
21.79678
21.58688
21.83092
21.60228
21.86822
21.60883
21.89553
21.62772
21.93322
21.64932
21.96578
21.66587
21.99983
21.695
22.02135
21.72561
22.04485
21.75623
22.08363
21.79286
22.09659
21.82569
22.12327
21.86221
22.15448
21.89642
22.19078
21.92319
22.22017
21.95601
22.25455
21.98782
22.29383
22.02319
22.33148
22.05627
22.35971
22.09203
22.38971
22.12384
22.41643
22.14795
22.45371
22.1735
22.49161
22.1967
22.52535
22.22296
22.56333
22.23602
22.58878
22.26489
22.61739
22.2957
22.65418
22.31878
22.68729
22.347
22.70882
22.37059
22.73723
22.39509
22.76867
22.45253
22.79249
22.48086
22.82178
22.52057
22.85409
22.54723
22.87904
22.57093
22.90451
22.60473
22.9137
22.63052
22.93899
22.66588
22.96981
22.69074
22.9965
22.71128
23.01955
22.73901
23.04534
22.75707
23.08345
22.78128
23.11251
22.80158
23.13973
22.81067
23.14879
22.82957
23.18668
22.83759
23.20679
22.86335
23.24188
22.89251
23.27093
22.91471
23.29771
22.93748
23.3336
22.97087
23.37189
22.99019
23.40117
23.01714
23.43672
23.03886
23.47715
23.06494
23.50178
23.09864
23.53886
23.12939
23.57812
23.15923
23.61099
23.19195
23.64452
23.2143
23.66216
23.23841
23.67878
23.26163
23.70136
23.26822
23.73029
23.30361
23.75447
23.33194
23.77491
23.35465
23.8083
23.39057
23.82926
23.42737
23.86435
23.45753
23.8908
23.47648
23.89981
23.50121
23.93105
23.55006
23.965
23.56764
23.99916
23.61523
24.03476
23.64991
24.06019
23.68688
24.09744
23.70618
24.12007
23.74414
24.14399
23.7684
24.17558
23.79246
24.20598
23.81108
24.23758
23.83044
24.24661
23.86063
24.27717
23.87331
24.29644
23.89713
24.31731
24.00422
24.34598
24.04284
24.37404
24.07076
24.41128
24.07722
24.4428
24.10513
24.4724
24.12685
24.50635
24.22466
24.53036
24.23363
24.56437
24.25398
24.59176
24.26292
24.59956
24.28336
24.61824
24.31234
24.64002
24.34468
24.66811
24.37478
24.69355
24.40227
24.71265
24.43265
24.71914
24.45329
24.73796
24.47487
24.76675
24.49763
24.79853
24.5153
24.82802
24.52439
24.86473
24.55339
24.90125
24.57827
24.93578
24.58724
24.97185
24.59623
24.9998
24.60519
25.02314
24.62677
25.02975
24.65152
25.05192
24.68509
25.08074
24.69154
25.10024
24.71537
25.12217
24.72183
25.14675
24.74081
25.17285
24.7565
25.20091
24.77807
25.22252
24.80078
25.25532
24.82391
25.2859
24.8529
25.30724
24.87419
25.33243
24.92858
25.36377
24.99307
25.3996
25.08432
25.42864
25.10304
25.44909
25.12321
25.4779
25.13089
25.50175
25.15096
25.53301
25.15605
25.55358
25.16114
25.55868
25.18241
25.56376
25.20023
25.58282
25.2267
25.60143
25.25171
25.60793
25.2681
25.62662
25.28087
25.63409
25.28835
25.66156
25.30861
25.6695
25.32397
25.68701
25.33883
25.71003
25.34509
25.73416
25.35141
25.74301
25.37796
25.76369
25.39565
25.78376
25.40446
25.80946
25.42215
25.83031
25.42963
25.85949
25.44476
25.88139
25.45292
25.90966
25.47887
25.91753
25.49407
25.94077
25.50038
25.96573
25.52317
25.98788
25.52945
26.01236
25.55398
26.03824
25.58462
26.05141
25.61532
26.05891
25.63847
26.08028
25.6552
26.08658
25.67771
26.10366
25.71074
26.11112
25.73318
26.13375
25.75957
26.16213
25.77792
26.19017
25.79002
26.20959
25.79829
26.21775
25.82861
26.24374
25.83739
26.26641
25.86196
26.28254
25.87315
26.29001
25.89492
26.31652
25.9012
26.3392
25.9365
26.3679
25.96514
26.38708
25.98407
26.40825
26.00315
26.42298
26.01061
26.42806
26.03085
26.43314
26.05185
26.44826
26.05934
26.45452
26.08087
26.47251
26.09577
26.48095
26.10451
26.49307
26.19821
26.49939
26.20699
26.52306
26.22227
26.53172
26.27145
26.54972
26.29518
26.5705
26.30398
26.60032
26.32014
26.61349
26.33223
26.63204
26.33968
26.66046
26.36601
26.68265
26.38529
26.70671
26.40514
26.71548
26.43476
26.73033
26.4511
26.75785
26.45937
26.78337
26.47716
26.78965
26.49566
26.81791
26.51323
26.83689
26.53138
26.86556
26.55256
26.88798
26.55883
26.91141
26.58846
26.94261
26.61165
26.96863
26.62879
26.99521
26.63758
27.01709
26.64387
27.04299
26.66072
27.06561
26.67483
27.08796
26.68688
27.09424
26.69317
27.11883
26.71299
27.14499
26.72835
27.16606
26.74538
27.1847
26.76295
27.1997
26.78645
27.20478
26.79496
27.21551
26.8226
27.22182
26.84258
27.23814
26.87265
27.2647
26.89385
27.28324
26.9026
27.30086
26.9176
27.32055
26.9363
27.33779
26.95089
27.35753
26.95723
27.36503
26.97086
27.39355
26.99336
27.4213
27.00194
27.44314
27.0145
27.46348
27.02317
27.46979
27.02944
27.47935
27.03572
27.48444
27.0505
27.48952
27.06083
27.5188
27.0696
27.52508
27.08658
27.54652
27.10208
27.55286
27.10957
27.57105
27.1293
27.57613
27.13787
27.5812
27.16617
27.59895
27.17368
27.61633
27.18247
27.6386
27.20069
27.65215
27.20577
27.66083
27.21085
27.68609
27.23182
27.7135
27.24005
27.73556
27.26701
27.75476
27.2758
27.77547
27.29562
27.78177
27.31295
27.8055
27.32952
27.82796
27.34643
27.83426
27.36853
27.85403
27.39033
27.85912
27.39782
27.8642
27.41778
27.87637
27.43485
27.89466
27.45391
27.9131
27.47508
27.91941
27.48626
27.93663
27.49469
27.94846
27.51442
27.96384
27.52193
27.97518
27.54393
27.98382
27.55908
28.00527
27.56735
28.01752
27.59268
28.03345
27.60089
28.05361
27.61505
28.0599
27.62354
28.08268
27.64441
28.10323
27.65858
28.1179
27.66702
28.12588
27.67558
28.14293
27.68877
28.14922
27.69694
28.1707
27.7114
28.19174
27.71767
28.19802
27.72613
28.22054
27.73698
28.23785
27.74327
28.26036
27.75662
28.27431
27.76289
28.28182
27.76917
28.29509
27.77548
28.30348
27.78631
28.31215
27.7926
28.32732
27.80592
28.34523
27.82225
28.35366
27.83321
28.37249
27.83951
28.37878
27.85522
28.39639
27.872
28.40387
27.88825
28.41736
27.89334
28.42584
27.90646
28.45138
27.91274
28.47654
27.91903
28.49622
27.93198
28.50414
27.93826
28.51984
27.95345
28.53956
27.96886
28.54705
27.97634
28.56372
27.99541
28.57697
28.01086
28.58326
28.01715
28.59442
28.03224
28.6025
28.03851
28.6172
28.06073
28.64254
28.08029
28.66005
28.08778
28.6794
28.10913
28.69354
28.1154
28.69983
28.12826
28.71574
28.13334
28.72362
28.15752
28.7408
28.16565
28.74708
28.19251
28.75337
28.20095
28.76833
28.22706
28.7861
28.24805
28.80438
28.26112
28.81066
28.2674
28.83124
28.28489
28.85365
28.29308
28.8791
28.31243
28.89701
28.32205
28.91508
28.35417
28.92135
28.38318
28.93531
28.39883
28.94279
28.41989
28.9593
28.42617
28.97693
28.44287
28.99682
28.44915
29.0031
28.46668
29.02325
28.47296
29.03809
28.4818
29.04558
28.50423
29.06244
28.52301
29.07074
28.53145
29.09112
28.58048
29.0986
28.61583
29.11093
28.68673
29.11841
28.74042
29.13716
28.75589
29.15681
28.7638
29.17212
28.7759
29.17838
28.78437
29.19878
28.79895
29.21488
28.81845
29.22341
28.82471
29.24108
28.84669
29.26497
28.89399
29.28364
28.92302
29.29117
28.94001
29.30825
28.96327
29.31454
28.97196
29.32941
28.97822
29.33568
28.98987
29.34449
29.00621
29.35784
29.02073
29.374
29.0287
29.39112
29.0531
29.40227
29.06596
29.40856
29.07417
29.42682
29.08273
29.4453
29.09876
29.46239
29.11477
29.46869
29.12311
29.48894
29.13964
29.49775
29.14761
29.51498
29.1564
29.54199
29.18397
29.56007
29.2017
29.58085
29.22301
29.59557
29.241
29.60309
29.24731
29.61863
29.26712
29.6285
29.28974
29.64355
29.29781
29.65846
29.31515
29.67063
29.33108
29.67691
29.34453
29.69281
29.36186
29.70805
29.37907
29.71624
29.39365
29.73935
29.39994
29.75605
29.4139
29.77572
29.4375
29.78334
29.45355
29.80036
29.47409
29.80825
29.48264
29.82474
29.49573
29.83978
29.50081
29.84726
29.51968
29.86444
29.52625
29.87586
29.53765
29.88219
29.54397
29.90017
29.57022
29.90647
29.59357
29.92825
29.59988
29.94675
29.61648
29.97405
29.63
29.99439
29.63816
30.01505
29.65552
30.03246
29.6757
30.0407
29.69807
30.05619
29.71388
30.06501
29.72806
30.08241
29.74488
30.08992
29.75714
30.10116
29.77686
30.12354
29.80086
30.13647
29.82183
30.14479
29.83052
30.15504
29.84728
30.17071
29.85494
30.17883
29.88608
30.19154
29.89405
30.19987
29.91511
30.21595
29.93062
30.23219
29.9478
30.24053
29.96184
30.26344
29.97631
30.27903
29.98397
30.30151
30.00196
30.32435
30.02481
30.34369
30.0442
30.35721
30.06462
30.37717
30.08185
30.39692
30.09979
30.40575
30.1192
30.41203
30.1378
30.42651
30.15799
30.44459
30.17811
30.46732
30.1861
30.4888
30.21536
30.51172
30.23531
30.52874
30.26746
30.54703
30.29467
30.5658
30.31815
30.58173
30.32563
30.58921
30.34482
30.61216
30.35405
30.62218
30.36154
30.62726
30.37468
30.64137
30.38645
30.64766
30.39274
30.66583
30.41113
30.67371
30.41993
30.69031
30.44015
30.71025
30.44823
30.7262
30.468
30.74635
30.4764
30.77236
30.49264
30.79989
30.49899
30.8172
30.51991
30.84349
30.54504
30.85226
30.56794
30.87291
30.5886
30.89998
30.60321
30.92038
30.6083
30.92886
30.6374
30.94815
30.65726
30.95667
30.67948
30.97183
30.69891
30.97815
30.73162
30.99787
30.75852
31.01676
30.77639
31.03203
30.79448
31.04922
30.81808
31.05783
30.82888
31.0763
30.83524
31.09492
30.84154
31.11709
30.85718
31.13691
30.86348
31.14482
30.87853
31.16578
30.88735
31.18869
30.90116
31.20841
30.93321
31.23385
30.96065
31.26325
30.98988
31.291
31.01188
31.31011
31.03432
31.32784
31.05412
31.33415
31.07981
31.35295
31.09841
31.37003
31.10476
31.39486
31.13585
31.42031
31.16278
31.43725
31.18159
31.44481
31.19878
31.47795
31.20731
31.48624
31.22976
31.51745
31.2482
31.54373
31.25635
31.5703
31.28831
31.5967
31.30734
31.62042
31.31363
31.64878
31.34891
31.66878
31.37988
31.69603
31.40966
31.71839
31.43343
31.73366
31.4409
31.76364
31.46778
31.78159
31.48936
31.78667
31.50373
31.79174
31.51135
31.81888
31.52644
31.85196
31.5442
31.8655
31.56185
31.88402
31.57033
31.90068
31.58592
31.90696
31.5922
31.93605
31.61732
31.95366
31.6254
31.95994
31.63418
31.97511
31.64983
31.99423
31.6675
32.01487
31.67556
32.04622
31.69404
32.06921
31.72275
32.08585
31.74544
32.10425
31.76818
32.11053
31.79447
32.12283
31.81618
32.12791
31.83672
32.13298
31.86489
32.14713
31.88812
32.1705
31.90691
32.17934
31.92454
32.19391
31.93081
32.20184
31.94621
32.22148
31.95922
32.24191
31.97158
32.24698
31.9853
32.25205
31.99565
32.27312
32.01197
32.29137
32.02736
32.29955
32.04399
32.31668
32.06311
32.33787
32.07059
32.36217
32.08423
32.37892
32.09052
32.40301
32.10426
32.42328
32.11176
32.4414
32.14005
32.46107
32.16004
32.46906
32.17817
32.482
32.18448
32.49239
32.19271
32.50084
32.21184
32.52078
32.22884
32.53519
32.23767
32.55763
32.2579
32.57396
32.27628
32.60189
32.28963
32.62477
32.30697
32.64091
32.31445
32.64719
32.33569
32.65548
32.3535
32.67105
32.37516
32.6793
32.38148
32.68676
32.39001
32.71437
32.4045
32.73622
32.42842
32.74445
32.45193
32.76519
32.4737
32.78853
32.50214
32.81396
32.52653
32.83034
32.55836
32.864
32.58888
32.87915
32.60476
32.91336
32.64008
32.93436
32.67014
32.9617
32.69461
32.98351
32.70238
33.01425
32.72683
33.03121
32.73191
33.05365
32.73701
33.07516
32.76565
33.10192
32.77313
33.13356
32.80244
33.16532
32.83231
33.19317
32.86472
33.20124
32.88753
33.23375
32.91197
33.26479
32.94499
33.28576
32.97274
33.29325
32.99998
33.31683
33.01875
33.33493
33.04477
33.35852
33.05355
33.38773
33.0791
33.41787
33.08789
33.44853
33.11857
33.47231
33.13872
33.50277
33.17423
33.52011
33.20353
33.5488
33.23433
33.5717
33.25491
33.57961
33.28663
33.61342
33.30301
33.64239
33.32972
33.64894
33.33628
33.67926
33.36333
33.70581
33.39282
33.71407
33.42773
33.73266
33.4457
33.75436
33.46689
33.77667
33.48457
33.80073
33.50193
33.82344
33.50851
33.8376
33.52258
33.84297
33.54301
33.87168
33.55734
33.89648
33.58731
33.92385
33.61824
33.95343
33.64776
33.97049
33.67304
33.99234
33.69484
34.03519
33.70364
34.05449
33.73798
34.08434
33.76179
34.09063
33.79157
34.11439
33.80892
34.14083
33.82007
34.16205
33.82638
34.18707
33.84879
34.21164
33.86835
34.22699
33.89216
34.25286
33.91129
34.28032
33.929
34.30278
33.9492
34.31104
33.95798
34.35155
33.97636
34.35995
33.99719
34.37779
34.02019
34.38409
34.04979
34.40785
34.07177
34.43158
34.09917
34.43919
34.11779
34.45281
34.1263
34.4591
34.14638
34.47768
34.1606
34.48397
34.16943
34.50475
34.18803
34.51666
34.22098
34.52446
34.24874
34.54895
34.27293
34.56871
34.30024
34.59469
34.30911
34.62777
34.34141
34.65405
34.36702
34.68457
34.39351
34.71846
34.43096
34.75019
34.45596
34.77826
34.47839
34.80564
34.50467
34.82686
34.52274
34.83439
34.5316
34.86611
34.55095
34.89273
34.5598
34.91475
34.56613
34.93052
34.59349
34.93942
34.62615
34.96651
34.65623
34.97419
34.66254
35.00475
34.68625
35.0373
34.70609
35.07007
34.732
35.10558
34.76139
35.14045
34.78337
35.16804
34.81108
35.18806
34.84364
35.21218
34.87057
35.23093
34.87811
35.23944
34.90084
35.2691
34.90965
35.30218
34.93429
35.33124
34.95967
35.36657
34.99374
35.39206
35.01796
35.41586
35.04081
35.42216
35.06208
35.44576
35.09418
35.48168
35.12585
35.50063
35.14512
35.51474
35.16653
35.5408
35.18879
35.54963
35.20982
35.57032
35.22334
35.5868
35.2497
35.60342
35.26949
35.60974
35.29336
35.63536
35.32443
35.65609
35.35883
35.68722
35.39319
35.71847
35.42075
35.74712
35.4511
35.7777
35.48734
35.80199
35.51852
35.82935
35.55069
35.86064
35.58329
35.89162
35.61494
35.92564
35.64965
35.95737
35.66745
35.9866
35.70387
35.99291
35.72821
36.02509
35.76097
36.05653
35.7826
36.08788
35.80616
36.1202
35.83256
36.1517
35.85559
36.18036
35.87399
36.20789
35.90188
36.24226
35.93127
36.27307
35.96342
36.3058
35.98816
36.33348
35.99449
36.34231
36.02508
36.37465
36.05379
36.39964
36.09061
36.42346
36.12668
36.4437
36.15746
36.4764
36.19282
36.50802
36.22786
36.53797
36.26122
36.57383
36.29369
36.60823
36.32494
36.64228
36.33249
36.67787
36.36332
36.70995
36.39619
36.73911
36.42929
36.77163
36.46306
36.80504
36.49597
36.83509
36.52446
36.86584
36.55747
36.90154
36.58749
36.92795
36.61676
36.95881
36.63945
36.98245
36.66813
37.01011
36.69906
37.03782
36.72673
37.06751
36.75917
37.10006
36.78907
37.13534
36.81581
37.16433
36.82439
37.195
36.84938
37.21598
36.86877
37.23486
36.89431
37.24238
36.91967
37.26568
36.9277
37.29901
36.94501
37.32855
36.99408
37.35727
37.02212
37.38588
37.05272
37.41074
37.0864
37.43987
37.11532
37.4733
37.14521
37.50515
37.1617
37.5318
37.17053
37.55786
37.19705
37.58519
37.21972
37.61147
37.25129
37.63557
37.27871
37.64406
37.30714
37.67778
37.33769
37.70757
37.37062
37.73907
37.40189
37.7722
37.43457
37.80341
37.46817
37.8122
37.50522
37.84377
37.54144
37.87604
37.57505
37.90765
37.61179
37.93842
37.64695
37.97366
37.67651
38.00237
37.70851
38.03233
37.74302
38.06393
37.77137
38.09512
37.80355
38.1247
37.83596
38.131
37.86827
38.16346
37.89928
38.17945
37.92941
38.20277
37.9534
38.22421
37.96221
38.24379
37.98739
38.26994
37.9962
38.29751
38.01862
38.32787
38.05271
38.36105
38.08086
38.38968
38.11496
38.42318
38.14636
38.45662
38.18147
38.4795
38.21327
38.51133
38.24637
38.54239
38.27209
38.57349
38.29688
38.60517
38.32246
38.63475
38.32996
38.66434
38.35854
38.69832
38.38248
38.73056
38.41722
38.76051
38.44573
38.78025
38.4753
38.81287
38.50619
38.83876
38.52989
38.86323
38.54919
38.89193
38.55547
38.91446
38.57388
38.92256
38.58198
38.94753
38.60406
38.96897
38.62656
38.99276
38.64015
39.01152
38.67714
39.01899
38.73888
39.03981
38.77584
39.05851
38.79512
39.06598
38.82104
39.09573
38.84668
39.11903
38.86582
39.13864
38.89379
39.15968
38.91218
39.1882
38.92031
39.21276
38.92864
39.23479
38.94668
39.24282
38.96885
39.2715
38.97514
39.29979
39.00859
39.32824
39.02913
39.35577
39.05427
39.38537
39.06244
39.41565
39.09063
39.43389
39.11837
39.44016
39.15011
39.4625
39.18087
39.49287
39.20913
39.51016
39.22895
39.5417
39.25456
39.57085
39.27515
39.59597
39.29808
39.61242
39.31928
39.621
39.33669
39.64132
39.34549
39.64939
39.37106
39.66952
39.3881
39.67696
39.41156
39.69518
39.42846
39.71099
39.43531
39.73982
39.46434
39.76842
39.48852
39.79674
39.49727
39.82507
39.52887
39.84995
39.56
39.87891
39.58875
39.90431
39.62357
39.92815
39.64529
39.95863
39.67535
39.9866
39.69679
40.0156
39.72325
40.03303
39.7458
40.06065
39.76743
40.0938
39.79455
40.12819
39.82623
40.14588
39.84968
40.17538
39.88108
40.20919
39.91151
40.23802
39.944
40.26931
39.98108
40.29957
40.01443
40.33213
40.04236
40.3671
40.07986
40.39293
40.11084
40.42628
40.14157
40.45959
40.17027
40.49196
40.20399
40.51992
40.2324
40.54859
40.26263
40.57487
40.29649
40.60918
40.33052
40.64293
40.3657
40.67229
40.39755
40.70618
40.43011
40.73947
40.46101
40.767
40.49206
40.80241
40.52259
40.83556
40.55277
40.86703
40.57618
40.89532
40.60623
40.92404
40.63925
40.95118
40.67256
40.97587
40.70723
40.98438
40.74057
41.00919
40.76384
41.02705
40.77144
41.03336
40.80059
41.0682
40.83591
41.09855
40.87314
41.13228
40.90477
41.16713
40.93768
41.19386
40.97297
41.228
41.00392
41.25782
41.0369
41.29046
41.07298
41.32587
41.10732
41.35865
41.13921
41.39032
41.17181
41.42119
41.20477
41.45525
41.2369
41.48851
41.27117
41.52451
41.3042
41.55823
41.33812
41.59467
41.37112
41.62657
41.40382
41.661
41.43557
41.69392
41.47338
41.7282
41.5051
41.76015
41.53913
41.7944
41.57309
41.83342
41.6074
41.86531
41.6408
41.8994
41.67416
41.93616
41.70963
41.96624
41.7415
42.00035
41.77307
42.03325
41.80635
42.06598
41.84121
42.10373
41.87678
42.13011
41.90847
42.16629
41.94253
42.20042
41.97905
42.23276
42.01225
42.26838
42.04143
42.30661
42.07787
42.33942
42.11155
42.37204
42.14347
42.40471
42.1769
42.43777
42.21313
42.47185
42.24377
42.50296
42.27348
42.53881
42.28102
42.57464
42.31301
42.60575
42.3473
42.63086
42.35241
42.6384
42.36733
42.66384
42.39495
42.68574
42.42405
42.69372
42.44677
42.72401
42.4662
42.74404
42.49934
42.7686
42.52813
42.79937
42.55285
42.81702
42.58371
42.84742
42.5998
42.87131
42.62364
42.89811
42.63142
42.92652
42.65495
42.94434
42.6775
42.95064
42.69757
42.97351
42.70294
42.97976
42.72149
43.01056
42.75443
43.03264
42.81108
43.06252
42.83133
43.0922
42.86135
43.11987
42.87977
43.14715
42.90492
43.16895
42.91376
43.19248
42.94933
43.19881
42.97937
43.23116
43.00662
43.2636
43.04197
43.29988
43.06909
43.33196
43.10616
43.36366
43.13658
43.39578
43.17148
43.42796
43.20516
43.46532
43.24208
43.4912
43.27345
43.52079
43.30833
43.55278
43.33942
43.58523
43.3724
43.62248
43.38006
43.63028
43.41851
43.66497
43.45067
43.69961
43.48052
43.73511
43.50806
43.771
43.54522
43.80461
43.5775
43.83955
43.60875
43.86885
43.64219
43.90232
43.67615
43.93526
43.7091
43.97014
43.74123
44.00523
43.7689
44.03707
43.80069
44.06831
43.81913
44.09927
43.83835
44.12582
43.86907
44.15673
43.89888
44.17482
43.92657
44.18118
43.96312
44.21858
43.99183
44.25053
44.02716
44.28192
44.05669
44.3182
44.06553
44.35236
44.13535
44.38026
44.17204
44.4157
44.20719
44.44579
44.23896
44.48255
44.26504
44.5098
44.29958
44.54078
44.33698
44.57745
44.36896
44.60845
44.40511
44.64417
44.44328
44.68124
44.47984
44.71911
44.5117
44.75087
44.54046
44.78691
44.57484
44.81992
44.60646
44.85587
44.63528
44.88192
44.67008
44.91935
44.70638
44.9531
44.73396
44.97729
44.76685
45.01293
44.79658
45.02144
44.80519
45.0497
44.84057
45.0579
44.8626
45.08554
44.86889
45.11654
44.89334
45.1421
44.90146
45.16778
44.93135
45.1908
44.94559
45.21375
44.97728
45.23971
45.00775
45.26909
45.04121
45.30146
45.07183
45.33216
45.10196
45.36345
45.13189
45.37144
45.15718
45.40319
45.16549
45.4302
45.19719
45.43845
45.20597
45.47215
45.22847
45.4996
45.25237
45.50833
45.26026
45.54227
45.29234
45.57066
45.32222
45.60278
45.35441
45.63401
45.38771
45.65961
45.42113
45.69354
45.45546
45.72769
45.48888
45.75154
45.52391
45.76038
45.55854
45.77554
45.56695
45.78185
45.60221
45.81843
45.63396
45.84501
45.66253
45.87508
45.69929
45.91082
45.73133
45.94149
45.76414
45.97872
45.80089
46.0118
45.83413
46.04045
45.85849
46.07275
45.89242
46.10883
45.92495
46.14318
45.95866
46.17345
45.9932
46.20896
46.02375
46.24173
46.05663
46.27664
46.0941
46.30766
46.12419
46.3422
46.16019
46.37569
46.19739
46.40834
46.2326
46.43758
46.26751
46.47233
46.29632
46.50995
46.33318
46.54558
46.36017
46.58018
46.3952
46.61591
46.42432
46.65052
46.45583
46.67935
46.48833
46.71607
46.52148
46.74558
46.55152
46.77786
46.58252
46.80676
46.61187
46.84376
46.6447
46.8539
46.6646
46.87032
46.68327
46.87908
46.70788
46.91098
46.71416
46.93117
46.74533
46.93745
46.76336
46.96811
46.79653
46.99582
46.8213
47.01586
46.8299
47.04945
46.85945
47.07287
46.86572
47.07917
46.89885
47.11353
46.91918
47.12182
46.94141
47.14925
46.94979
47.17159
46.97238
47.20657
46.9926
47.2146
47.00056
47.24831
47.03544
47.28428
47.07007
47.3137
47.10445
47.34568
47.13998
47.37933
47.17603
47.41417
47.20684
47.44534
47.23937
47.48072
47.27533
47.51085
47.30964
47.5457
47.34456
47.58287
47.37615
47.6171
47.41059
47.65398
47.44424
47.68144
47.48079
47.71551
47.51497
47.74861
47.55282
47.78604
47.58666
47.81806
47.61995
47.85443
47.65337
47.88534
47.68881
47.9194
47.72278
47.95777
47.75588
47.99567
47.79021
48.03273
47.82657
48.06026
47.85939
48.09556
47.89501
48.12924
47.92974
48.16385
47.96384
48.19832
47.99944
48.2359
48.02988
48.26396
48.06388
48.29884
48.09895
48.3342
48.1354
48.37279
48.17112
48.40821
48.20395
48.44043
48.23911
48.47911
48.26881
48.50551
48.30404
48.54311
48.33721
48.57874
48.37473
48.61414
48.40715
48.64543
48.43763
48.68186
48.47375
48.71453
48.506
48.74627
48.54136
48.81039
48.57507
48.88077
48.60943
48.91515
48.64499
48.9494
48.68142
48.9853
48.71776
49.01775
48.75129
49.05479
48.78625
49.08891
48.81422
49.11974
48.85094
49.15229
48.88557
49.18727
48.92063
49.22393
48.95451
49.24967
48.98888
49.28662
49.02216
49.32006
49.05879
49.35645
49.08764
49.38679
49.11147
49.4106
49.13774
49.43277
49.16354
49.44028
49.19955
49.47708
49.2362
49.50948
49.27272
49.54523
49.30332
49.58201
49.33836
49.61705
49.3736
49.64922
49.40347
49.68455
49.43098
49.71972
49.46333
49.75444
49.49837
49.78595
49.53363
49.81831
49.56694
49.85575
49.60081
49.89466
49.63197
49.93017
49.66251
49.96335
49.69616
49.99898
49.73064
50.02952
49.76825
50.06414
49.80022
50.0947
49.83371
50.13454
49.86963
50.16713
49.9073
50.20343
49.94234
50.23272
49.97654
50.23909
50.00643
50.27063
50.03872
50.34139
50.07314
50.37557
50.11202
50.41116
50.14361
50.44717
50.1799
50.48385
50.21711
50.50822
50.25278
50.54318
50.28548
50.57529
50.31948
50.6096
50.35365
50.64359
50.38329
50.67393
50.42232
50.70635
50.45096
50.7424
50.48555
50.77835
50.52289
50.81163
50.55744
50.8464
50.58676
50.87973
50.62145
50.9136
50.65865
50.94905
50.68912
50.98377
50.7261
51.0167
50.75543
51.05029
50.79292
51.07996
50.82646
51.1114
50.85643
51.14545
50.89207
51.18024
50.91809
51.21556
50.95143
51.2499
50.97742
51.27683
51.01502
51.30363
51.04605
51.31122
51.07715
51.34375
51.10759
51.37669
51.14613
51.41307
51.18036
51.45015
51.21862
51.48787
51.25629
51.52328
51.26452
51.55896
51.29635
51.59526
51.33186
51.6294
51.36785
51.66358
51.39935
51.69794
51.43201
51.73165
51.46366
51.76638
51.50024
51.80406
51.53532
51.84131
51.57323
51.88035
51.61107
51.91567
51.64883
51.95095
51.68519
51.98583
51.72318
52.01853
51.7544
52.05197
51.7851
52.08531
51.81908
52.11941
51.85272
52.15547
51.89109
52.19102
51.92559
52.23055
51.96151
52.26496
51.99669
52.29679
52.03165
52.33393
52.07036
52.36776
52.10426
52.39969
52.13667
52.43305
52.16977
52.46589
52.2037
52.50306
52.24094
52.54112
52.27559
52.57531
52.31326
52.6047
52.34495
52.6395
52.37939
52.67319
52.4156
52.70805
52.44791
52.74233
52.48056
52.77693
52.51355
52.81158
52.54728
52.84599
52.58491
52.88378
52.62121
52.917
52.65893
52.95369
52.69315
52.98938
52.72583
53.02291
52.7602
53.05568
52.79552
53.08878
52.82605
53.12397
52.86191
53.15944
52.89701
53.18716
52.93013
53.2227
52.96786
53.24927
53.00496
53.28387
53.04111
53.31713
53.07233
53.35359
53.10696
53.3822
53.14208
53.41623
53.17482
53.44764
53.20887
53.48385
53.24227
53.51905
53.27265
53.54802
53.31038
53.58421
53.34687
53.61786
53.38403
53.65243
53.41789
53.68856
53.45119
53.72117
53.48336
53.75463
53.52022
53.78917
53.55381
53.82434
53.59016
53.85778
53.62418
53.89164
53.65437
53.92368
53.69254
53.96267
53.7278
53.99356
53.75849
54.0317
53.78863
54.06465
53.8237
54.10225
53.85439
54.13337
53.8926
54.16475
53.92852
54.1997
53.96066
54.23009
53.99738
54.26461
54.03116
54.2998
54.10055
54.33498
54.1326
54.36727
54.16623
54.40494
54.20257
54.4347
54.23695
54.47104
54.27262
54.50754
54.30789
54.54415
54.34247
54.57822
54.3786
54.61326
54.4168
54.65165
54.44978
54.68679
54.48206
54.7194
54.51744
54.75844
54.55417
54.79236
54.59061
54.82983
54.62468
54.86534
54.66054
54.90218
54.69255
54.93739
54.72747
54.97068
54.76649
55.00739
54.80236
55.04531
54.8397
55.08078
54.87526
55.11874
54.90855
55.15588
54.94411
55.18834
54.98103
55.22648
55.01794
55.26132
55.0496
55.29743
55.08578
55.33262
55.12153
55.37005
55.15967
55.40656
55.19723
55.44313
55.23092
55.48043
55.26563
55.51413
55.3033
55.55013
55.33958
55.58923
55.37705
55.62707
55.414
55.66372
55.44838
55.69608
55.48257
55.73413
55.51991
55.77067
55.55775
55.80583
55.5956
55.84495
55.63221
55.88426
55.66994
55.92015
55.7063
55.95787
55.74309
55.99482
55.77971
56.03167
55.81767
56.06803
55.85176
56.10228
55.8868
56.14006
55.92381
56.17124
55.96093
56.20682
55.99051
56.24253
56.02707
56.27879
56.06404
56.31326
56.09966
56.34962
56.13783
56.38652
56.17223
56.42198
56.21005
56.45701
56.2426
56.49377
56.27948
56.52902
56.31854
56.56689
56.3539
56.60532
56.38823
56.63929
56.46008
56.67592
56.49511
56.71268
56.52757
56.75007
56.56219
56.78125
56.59741
56.8158
56.63342
56.8525
56.67014
56.89082
56.70824
56.92915
56.74451
56.96676
56.77934
57.0052
56.8165
57.03622
56.85396
57.07368
56.8907
57.11186
56.92922
57.146
56.96597
57.18031
57.0011
57.2162
57.03655
57.25217
57.07513
57.2917
57.11224
57.32863
57.14991
57.36641
57.18767
57.40078
57.22375
57.43894
57.2628
57.47456
57.30087
57.51123
57.33609
57.54811
57.37345
57.58512
57.41042
57.62411
57.44715
57.66179
57.52084
57.6967
57.55845
57.73286
57.59467
57.77016
57.63313
57.80811
57.6708
57.84406
57.7032
57.87738
57.73874
57.90862
57.77332
57.94453
57.81198
57.9791
57.84806
58.01735
57.88247
58.05668
57.9178
58.09289
57.95301
58.12813
57.98893
58.16489
58.02411
58.20001
58.05761
58.23592
58.094
58.27044
58.12307
58.30339
58.16162
58.3386
58.19205
58.3754
58.22517
58.41125
58.2644
58.44733
58.29874
58.48289
58.33278
58.51723
58.36951
58.55357
58.40038
58.58501
58.43589
58.59388
58.47156
58.63041
58.50264
58.66029
58.53037
58.69614
58.56284
58.72955
58.59803
58.76708
58.63728
58.80412
58.66909
58.84123
58.70735
58.87564
58.74315
58.91347
58.77591
58.94825
58.81374
58.98389
58.84989
59.01749
58.88267
59.05527
58.91652
59.08641
58.95328
59.12539
58.99097
59.16201
59.02707
59.19894
59.06648
59.23396
59.10258
59.27088
59.13559
59.31002
59.17464
59.34395
59.20793
59.37765
59.24294
59.41296
59.27544
59.44761
59.3144
59.48719
59.35108
59.52438
59.38969
59.56134
59.42683
59.59539
59.46088
59.63387
59.49395
59.67195
59.53298
59.70967
59.57167
59.74543
59.60709
59.78188
59.64139
59.814
59.67789
59.8525
59.71459
59.88833
59.75089
59.9251
59.78753
59.9593
59.82288
59.99751
59.85552
60.03316
59.89406
60.07041
59.93243
60.10854
59.97078
60.14559
60.00591
60.18217
60.04247
60.21713
60.07194
60.24795
60.10763
60.28557
60.1425
60.32051
60.17955
60.35505
60.25102
60.38644
60.29651
60.42445
60.33287
60.46032
60.36435
60.49905
60.40172
60.53456
60.43515
60.57161
60.471
60.60559
60.50755
60.64463
60.54437
60.68108
60.57954
60.71869
60.61756
60.75636
60.65334
60.79492
60.66219
60.83266
60.69785
60.86933
60.73668
60.90689
60.77158
60.94275
60.80274
60.97187
60.8405
61.01097
60.87873
61.04782
60.91588
61.0833
60.98487
61.11998
61.02332
61.15559
61.06168
61.19341
61.09974
61.23071
61.1367
61.26948
61.17
61.30533
61.20729
61.33981
61.2459
61.37989
61.2832
61.41635
61.31501
61.4524
61.35252
61.49158
61.39158
61.53086
61.43035
61.56913
61.47031
61.60537
61.50622
61.64581
61.54243
61.68156
61.57883
61.71813
61.6171
61.75603
61.65039
61.79083
61.68699
61.82771
61.72395
61.86692
61.76154
61.90395
61.79694
61.9422
61.83386
61.97871
61.87229
62.01719
61.91024
62.05606
61.94685
62.0929
61.98476
62.13166
62.02173
62.16879
62.05988
62.20749
62.0991
62.24557
62.13825
62.28427
62.17533
62.32044
62.21172
62.3577
62.25097
62.39738
62.28676
62.43461
62.32634
62.47335
62.36324
62.51276
62.40184
62.55259
62.43999
62.5919
62.47964
62.62843
62.5153
62.66568
62.55326
62.70314
62.59184
62.744
62.63255
62.78323
62.66866
62.82262
62.70518
62.86084
62.74102
62.89785
62.77671
62.937
62.81554
62.973
62.84979
63.0064
62.88343
63.04135
62.91759
63.07538
62.95547
63.11325
62.99522
63.15008
63.03348
63.18541
63.07125
63.22144
63.10718
63.25871
63.1428
63.29598
63.17832
63.33508
63.21103
63.36657
63.24411
63.40387
63.28052
63.44194
63.31342
63.47718
63.35186
63.48606
63.39115
63.5251
63.42411
63.55779
63.46009
63.59396
63.49778
63.63192
63.53011
63.66908
63.56493
63.7056
63.59974
63.73808
63.63879
63.77591
63.67667
63.81433
63.71346
63.8531
63.74829
63.88893
63.78337
63.92538
63.81499
63.95676
63.85203
63.96573
63.88765
64.00337
63.92572
64.03971
63.95957
64.07263
63.9963
64.1074
64.03462
64.14461
64.07313
64.18307
64.10988
64.2226
64.14745
64.25946
64.1841
64.29716
64.21886
64.33318
64.25553
64.36803
64.29481
64.40857
64.33091
64.4449
64.36742
64.48127
64.40732
64.51735
64.44641
64.55741
64.48444
64.63564
64.52026
64.67392
64.55957
64.71095
64.59453
64.74739
64.63098
64.78426
64.66916
64.82291
64.70571
64.85787
64.74217
64.89705
64.77877
64.93082
64.81698
64.96996
64.85481
65.00803
64.8943
65.04317
64.93096
65.08073
64.96855
65.11671
65.00524
65.15578
65.03585
65.19391
65.0705
65.22456
65.09428
65.26185
65.12978
65.29329
65.15821
65.33138
65.19382
65.36953
65.23321
65.40582
65.2702
65.44349
65.31042
65.48252
65.34702
65.52178
65.38566
65.55634
65.42009
65.59492
65.4567
65.62862
65.49141
65.66518
65.5279
65.70073
65.56507
65.73982
65.59924
65.77328
65.63276
65.80972
65.66874
65.84706
65.70338
65.88573
65.74127
65.92199
65.77845
65.96036
65.81632
65.99773
65.85172
66.03595
65.89107
66.07366
65.92676
66.11163
65.9649
66.1497
66.00233
66.18448
66.04089
66.2234
66.07661
66.26222
66.11373
66.30007
66.14942
66.3365
66.18741
66.37475
66.22451
66.41134
66.2624
66.45028
66.29662
66.48683
66.33265
66.52274
66.36995
66.59652
66.40644
66.63311
66.44423
66.67033
66.48333
66.70784
66.52016
66.74565
66.55592
66.78419
66.59229
66.82255
66.63044
66.85917
66.66765
66.89546
66.70394
66.93048
66.73947
66.96925
66.77658
67.00811
66.81548
67.046
66.85467
67.08376
66.89066
67.12154
66.92747
67.15738
66.96375
67.19557
67.00194
67.23421
67.03819
67.26801
67.07489
67.30645
67.11306
67.34395
67.14944
67.3809
67.18776
67.42002
67.2273
67.45717
67.26414
67.49553
67.30184
67.53339
67.33907
67.57295
67.37727
67.60923
67.41392
67.64273
67.44926
67.68083
67.48788
67.71827
67.52416
67.75732
67.56195
67.79339
67.59964
67.83257
67.63206
67.87175
67.6699
67.91062
67.70519
67.94757
67.74248
67.98583
67.78101
68.02194
67.819
68.05936
67.85825
68.09647
67.89559
68.13644
67.93478
68.17039
67.97444
68.21124
68.01276
68.24944
68.05013
68.28802
68.08833
68.32676
68.12417
68.3659
68.16257
68.4024
68.20129
68.43773
68.24117
68.47533
68.27584
68.51257
68.31355
68.54997
68.35208
68.58916
68.39134
68.62752
68.42912
68.70101
68.46721
68.7396
68.50367
68.7775
68.5443
68.81268
68.5819
68.84994
68.61976
68.88686
68.6551
68.92569
68.69331
68.9627
68.73191
68.99909
68.77039
69.03818
68.80987
69.07765
68.84908
69.11561
68.88474
69.15299
68.92393
69.18913
68.96118
69.22543
68.99909
69.26167
69.03557
69.30145
69.07225
69.33527
69.11033
69.3717
69.14704
69.41051
69.18572
69.44973
69.22491
69.48901
69.26315
69.52733
69.30156
69.56634
69.3393
69.60342
69.37699
69.64086
69.41496
69.68018
69.45288
69.71957
69.492
69.75791
69.5313
69.7989
69.5721
69.83833
69.61106
69.8782
69.6504
69.917
69.68836
69.95306
69.72354
69.99067
69.76087
70.06818
69.80003
70.10653
69.83912
70.1447
69.87988
70.18393
69.91628
70.22443
69.95547
70.26009
69.99174
70.29996
70.02966
70.33699
70.06856
70.37574
70.10493
70.41319
70.1431
70.45254
70.18247
70.49232
70.22061
70.53033
70.25993
70.56967
70.29882
70.6078
70.33601
70.64527
70.37455
70.68371
70.41386
70.72303
70.45295
70.75869
70.49209
70.7971
70.52878
70.83643
70.56783
70.87469
70.60592
70.91305
70.64303
70.95155
70.68246
70.9889
70.722
71.02811
70.76087
71.06757
70.79842
71.10322
70.83569
71.13802
70.87281
71.17554
70.91023
71.21427
70.94811
71.25333
70.98605
71.28971
71.02411
71.32793
71.06167
71.36604
71.1009
71.40408
71.13765
71.44063
71.17271
71.47566
71.20726
71.51084
71.24435
71.54638
71.2796
71.58565
71.31873
71.62398
71.35587
71.66315
71.39225
71.70219
71.42767
71.73839
71.46603
71.77617
71.50417
71.8102
71.54192
71.8456
71.57821
71.88103
71.61581
71.91871
71.65311
71.95851
71.68944
71.99571
71.72635
72.03413
71.76266
72.07192
71.79863
72.10836
71.8364
72.14612
71.87352
72.17905
71.91196
72.21408
71.94672
72.2869
71.98582
72.32571
72.01999
72.36462
72.05152
72.40388
72.08861
72.44157
72.12535
72.4772
72.16122
72.51176
72.19715
72.54633
72.23419
72.5809
72.27335
72.61835
72.30756
72.65524
72.34544
72.69411
72.37975
72.73325
72.41656
72.76949
72.45297
72.80727
72.48941
72.84154
72.525
72.87684
72.56219
72.91434
72.59848
72.9509
72.63663
72.98717
72.67565
73.02313
72.71499
73.06187
72.75267
73.10189
72.7628
73.1422
72.80357
73.18263
72.82114
73.19253
72.85644
73.23273
72.86636
73.26454
72.88895
73.29968
72.92924
73.30712
72.95669
73.32716
72.96656
73.33463
72.99908
73.35715
73.03902
73.38512
73.07946
73.41768
73.11944
73.45776
73.15948
73.49586
73.19941
73.53329
73.23924
73.54303
73.27888
73.58161
73.31842
73.62147
73.35613
73.66038
73.39528
73.69971
73.43394
73.73947
73.46889
73.77605
73.50429
73.81348
73.5427
73.85259
73.57566
73.89171
73.61251
73.92751
73.65115
73.96433
73.68665
74.00235
73.72385
74.04003
73.76231
74.07828
73.80227
74.11694
73.83923
74.15369
73.87794
74.19248
73.91561
74.23278
73.95232
74.27045
73.98908
74.3071
74.02371
74.3409
74.05794
74.37722
74.08881
74.41484
74.11916
74.45099
74.14425
74.48849
74.18181
74.52248
74.22036
74.56322
74.25706
74.60081
74.29489
74.63578
74.3327
74.67388
74.36789
74.70742
74.40284
74.74264
74.43581
74.78057
74.4734
74.81686
74.51125
74.85294
74.54947
74.8855
74.5864
74.92442
74.62296
74.96117
74.66087
74.99537
74.69807
75.03152
74.73418
75.06801
74.76577
75.10526
74.7992
75.14211
74.83847
75.17971
74.87653
75.21741
74.91571
75.25613
74.9539
75.2951
74.99196
75.33147
75.03115
75.36777
75.07101
75.40573
75.10513
75.44302
75.14153
75.48218
75.17917
75.51907
75.22014
75.55956
75.25859
75.5978
75.2995
75.63663
75.33743
75.67587
75.37684
75.71416
75.41613
75.75143
75.45408
75.78895
75.48832
75.82759
75.52535
75.86683
75.56615
75.90349
75.60435
75.94167
75.64304
75.97746
75.68024
76.01514
75.71793
76.05441
75.75624
76.09092
75.79502
76.12679
75.83033
76.16309
75.86532
76.19941
75.90448
76.23859
75.94288
76.27556
75.98095
76.31416
76.01867
76.35226
76.05548
76.3912
76.09282
76.42952
76.13736
76.46532
76.16879
76.50239
76.18903
76.53172
76.22024
76.56949
76.25298
76.6067
76.28979
76.64336
76.32824
76.68103
76.36729
76.72099
76.40143
76.75809
76.43919
76.79778
76.47574
76.83181
76.51075
76.86993
76.54885
76.90647
76.58566
76.94117
76.62307
76.98019
76.66022
77.01582
76.69843
77.05383
76.73454
77.09126
76.76983
77.12771
76.80898
77.16571
76.84798
77.20029
76.88378
77.23672
76.92151
77.27435
76.95949
77.31052
76.99856
77.3476
77.03511
77.38574
77.07401
77.42459
77.10999
77.46278
77.14472
77.50128
77.18209
77.53984
77.21932
77.57454
77.258
77.61236
77.29705
77.64968
77.33588
77.68625
77.37537
77.7235
77.41124
77.76167
77.45041
77.80127
77.49021
77.84052
77.52613
77.88049
77.56393
77.91847
77.60308
77.95664
77.6421
77.99538
77.68101
78.03199
77.71893
78.06685
77.75711
78.10622
77.79378
78.14325
77.83324
78.18182
77.87255
78.22259
77.91068
78.26111
77.94971
78.30135
77.98684
78.34045
78.02534
78.3754
78.06134
78.41204
78.10043
78.44884
78.1372
78.48727
78.17463
78.52279
78.21288
78.56007
78.2458
78.59531
78.31837
78.6284
78.35406
78.66499
78.39202
78.70426
78.42798
78.73962
78.46574
78.77696
78.50146
78.81449
78.54043
78.85004
78.57884
78.88641
78.61411
78.92551
78.65332
78.96257
78.68895
78.99947
78.72598
79.03816
78.76314
79.07809
78.79967
79.11507
78.83793
79.15272
78.8749
79.1919
78.91427
79.22695
78.95345
79.26376
78.99062
79.30298
79.02952
79.33987
79.0666
79.37619
79.104
79.41293
79.1389
79.45111
79.17528
79.48785
79.21306
79.52505
79.25085
79.56436
79.28671
79.60261
79.32541
79.64262
79.36423
79.68066
79.40302
79.71806
79.43616
79.75592
79.47257
79.79326
79.50964
79.83065
79.54693
79.86824
79.5832
79.90413
79.62188
79.94157
79.65894
79.97841
79.69534
80.01598
79.73077
80.05502
79.76921
80.0932
79.80457
80.12753
79.84076
80.16201
79.87991
80.20039
79.91737
80.24074
79.95459
80.27621
79.99296
80.31276
80.02937
80.34963
80.06778
80.39033
80.1049
80.42937
80.14192
80.46769
80.17946
80.50359
80.21836
80.54187
80.25762
80.57915
80.29738
80.61843
80.33527
80.65517
80.37375
80.6918
80.40978
80.73112
80.44895
80.77018
80.48679
80.80949
80.52341
80.84571
80.56091
80.88343
80.59777
80.92157
80.63524
80.95589
80.67334
80.99307
80.70685
81.02503
80.73673
81.03294
80.74559
81.06124
80.76702
81.0847
80.79531
81.09099
80.80415
81.12936
80.83573
81.1448
80.85577
81.15115
80.87436
81.18254
80.90377
81.20661
80.93691
81.21539
80.96346
81.25198
80.99596
81.28556
81.02138
81.30619
81.05689
81.3344
81.09576
81.36256
81.13401
81.40028
81.17279
81.43731
81.21094
81.47715
81.24775
81.51419
81.28484
81.5514
81.32195
81.58704
81.35981
81.62503
81.39999
81.66334
81.43556
81.69964
81.47551
81.73967
81.51465
81.77662
81.55249
81.81578
81.58825
81.85469
81.62485
81.89058
81.66222
81.92715
81.70007
81.96525
81.73733
82.00354
81.77505
82.0397
81.81222
82.0773
81.85006
82.11628
81.88865
82.15387
81.92738
82.19215
81.9647
82.2315
82.00379
82.26961
82.04191
82.30692
82.08118
82.34607
82.11783
82.3844
82.15398
82.42181
82.19284
82.46036
82.23222
82.49928
82.27083
82.53748
82.30995
82.57837
82.3486
82.61759
82.3896
82.65534
82.42796
82.69337
82.46515
82.73268
82.50442
82.77042
82.54386
82.80984
82.58138
82.84679
82.61983
82.88522
82.65714
82.92316
82.69664
82.96309
82.73759
83.00133
82.77715
83.04067
82.81526
83.0817
82.85414
83.11933
82.89518
83.16035
82.93385
83.19743
82.97318
83.23685
83.01188
83.27621
83.05219
83.35226
83.09163
83.38985
83.12977
83.4279
83.16827
83.46726
83.20554
83.50659
83.2442
83.54222
83.28255
83.58116
83.31978
83.61948
83.35808
83.65779
83.39549
83.69719
83.43483
83.73665
83.47217
83.77446
83.50922
83.81374
83.54978
83.85257
83.58713
83.8919
83.62772
83.92967
83.66412
83.96817
83.70171
84.00447
83.74033
84.0441
83.77733
84.08266
83.81542
84.1209
83.85333
84.15885
83.89239
84.19793
83.93159
84.23782
83.97112
84.27671
84.00919
84.31607
84.04669
84.35436
84.08618
84.39058
84.12539
84.43004
84.16187
84.46828
84.20132
84.50729
84.24032
84.54566
84.27842
84.58228
84.31796
84.62177
84.3549
84.66138
84.39449
84.70021
84.43338
84.73922
84.47175
84.77721
84.50967
84.81683
84.54803
84.85537
84.5875
84.8954
84.6255
84.92907
84.66267
84.96818
84.69987
85.00726
84.73604
85.04486
84.77528
85.07966
84.81396
85.11742
84.85173
85.1556
84.88478
85.19199
84.9211
85.22758
84.96151
85.26672
84.99977
85.30299
85.03817
85.34103
85.07631
85.38177
85.11061
85.41966
85.15011
85.46
85.18767
85.49803
85.22589
85.53607
85.26532
85.57299
85.30368
85.61178
85.34237
85.64803
85.38229
85.68663
85.42097
85.72757
85.46007
85.76678
85.49702
85.80795
85.53663
85.84658
85.5757
85.8856
85.61506
85.92439
85.65579
85.96416
85.6945
86.00281
85.73575
86.0438
85.77541
86.08296
85.81574
86.12178
85.85525
86.16179
85.89603
86.19976
85.93554
86.2396
85.97465
86.27785
86.01387
86.31885
86.05483
86.35725
86.09339
86.39665
86.13327
86.43597
86.17284
86.47218
86.21398
86.50896
86.25274
86.54533
86.29232
86.58486
86.33099
86.6209
86.36907
86.65948
86.41014
86.69829
86.44781
86.73945
86.48805
86.77893
86.52756
86.81862
86.56721
86.85685
86.60594
86.89326
86.64671
86.93157
86.68407
86.96983
86.72267
87.00906
86.76214
87.04906
86.80064
87.08883
86.84047
87.1294
86.88185
87.16918
86.9213
87.20825
86.96168
87.24557
86.99926
87.2852
87.03811
87.3228
87.07735
87.36234
87.11675
87.40298
87.1567
87.44257
87.19599
87.48074
87.23389
87.52025
87.27317
87.55881
87.31235
87.59645
87.34908
87.63591
87.38764
87.67302
87.42692
87.71163
87.46704
87.74967
87.50529
87.78909
87.54565
87.83002
87.58392
87.86761
87.62186
87.90479
87.66202
87.94341
87.69944
87.98186
87.73713
88.01922
87.77636
88.05856
87.81554
88.09579
87.85387
88.13557
87.89182
88.17356
87.93107
88.21363
87.96853
88.24745
88.00684
88.28471
88.04482
88.3227
88.08123
88.35878
88.11954
88.39809
88.15923
88.43741
88.19725
88.47594
88.23781
88.51547
88.27662
88.55415
88.31525
88.59271
88.354
88.62933
88.39085
88.66873
88.43029
88.70829
88.47101
88.74741
88.51019
88.78675
88.55098
88.82565
88.59071
88.86528
88.63111
88.90645
88.66983
88.94593
88.70992
88.98711
88.74796
89.02661
88.78751
89.06677
88.82851
89.10593
88.86782
89.14426
88.90733
89.18377
88.94685
89.22337
88.9879
89.26285
89.02746
89.3007
89.06688
89.3402
89.10551
89.37978
89.14436
89.4194
89.18385
89.45892
89.22337
89.49726
89.26212
89.5368
89.29996
89.577
89.33943
89.61684
89.38076
89.65662
89.42049
89.69556
89.45879
89.73534
89.49863
89.77496
89.53834
89.81512
89.57959
89.85374
89.61905
89.89478
89.65917
89.93246
89.6973
89.97183
89.73653
90.01112
89.77527
90.05195
89.81208
90.08841
89.84976
90.12771
89.88896
90.16618
89.92821
90.20458
89.96761
90.24559
90.00552
90.28393
90.04605
90.32372
90.08537
90.36327
90.1264
90.40437
90.16505
90.44255
90.20361
90.48074
90.24183
90.51933
90.28055
90.55907
90.31891
90.59858
90.35838
90.63799
90.39747
90.6752
90.43517
90.71487
90.47459
90.75438
90.51353
90.79504
90.55244
90.83439
90.59182
90.87232
90.6312
90.91166
90.67063
90.95118
90.70992
90.99066
90.74814
91.0295
90.78774
91.06916
90.82721
91.10875
90.86682
91.14835
90.90653
91.18797
90.94635
91.22745
90.98695
91.267
91.02682
91.30545
91.06709
91.34501
91.1064
91.3859
91.14805
91.42575
91.18809
91.46722
91.22973
91.507
91.26984
91.54826
91.31131
91.5879
91.35117
91.66854
91.39223
91.70821
91.43214
91.74782
91.47363
91.78632
91.5136
91.82784
91.55408
91.86776
91.59401
91.90921
91.63525
91.94901
91.67533
91.99044
91.71441
92.03029
91.7543
92.07178
91.7959
92.11166
91.83574
92.15188
91.8755
92.19189
91.91555
92.23341
91.95536
92.26832
91.99528
92.30997
92.03519
92.34982
92.07658
92.39138
92.11648
92.43076
92.15788
92.47229
92.19769
92.51208
92.23903
92.5535
92.27879
92.59332
92.32023
92.63303
92.35995
92.67277
92.39923
92.71252
92.43881
92.75206
92.48008
92.79061
92.51962
92.83019
92.55914
92.86966
92.59781
92.90926
92.63722
92.94878
92.67671
92.99005
92.71635
93.02967
92.75587
93.06873
92.79607
93.10828
92.83551
93.14771
92.87514
93.18754
92.91651
93.22761
92.95629
93.25999
92.99622
93.30016
93.03624
93.37203
93.07686
93.4512
93.11697
93.47372
93.15854
93.50111
93.19852
93.52357
93.23892
93.55762
93.27905
93.58756
93.32049
93.61822
93.36042
93.6556
93.40207
93.69937
93.44192
93.77673
93.48335
93.81068
93.52301
93.84047
93.56274
93.86437
93.60246
93.89684
93.64409
93.97488
93.68294
94.03586
93.7228
94.07799
93.76263
94.10535
93.8025
94.12925
93.84218
94.169
93.88167
94.20859
93.92124
94.24819
93.96085
94.28767
93.99976
94.32844
94.03925
94.36823
94.08038
94.40938
94.12024
94.44905
94.15566
94.4906
94.19537
94.52799
94.23663
94.60925
94.2763
94.64898
94.31754
94.68875
94.35727
94.73017
94.39698
94.7695
94.43594
94.809
94.47661
94.84619
94.51624
94.88357
94.55588
94.91841
94.59556
94.95326
94.63522
94.99471
94.67481
95.03443
94.71433
95.06033
94.7539
95.0901
94.79346
95.13
94.83313
95.16965
94.87285
95.20196
94.91409
95.24193
94.95388
95.27683
94.99374
95.30171
95.02609
95.34163
95.06487
95.38159
95.10465
95.47628
95.14508
95.51598
95.18489
95.55087
95.22468
95.58831
95.26193
95.61831
95.30331
95.65076
95.34306
95.67548
95.38295
95.68266
95.4228
95.69747
95.46033
95.71984
95.50036
95.73721
95.53469
95.77937
95.5613
95.82932
95.5964
95.90308
95.62799
95.96669
95.66821
95.99158
95.70082
96.03141
95.72501
96.04034
95.73498
96.06269
95.76266
96.07256
95.79105
96.08992
95.82103
96.10872
95.84108
96.1261
95.86523
96.13347
95.8852
96.15095
95.89273
96.16589
95.90765
96.18079
95.9176
96.20241
95.94518
96.21729
95.96178
96.22474
95.98944
96.24227
96.01682
96.25978
96.04299
96.28146
96.06309
96.29647
96.09076
96.30389
96.11748
96.3139
96.14749
96.32005
96.16245
96.32619
96.17236
96.35634
96.1889
96.3804
96.22135
96.40292
96.2588
96.41285
96.29797
96.43547
96.33775
96.45702
96.37641
96.482
96.41608
96.51205
96.45577
96.54362
96.49698
96.57848
96.53642
96.61815
96.57762
96.65846
96.6171
96.69711
96.65815
96.73719
96.69775
96.77721
96.77749
96.81942
96.85841
96.86024
96.89973
96.90018
96.94002
96.94044
96.97781
96.97606
97.01487
97.01504
97.05516
97.05312
97.09567
97.09333
97.13596
97.13312
97.175
97.17226
97.21555
97.21236
97.25586
97.25063
97.29524
97.29073
97.33431
97.32928
97.3744
97.36902
97.41299
97.40862
97.45332
97.48689
97.49386
97.52502
97.53235
97.5638
97.57332
97.60287
97.61238
97.6418
97.64118
97.66435
97.66387
97.66947
97.68541
97.67461
97.69187
97.70889
97.731
97.71403
97.73997
97.71916
97.77136
97.82123
97.79968
97.82636
97.80615
97.8315
97.84135
97.84665
97.86797
97.86332
97.87691
97.86845
97.88586
97.89292
97.90291
97.89929
97.92715
97.96674
97.93617
97.97185
97.95718
97.98114
97.96365
97.98748
97.97261
97.99584
97.98158
98.01312
98.0006
98.01823
98.00706
98.02333
98.02699
98.04608
98.03344
98.05241
98.04243
98.0677
98.05807
98.07281
98.06454
98.07793
98.07106
98.08715
98.08263
98.09229
98.08791
98.09743
98.09319
98.10257
98.1022
98.10773
98.11123
98.12535
98.11968
98.1305
98.12622
98.14169
98.14273
98.15201
98.15176
98.17226
98.16058
98.17738
98.18133
98.1825
98.18787
98.19453
98.21034
98.19964
98.21681
98.20473
98.22531
98.22411
98.23176
98.22921
98.24071
98.23432
98.2497
98.25651
98.25869
98.26162
98.26642
98.26673
98.27168
98.29865
98.2878
98.30749
98.29308
98.33088
98.29832
98.35102
98.3361
98.35903
98.34134
98.38161
98.34657
98.38682
98.36034
98.39201
98.36684
98.3984
98.38464
98.40482
98.38985
98.4112
98.39507
98.4164
98.4065
98.42161
98.41174
98.42826
98.41695
98.43466
98.42336
98.44576
98.42857
98.45096
98.43377
98.45617
98.43897
98.46139
98.44968
98.4666
98.45486
98.47183
98.46006
98.47824
98.46526
98.49469
98.47919
98.49986
98.48441
98.50503
98.48963
98.52287
98.51582
98.52805
98.52103
98.53322
98.52625
98.54277
98.55502
98.54795
98.56023
98.55312
98.56543
98.57622
98.58151
98.58135
98.58673
98.6061
98.59192
98.6141
98.61712
98.63128
98.62233
98.64157
98.62751
98.65607
98.64882
98.66122
98.65523
98.66635
98.66162
98.68208
98.67924
98.6872
98.68441
98.69234
98.68958
98.70486
98.69743
98.70999
98.70258
98.71748
98.70774
98.72259
98.72849
98.72769
98.73362
98.73279
98.73877
98.7379
98.74823
98.74541
98.75338
98.75052
98.75853
98.75562
98.76488
98.76073
98.77005
98.76585
98.77521
98.77095
98.78159
98.78228
98.78674
98.7874
98.79192
98.79252
98.80003
98.79885
98.80521
98.80397
98.81039
98.81411
98.8156
98.81922
98.822
98.82436
98.82719
98.8307
98.83237
98.83934
98.83881
98.8445
98.84832
98.84965
98.85593
98.85979
98.86115
98.86618
98.86637
98.87257
98.87534
98.87897
98.88712
98.88786
98.89989
98.89303
98.90511
98.89819
98.91407
98.90962
98.92552
98.93037
98.93076
98.94695
98.936
98.95731
98.9492
98.9688
98.95815
98.97397
98.96712
98.98037
98.98028
98.98553
98.98551
98.99071
98.99074
98.9971
98.99722
99.00226
99.00371
99.00743
99.01019
99.01384
99.01543
99.02023
99.02068
99.0254
99.02591
99.03059
99.03237
99.03699
99.03759
99.04217
99.04282
99.04737
99.05181
99.05257
99.05701
99.05775
99.06223
99.06415
99.06873
99.06932
99.07517
99.07451
99.08044
99.07971
99.08563
99.08614
99.09395
99.09132
99.09917
99.09653
99.10442
99.10664
99.11089
99.11185
99.11987
99.11707
99.12514
99.12689
99.1304
99.13212
99.13567
99.13732
99.1477
99.14877
99.15298
99.15402
99.15829
99.15927
99.17254
99.17371
99.17907
99.19173
99.20261
99.19692
99.20785
99.20213
99.22237
99.22157
99.23135
99.22677
99.2461
99.23195
99.25255
99.25832
99.26305
99.2635
99.26826
99.2687
99.27348
99.29256
99.2907
99.29775
99.29716
99.30294
99.31321
99.32198
99.31841
99.32716
99.32361
99.33232
99.34155
99.35117
99.34673
99.35632
99.35188
99.36446
99.37196
99.36962
99.37711
99.37476
99.38226
99.38896
99.39864
99.3941
99.40379
99.39923
99.40896
99.40808
99.42059
99.41322
99.42577
99.41833
99.43094
99.4235
99.43981
99.4315
99.44618
99.4482
99.45255
99.45458
99.45774
99.47264
99.46292
99.47903
99.47057
99.49554
99.48334
99.5007
99.48973
99.50584
99.51026
99.52232
99.51727
99.5312
99.52367
99.53896
99.53255
99.54785
99.54723
99.56059
99.55364
99.56578
99.5674
99.57095
99.57264
99.5847
99.57787
99.60132
99.58681
99.609
99.60699
99.62466
99.61221
99.63598
99.61868
99.64114
99.62933
99.64631
99.64469
99.65784
99.65871
99.66422
99.66396
99.67056
99.6692
99.67948
99.68622
99.68959
99.69664
99.69477
99.70187
99.69998
99.70711
99.71879
99.72068
99.72395
99.72593
99.72914
99.73235
99.74213
99.7376
99.74731
99.74284
99.7525
99.74812
99.76402
99.75462
99.76923
99.75992
99.77441
99.7652
99.78206
99.77425
99.79093
99.77955
99.79612
99.78487
99.8013
99.79017
99.80766
99.79668
99.82288
99.80201
99.82928
99.80735
99.84033
99.81267
99.84555
99.82172
99.85073
99.83363
99.85858
99.83902
99.865
99.85025
99.87023
99.85686
99.87549
99.866
99.88541
99.87923
99.89435
99.8846
99.90326
99.89
99.90849
99.90366
99.91372
99.91273
99.92635
99.9261
99.93901
99.94788
99.95911
99.95672
99.97937
99.96552
99.98573
99.97428
99.99205
99.98312
100.0031
99.9882
100.0082
99.99332
100.0134
99.99838
100.0285
100.0047
100.0348
100.0098
100.0436
100.0149
100.0513
100.02
100.0575
100.0251
100.0664
100.0314
100.0727
100.0402
100.0858
100.0453
100.0909
100.0504
100.096
100.0555
100.1011
100.0643
100.1089
100.0695
100.114
100.0746
100.1203
100.0797
100.1291
100.0848
100.1342
100.0911
100.1394
100.0963
100.1457
100.1014
100.1508
100.1117
100.1559
100.1168
100.168
100.122
100.1768
100.1271
100.1849
100.136
100.19
100.1411
100.1952
100.1515
100.2016
100.1566
100.208
100.1618
100.2131
100.1682
100.2183
100.1734
100.2312
100.1786
100.2402
100.185
100.2466
100.1914
100.2555
100.1979
100.2628
100.2043
100.2693
100.2096
100.2855
100.2148
100.2907
100.2238
100.296
100.2403
100.3013
100.2467
100.3148
100.2532
100.3304
100.2613
100.3357
100.2703
100.3411
100.2843
100.3514
100.2895
100.3579
100.3586
100.3643
100.3638
100.3801
100.3702
100.3855
100.3767
100.3907
100.3906
100.4041
100.3958
100.4106
100.4011
100.4171
100.4121
100.4361
100.4173
100.4414
100.4225
100.4466
100.437
100.4518
100.4423
100.4571
100.4539
100.4702
100.4628
100.4754
100.4693
100.4806
100.4782
100.4928
100.4846
100.498
100.4935
100.5032
100.505
100.5096
100.5102
100.5147
100.5154
100.5199
100.5231
100.5293
100.5296
100.5345
100.536
100.5398
100.5425
100.5585
100.5515
100.5649
100.573
100.5832
100.5874
100.5978
100.5939
100.6055
100.6004
100.612
100.6094
100.6184
100.6146
100.6361
100.6199
100.6413
100.6365
100.6466
100.657
100.6556
100.6647
100.6609
100.6732
100.6661
100.6785
100.6788
100.6899
100.684
100.6964
100.6892
100.7054
100.7044
100.7158
100.7122
100.7238
100.7298
100.7302
100.7362
100.7354
100.7531
100.7406
100.7607
100.7471
100.7689
100.7629
100.7912
100.7693
100.7963
100.7745
100.8039
100.7797
100.8185
100.7861
100.8249
100.7925
100.8424
100.7977
100.8475
100.8078
100.8527
100.8142
100.8591
100.8232
100.8643
100.8308
100.8694
100.8483
100.8801
100.8572
100.8865
100.8624
100.8979
100.8689
100.9042
100.8753
100.9167
100.8842
100.935
100.8905
100.9501
100.8969
100.9605
100.9033
100.9683
100.9332
100.9747
100.9547
100.9851
100.9598
100.9915
100.965
100.9979
100.9789
101.0042
100.9902
101.012
100.9966
101.0273
101.008
101.0336
101.0156
101.04
101.0302
101.0464
101.0366
101.0516
101.0455
101.0567
101.0519
101.067
101.0633
101.0734
101.0719
101.0798
101.0782
101.085
101.0834
101.0902
101.0886
101.1007
101.0986
101.1083
101.1094
101.1147
101.1146
101.1298
101.1198
101.135
101.125
101.1402
101.1356
101.1453
101.1408
101.1542
101.146
101.1666
101.1524
101.173
101.16
101.1876
101.1664
101.1928
101.1728
101.198
101.1795
101.2044
101.1847
101.2107
101.1899
101.2172
101.1963
101.226
101.2015
101.2361
101.208
101.2426
101.2169
101.254
101.2337
101.2626
101.2418
101.2765
101.247
101.2887
101.2571
101.3001
101.2639
101.3065
101.279
101.3118
101.2854
101.317
101.2993
101.3222
101.3045
101.3274
101.3097
101.3326
101.3161
101.3379
101.3268
101.3444
101.3385
101.3533
101.3437
101.3597
101.3489
101.3712
101.3554
101.3777
101.363
101.3842
101.3762
101.3895
101.3814
101.3947
101.3867
101.4037
101.3932
101.4131
101.4009
101.4196
101.4074
101.4249
101.4164
101.4301
101.4217
101.4354
101.427
101.4419
101.4323
101.4483
101.4387
101.4561
101.4553
101.4626
101.4606
101.4716
101.4659
101.4806
101.4712
101.4896
101.4777
101.4949
101.4843
101.5014
101.4895
101.5068
101.4949
101.515
101.5062
101.5228
101.517
101.5319
101.5223
101.5372
101.5277
101.5425
101.5457
101.5479
101.5547
101.5557
101.5601
101.561
101.5654
101.5663
101.572
101.5766
101.5774
101.5857
101.5827
101.5931
101.5893
101.6021
101.5998
101.6075
101.6064
101.6141
101.6155
101.6207
101.6221
101.6357
101.6288
101.6423
101.6354
101.6476
101.6444
101.6529
101.651
101.6596
101.6564
101.6661
101.663
101.6727
101.6697
101.6809
101.6804
101.6863
101.6857
101.6917
101.691
101.7058
101.7001
101.7142
101.7186
101.7283
101.7253
101.7337
101.7319
101.7468
101.7374
101.7559
101.7428
101.7641
101.7494
101.7732
101.756
101.7797
101.7614
101.7879
101.7667
101.7933
101.7721
101.7987
101.7787
101.8053
101.7841
101.8119
101.7895
101.8173
101.8036
101.8228
101.8091
101.8342
101.8145
101.8409
101.8258
101.849
101.8312
101.8665
101.8365
101.8756
101.8472
101.8809
101.8538
101.8862
101.8628
101.8995
101.8694
101.906
101.8747
101.9151
101.8801
101.9304
101.8866
101.9459
101.8995
101.9513
101.9049
101.9567
101.9103
101.979
101.9157
101.9971
101.9223
102.0037
101.9305
102.0119
101.9396
102.021
101.9462
102.0366
101.9628
102.0453
101.9719
102.0619
101.981
102.0685
101.9865
102.0739
101.9919
102.0903
101.9985
102.0984
102.0077
102.118
102.0131
102.1271
102.0185
102.1412
102.0362
102.1465
102.0428
102.1519
102.0494
102.1608
102.0585
102.1699
102.0651
102.179
102.0742
102.1881
102.0796
102.2008
102.0849
102.2099
102.0903
102.2165
102.1011
102.2331
102.1065
102.2422
102.1118
102.2489
102.1234
102.2555
102.1289
102.2637
102.1343
102.2728
102.1434
102.2898
102.1488
102.2964
102.1543
102.3105
102.1707
102.3197
102.1781
102.3264
102.1872
102.3397
102.1989
102.3489
102.2044
102.3606
102.2099
102.3689
102.2191
102.3744
102.2258
102.38
102.2349
102.3893
102.2404
102.396
102.2459
102.4053
102.2526
102.412
102.2609
102.4187
102.2663
102.427
102.2718
102.434
102.2811
102.4409
102.2866
102.4464
102.2934
102.4532
102.3124
102.465
102.318
102.4719
102.3236
102.4863
102.3304
102.4919
102.3373
102.4976
102.3558
102.5034
102.3615
102.5146
102.3671
102.5216
102.3814
102.5312
102.3959
102.5381
102.4029
102.5441
102.418
102.5499
102.4237
102.5595
102.4692
102.5685
102.5395
102.578
102.5456
102.5852
102.5517
102.5912
102.5616
102.5973
102.5765
102.6094
102.5827
102.6216
102.6058
102.644
102.6196
102.6538
102.6259
102.6686
102.6323
102.6781
102.6386
102.6922
102.6488
102.6995
102.6667
102.7145
102.6732
102.7219
102.68
102.7294
102.6865
102.7394
102.6929
102.747
102.7006
102.7547
102.7083
102.7653
102.7148
102.773
102.7214
102.7794
102.7317
102.7858
102.7383
102.7961
102.7448
102.8039
102.7516
102.8141
102.7595
102.822
102.7663
102.8298
102.7728
102.8364
102.7792
102.8432
102.7871
102.8501
102.7937
102.8567
102.8004
102.8671
102.807
102.875
102.8174
102.8831
102.8253
102.8935
102.8321
102.909
102.8389
102.9158
102.8458
102.9226
102.8526
102.9295
102.8593
102.9363
102.8672
102.9431
102.8775
102.9511
102.8844
102.958
102.891
102.966
102.899
102.974
102.9095
102.982
102.9224
102.9901
102.9293
103.0006
102.9361
103.0111
102.9441
103.0207
102.9521
103.0337
102.9589
103.0417
102.9657
103.0523
102.9737
103.0591
102.9805
103.0659
102.9873
103.0726
102.9941
103.0795
103.0021
103.0863
103.0101
103.0943
103.017
103.1064
103.0238
103.1132
103.0306
103.12
103.0386
103.128
103.0454
103.136
103.0522
103.144
103.0602
103.1508
103.067
103.1588
103.0738
103.1656
103.0806
103.1724
103.0874
103.182
103.0942
103.1888
103.101
103.1956
103.1078
103.2024
103.1146
103.2129
103.1214
103.2234
103.1294
103.2314
103.1362
103.2394
103.143
103.2474
103.1498
103.2542
103.1578
103.2611
103.1683
103.2691
103.175
103.2758
103.1819
103.2827
103.1887
103.2907
103.1954
103.2987
103.2034
103.3067
103.2102
103.3135
103.217
103.3203
103.225
103.3271
103.2318
103.3351
103.2448
103.3506
103.2527
103.3652
103.2607
103.3732
103.2675
103.3799
103.2743
103.3867
103.2823
103.3947
103.2928
103.4027
103.2995
103.4095
103.3063
103.4163
103.3143
103.423
103.3211
103.4298
103.3279
103.4366
103.3346
103.4434
103.3426
103.4514
103.3547
103.4581
103.3615
103.4649
103.3683
103.4717
103.375
103.4784
103.3818
103.4852
103.3898
103.492
103.3966
103.5025
103.4033
103.5092
103.4101
103.5161
103.4169
103.5228
103.4236
103.5296
103.4304
103.5364
103.4372
103.5431
103.4439
103.5499
103.4507
103.5579
103.4575
103.5659
103.4642
103.5764
103.4722
103.5831
103.479
103.5899
103.4857
103.5995
103.4925
103.6063
103.5005
103.6131
103.5084
103.6198
103.5152
103.6266
103.5219
103.6333
103.5287
103.6401
103.5355
103.6481
103.5434
103.6549
103.5502
103.6616
103.5569
103.6684
103.5637
103.6752
103.5704
103.6831
103.5772
103.6899
103.5852
103.6966
103.5932
103.7071
103.6027
103.7176
103.6095
103.7243
103.6162
103.7311
103.623
103.7378
103.636
103.7458
103.6439
103.7526
103.6507
103.7594
103.6574
103.7661
103.6642
103.7729
103.6709
103.7796
103.6777
103.7864
103.6845
103.7931
103.6924
103.7999
103.6992
103.8067
103.7059
103.8134
103.7127
103.8202
103.7194
103.8269
103.7262
103.8337
103.7329
103.8404
103.7397
103.85
103.7465
103.8567
103.7544
103.8635
103.7612
103.8702
103.7679
103.877
103.7747
103.8837
103.7814
103.8905
103.7882
103.8984
103.7949
103.9052
103.8017
103.9119
103.8084
103.9199
103.8164
103.9266
103.8231
103.9334
103.8299
103.9401
103.8366
103.9469
103.8462
103.9536
103.8541
103.9604
103.8609
103.9671
103.8676
103.9739
103.8744
103.9806
103.8811
103.9874
103.8891
103.9941
103.8958
104.0009
103.9025
104.0076
103.9093
104.0144
103.916
104.0223
103.9228
104.0291
103.9324
104.0358
103.9403
104.0437
103.9471
104.0542
103.9538
104.0609
103.9605
104.0677
103.9673
104.0744
103.9752
104.0812
103.9857
104.0891
103.9924
104.0959
103.9992
104.1026
104.0059
104.1094
104.0155
104.1161
104.0222
104.1229
104.029
104.1296
104.0369
104.1364
104.0436
104.1431
104.0504
104.1498
104.0571
104.1566
104.0639
104.1633
104.0706
104.1701
104.0786
104.1768
104.0853
104.1836
104.0921
104.1915
104.0988
104.1982
104.1056
104.205
104.1123
104.2117
104.1191
104.2185
104.1258
104.2252
104.1326
104.2319
104.1393
104.2399
104.146
104.2466
104.1528
104.2534
104.1608
104.2601
104.1675
104.2669
104.1742
104.2736
104.181
104.2804
104.1889
104.2883
104.1969
104.2951
104.2036
104.3018
104.2104
104.3085
104.2171
104.3153
104.2239
104.322
104.2306
104.3288
104.2374
104.3355
104.2441
104.3423
104.2508
104.349
104.2588
104.3558
104.2655
104.3637
104.2723
104.3705
104.279
104.3772
104.287
104.3852
104.2937
104.3931
104.3005
104.3998
104.3084
104.4066
104.3164
104.4133
104.3243
104.4201
104.3311
104.428
104.3378
104.4348
104.3499
104.4415
104.3566
104.4482
104.3634
104.455
104.3701
104.4617
104.3781
104.4685
104.3848
104.4752
104.3915
104.4819
104.3983
104.4887
104.405
104.4954
104.4118
104.5022
104.4197
104.5089
104.4265
104.5157
104.4332
104.5224
104.44
104.5292
104.4467
104.5371
104.4535
104.5438
104.4602
104.5506
104.4669
104.5573
104.4737
104.564
104.4804
104.5708
104.4872
104.5775
104.4939
104.5855
104.5007
104.5922
104.5074
104.599
104.517
104.6057
104.5238
104.6124
104.5317
104.6192
104.5396
104.6259
104.5464
104.6327
104.5531
104.6394
104.5599
104.6462
104.5666
104.6529
104.5733
104.6609
104.5801
104.6676
104.5868
104.6743
104.5936
104.6811
104.6003
104.6878
104.607
104.6946
104.6138
104.7013
104.6205
104.7081
104.6284
104.716
104.6352
104.7227
104.6419
104.7295
104.6487
104.7374
104.6554
104.7442
104.6658
104.7509
104.6738
104.7577
104.6806
104.7673
104.6874
104.7741
104.6941
104.7808
104.7009
104.7875
104.7076
104.7943
104.7155
104.801
104.7235
104.8077
104.7302
104.8145
104.7369
104.8212
104.7437
104.828
104.7504
104.8347
104.7571
104.8415
104.7667
104.8482
104.7734
104.8549
104.7802
104.8617
104.7869
104.8684
104.7936
104.8752
104.8004
104.8831
104.8071
104.8898
104.8139
104.8966
104.8206
104.9033
104.8273
104.9101
104.8341
104.9168
104.8408
104.9248
104.8475
104.9344
104.8555
104.9411
104.8623
104.9478
104.869
104.9546
104.8769
104.9613
104.8849
104.9681
104.8916
104.9748
104.8984
104.9816
104.9051
104.9895
104.913
104.9962
104.9198
105.003
104.9265
105.0097
104.9333
105.0165
104.94
105.0232
104.9467
105.03
104.9535
105.0367
104.9602
105.0434
104.967
105.0502
104.9749
105.0606
104.9817
105.0674
104.9884
105.0741
104.9951
105.082
105.0019
105.0888
105.0123
105.0955
105.0219
105.1023
105.0286
105.109
105.0354
105.1158
105.0421
105.1225
105.0488
105.1292
105.0556
105.136
105.066
105.1427
105.0728
105.1495
105.0795
105.1562
105.0863
105.163
105.093
105.1697
105.0997
105.1765
105.1077
105.1832
105.1144
105.1899
105.1211
105.1967
105.1279
105.2034
105.1346
105.2114
105.1414
105.2193
105.1481
105.226
105.1549
105.2328
105.1616
105.2395
105.1684
105.2463
105.1751
105.253
105.1818
105.2598
105.1886
105.2665
105.1965
105.277
105.2033
105.2837
105.21
105.2904
105.218
105.2972
105.2259
105.3039
105.2327
105.3107
105.2394
105.3174
105.2461
105.3241
105.2529
105.3309
105.2596
105.3376
105.2664
105.3444
105.2731
105.3511
105.2798
105.3578
105.2866
105.3646
105.2933
105.3725
105.3013
105.3792
105.308
105.386
105.3159
105.3927
105.3227
105.4007
105.3294
105.4074
105.3362
105.4141
105.3429
105.4221
105.3525
105.4316
105.3604
105.4384
105.3671
105.4451
105.3739
105.4519
105.3806
105.4586
105.3886
105.4654
105.3953
105.4721
105.4021
105.4789
105.41
105.4856
105.4167
105.4923
105.4235
105.4991
105.4355
105.5058
105.4423
105.5126
105.449
105.5193
105.4558
105.526
105.4637
105.5328
105.4704
105.5395
105.4772
105.5463
105.4839
105.553
105.4907
105.5609
105.4974
105.5677
105.5041
105.5744
105.5109
105.5811
105.5176
105.5879
105.5244
105.5975
105.5311
105.6042
105.5391
105.6109
105.5458
105.6189
105.5526
105.6269
105.5605
105.6336
105.5684
105.6403
105.5752
105.6471
105.5819
105.6538
105.5887
105.6606
105.5954
105.6673
105.6021
105.6741
105.6089
105.6808
105.6156
105.6875
105.6224
105.6943
105.6291
105.701
105.6359
105.7078
105.6426
105.7157
105.6493
105.7225
105.6573
105.7292
105.664
105.7359
105.6708
105.7439
105.6804
105.7506
105.6871
105.7574
105.695
105.7669
105.703
105.7749
105.7097
105.7816
105.7165
105.7884
105.7232
105.7951
105.7312
105.8018
105.7379
105.8086
105.7447
105.8153
105.7526
105.8221
105.7594
105.8288
105.7661
105.8355
105.7741
105.8423
105.7808
105.849
105.7876
105.8558
105.7943
105.8625
105.8011
105.8692
105.809
105.876
105.8158
105.8827
105.8225
105.8895
105.8293
105.8962
105.836
105.9041
105.8428
105.9109
105.8495
105.9176
105.8562
105.9244
105.863
105.9311
105.8709
105.9379
105.8789
105.9446
105.8857
105.9513
105.8924
105.9593
105.8991
105.9697
105.9071
105.9765
105.915
105.9832
105.9218
105.99
105.9313
105.9967
105.9381
106.0034
105.9448
106.0102
105.9516
106.0169
105.9583
106.0237
105.965
106.0304
105.9718
106.0372
105.9785
106.0439
105.9853
106.0507
105.992
106.0574
106
106.0641
106.0067
106.0721
106.0135
106.08
106.0202
106.0868
106.0282
106.0935
106.0361
106.1002
106.0441
106.1082
106.0508
106.1161
106.0575
106.1229
106.0643
106.1296
106.0722
106.1363
106.079
106.1431
106.0857
106.1498
106.0937
106.1578
106.1004
106.1645
106.1072
106.1713
106.1139
106.178
106.1207
106.1847
106.1274
106.1915
106.1353
106.1982
106.1421
106.2049
106.1488
106.2117
106.1556
106.2184
106.1623
106.2252
106.1691
106.2319
106.1758
106.2386
106.1825
106.2466
106.1893
106.2533
106.196
106.26
106.2028
106.2668
106.2095
106.2735
106.2163
106.2803
106.2243
106.287
106.231
106.2937
106.2377
106.3017
106.2445
106.3097
106.2549
106.3164
106.2645
106.3232
106.2724
106.3311
106.2792
106.3378
106.2859
106.3446
106.2927
106.3513
106.2994
106.3581
106.3062
106.3648
106.3129
106.3716
106.3196
106.3783
106.3264
106.385
106.3331
106.3918
106.3411
106.3985
106.3478
106.4053
106.3546
106.4132
106.3613
106.4212
106.3692
106.4279
106.3772
106.4346
106.3851
106.4414
106.3919
106.4493
106.3986
106.4573
106.4053
106.464
106.4133
106.4708
106.4201
106.4775
106.4268
106.4843
106.4347
106.491
106.4415
106.4977
106.4482
106.5045
106.455
106.5112
106.4617
106.518
106.4684
106.5247
106.4764
106.5315
106.4831
106.5382
106.4899
106.5449
106.4966
106.5517
106.5033
106.5584
106.5102
106.5652
106.5169
106.5719
106.5237
106.5786
106.5304
106.5854
106.5372
106.5933
106.5439
106.6
106.5507
106.6068
106.5574
106.6135
106.5654
106.6203
106.5721
106.627
106.5789
106.6337
106.5856
106.6417
106.5935
106.6497
106.6031
106.6564
106.6135
106.6631
106.6203
106.6699
106.627
106.6766
106.6338
106.6835
106.6405
106.6902
106.6473
106.697
106.654
106.7037
106.6608
106.7104
106.6675
106.7172
106.6743
106.7251
106.6838
106.7319
106.6918
106.7386
106.6985
106.7454
106.7053
106.7521
106.712
106.7588
106.7199
106.7709
106.7304
106.7776
106.7371
106.7843
106.7439
106.7923
106.7518
106.8002
106.7598
106.807
106.7665
106.8137
106.7745
106.8205
106.7812
106.8272
106.7879
106.8339
106.7947
106.8407
106.8014
106.8474
106.8082
106.8542
106.8149
106.8609
106.8229
106.8676
106.8296
106.8744
106.8364
106.8811
106.8431
106.8891
106.8499
106.8958
106.8566
106.9025
106.8633
106.9093
106.8701
106.916
106.8768
106.9228
106.8836
106.9295
106.8903
106.9374
106.8971
106.9442
106.9038
106.9509
106.9118
106.9577
106.9185
106.9644
106.9253
106.9711
106.932
106.9779
106.94
106.9858
106.9479
106.9938
106.9546
107.0005
106.9614
107.0073
106.9681
107.014
106.9749
107.0208
106.9816
107.0275
106.9884
107.0342
106.9951
107.041
107.0018
107.0477
107.0086
107.0545
107.0154
107.0612
107.0233
107.0679
107.0301
107.0747
107.0368
107.0814
107.0447
107.0893
107.0515
107.0961
107.0582
107.1028
107.065
107.1108
107.0779
107.1187
107.0847
107.1255
107.0914
107.1334
107.0982
107.1413
107.1049
107.1481
107.1129
107.1548
107.1233
107.1616
107.1301
107.1683
107.1368
107.175
107.1435
107.1818
107.1503
107.1885
107.157
107.1952
107.1638
107.202
107.1705
107.2087
107.1773
107.2154
107.184
107.2222
107.192
107.2289
107.1987
107.2356
107.2055
107.2424
107.2122
107.2503
107.2189
107.257
107.2257
107.2638
107.2324
107.2705
107.2392
107.2785
107.2471
107.2852
107.2551
107.2919
107.2618
107.2987
107.2686
107.3054
107.2753
107.3121
107.2832
107.3189
107.2912
107.3268
107.2979
107.3348
107.3047
107.3415
107.3114
107.3482
107.3181
107.355
107.3249
107.3617
107.3316
107.3684
107.3383
107.3752
107.3451
107.3819
107.3518
107.3887
107.3586
107.3954
107.3665
107.4021
107.3733
107.4089
107.38
107.4156
107.3879
107.4223
107.3947
107.4319
107.4014
107.4386
107.4081
107.4454
107.4149
107.4533
107.4253
107.4601
107.4321
107.4668
107.4388
107.4772
107.4455
107.4852
107.4535
107.4919
107.4614
107.4987
107.4682
107.5054
107.4749
107.5121
107.4854
107.5189
107.4921
107.5256
107.4988
107.5323
107.5056
107.5391
107.5123
107.5458
107.519
107.5526
107.5258
107.5593
107.5325
107.566
107.5405
107.5728
107.5472
107.5795
107.5539
107.5862
107.5607
107.593
107.5674
107.5997
107.5742
107.6065
107.5809
107.6132
107.5876
107.6211
107.5997
107.6278
107.6065
107.6346
107.6132
107.6413
107.6199
107.6481
107.6279
107.6548
107.6358
107.6615
107.6425
107.6695
107.6493
107.6775
107.656
107.6842
107.6628
107.691
107.6695
107.6977
107.6763
107.7045
107.683
107.7112
107.6897
107.7179
107.6965
107.7247
107.7032
107.7314
107.7112
107.7382
107.7179
107.7449
107.7246
107.7516
107.7314
107.7584
107.7381
107.7651
107.7449
107.7731
107.7516
107.7798
107.7583
107.7866
107.7679
107.7945
107.7746
107.8012
107.7814
107.808
107.7881
107.8159
107.7948
107.8238
107.8028
107.8318
107.8095
107.8385
107.8163
107.8453
107.8267
107.852
107.8346
107.8587
107.8414
107.8655
107.8481
107.8722
107.8548
107.879
107.8628
107.8857
107.8695
107.8924
107.8763
107.8992
107.883
107.9059
107.891
107.9127
107.8977
107.9194
107.9044
107.9261
107.9112
107.9329
107.9179
107.9396
107.9246
107.9463
107.9314
107.9531
107.9393
107.9598
107.9461
107.9677
107.9528
107.9745
107.9596
107.9812
107.9663
107.9879
107.9742
107.9947
107.9822
108.0014
107.9889
108.0082
107.9957
108.0177
108.0024
108.0257
108.0091
108.0324
108.0187
108.0392
108.0254
108.0459
108.0322
108.0527
108.0389
108.0594
108.0457
108.0661
108.0536
108.0729
108.0603
108.0796
108.0671
108.0863
108.0738
108.0931
108.0806
108.0998
108.0873
108.1066
108.094
108.1145
108.1008
108.1212
108.1087
108.128
108.1155
108.1359
108.1222
108.1427
108.129
108.1494
108.1357
108.1573
108.1436
108.1653
108.1504
108.1732
108.1571
108.18
108.1651
108.1867
108.1718
108.1934
108.1814
108.2002
108.1893
108.2069
108.196
108.2149
108.204
108.2216
108.2107
108.2283
108.2175
108.2351
108.2242
108.2418
108.231
108.2486
108.2389
108.2553
108.2456
108.2621
108.2524
108.2688
108.2591
108.2755
108.2659
108.2823
108.2726
108.289
108.2806
108.2958
108.2873
108.3025
108.2941
108.3104
108.3008
108.3172
108.3076
108.3239
108.3155
108.3307
108.3234
108.3374
108.3302
108.3441
108.3369
108.3509
108.3438
108.3588
108.3505
108.3668
108.3572
108.3736
108.364
108.3803
108.3707
108.387
108.3775
108.3938
108.3842
108.4005
108.3909
108.4072
108.3989
108.414
108.4056
108.4207
108.4124
108.4275
108.4191
108.4342
108.4258
108.4409
108.4326
108.4477
108.4393
108.4544
108.4461
108.4612
108.454
108.4679
108.4619
108.4746
108.4687
108.4826
108.4754
108.4893
108.4821
108.4961
108.4901
108.504
108.4968
108.5136
108.5035
108.5215
108.5131
108.5283
108.5199
108.535
108.5266
108.5417
108.537
108.5485
108.5438
108.5552
108.5505
108.562
108.5572
108.5699
108.564
108.5766
108.5707
108.5834
108.5775
108.5901
108.5842
108.5968
108.5909
108.6036
108.6005
108.6103
108.6085
108.6171
108.6164
108.6238
108.6232
108.6305
108.6299
108.6373
108.6367
108.644
108.6434
108.6519
108.6501
108.6587
108.6581
108.6654
108.666
108.6722
108.6727
108.6789
108.6795
108.6857
108.6862
108.6924
108.693
108.7003
108.6997
108.7083
108.7065
108.715
108.7132
108.7218
108.7199
108.7285
108.7267
108.7353
108.7334
108.742
108.7414
108.7487
108.7481
108.7555
108.7548
108.7622
108.7616
108.769
108.7683
108.7757
108.7751
108.7824
108.7818
108.7892
108.7885
108.7959
108.7965
108.8026
108.8032
108.8094
108.8099
108.8161
108.8167
108.8241
108.8234
108.8308
108.8314
108.8375
108.8381
108.8443
108.8448
108.8522
108.8516
108.8601
108.8583
108.8669
108.8651
108.8736
108.873
108.8804
108.881
108.8883
108.8877
108.895
108.8944
108.9018
108.9012
108.9085
108.9079
108.9152
108.9146
108.922
108.9214
108.9287
108.9281
108.9355
108.9349
108.9422
108.9416
108.9489
108.9496
108.9557
108.9575
108.9624
108.9643
108.9692
108.971
108.9759
108.9778
108.9826
108.9845
108.9894
108.9924
109.0023
109.0004
109.009
109.0083
109.0159
109.0151
109.0226
109.0218
109.0294
109.0285
109.0361
109.0353
109.0441
109.042
109.0508
109.0487
109.0575
109.0555
109.0655
109.0622
109.0722
109.069
109.079
109.0757
109.0857
109.0861
109.0925
109.0929
109.0992
109.0996
109.1059
109.1063
109.1127
109.1131
109.1194
109.1198
109.1262
109.1266
109.1329
109.1333
109.1396
109.1413
109.1464
109.148
109.1531
109.1547
109.1599
109.1615
109.1678
109.1682
109.1746
109.1787
109.1813
109.1854
109.188
109.1921
109.196
109.1989
109.2039
109.2056
109.2107
109.2123
109.2174
109.2203
109.2242
109.227
109.2309
109.2338
109.2376
109.2405
109.2456
109.2485
109.2523
109.2552
109.259
109.2619
109.2658
109.2687
109.2725
109.2754
109.2793
109.2822
109.286
109.2889
109.2927
109.2956
109.2995
109.3036
109.3062
109.3115
109.313
109.3183
109.3197
109.325
109.3265
109.3329
109.3332
109.3409
109.3411
109.3504
109.3479
109.3572
109.3546
109.3639
109.3613
109.3706
109.3693
109.3774
109.376
109.3841
109.3828
109.3908
109.3907
109.3976
109.3975
109.4043
109.4042
109.411
109.4122
109.4178
109.4189
109.4257
109.4256
109.4325
109.4324
109.4392
109.4391
109.446
109.4459
109.4527
109.4526
109.4594
109.4594
109.4662
109.4661
109.4729
109.4728
109.4797
109.4796
109.4876
109.4863
109.4943
109.4931
109.5011
109.4998
109.5078
109.5066
109.5146
109.5133
109.5225
109.52
109.5293
109.528
109.536
109.5347
109.5427
109.5414
109.5495
109.5519
109.5562
109.5586
109.5642
109.5654
109.5721
109.5721
109.5788
109.5788
109.5856
109.5868
109.5923
109.5935
109.599
109.6002
109.6058
109.607
109.6125
109.6137
109.6192
109.6205
109.626
109.6272
109.6339
109.6339
109.6419
109.6407
109.6486
109.6474
109.6554
109.6541
109.6621
109.6609
109.6688
109.6676
109.6756
109.6743
109.6851
109.6823
109.6955
109.689
109.7023
109.6957
109.709
109.7025
109.7158
109.7092
109.7225
109.7159
109.7292
109.7227
109.736
109.7306
109.7427
109.7374
109.7494
109.7441
109.7562
109.7545
109.7629
109.7613
109.7708
109.768
109.7776
109.7748
109.7843
109.7815
109.791
109.7882
109.7978
109.795
109.8045
109.8017
109.8124
109.8085
109.8191
109.8152
109.8259
109.822
109.8338
109.8287
109.8405
109.8354
109.8473
109.8422
109.854
109.8489
109.8608
109.8557
109.8687
109.8624
109.8754
109.8703
109.8822
109.8771
109.8889
109.8838
109.8957
109.8917
109.9024
109.9022
109.9091
109.9089
109.9171
109.9157
109.9238
109.9224
109.9305
109.932
109.9373
109.9387
109.9452
109.9454
109.952
109.9521
109.9587
109.9589
109.9654
109.9656
109.9722
109.9724
109.9801
109.9803
109.9881
109.9871
109.9948
109.9938
110.0015
110.0005
110.0083
110.0073
