10.0094
10.01028
10.01488
10.01593
10.02023
10.02724
10.02562
10.03289
10.03103
10.03857
10.03649
10.04432
10.04194
10.05004
10.04739
10.05576
10.05281
10.06148
10.05833
10.06723
10.06497
10.07299
10.07041
10.07878
10.07595
10.08454
10.08136
10.09026
10.08799
10.09603
10.09343
10.10197
10.09899
10.10795
10.10442
10.11386
10.11118
10.11973
10.11661
10.12564
10.12209
10.13157
10.12763
10.13744
10.13318
10.15507
10.1387
10.16101
10.14416
10.1669
10.15093
10.17279
10.15645
10.17865
10.16201
10.1846
10.16754
10.19052
10.17308
10.19647
10.17862
10.20237
10.18412
10.20833
10.18975
10.21429
10.19533
10.22019
10.20096
10.22616
10.20656
10.23213
10.21218
10.2381
10.21772
10.24412
10.22326
10.25008
10.22882
10.25605
10.23446
10.26202
10.24007
10.2681
10.2456
10.27408
10.25115
10.28009
10.25677
10.28604
10.26236
10.29208
10.26791
10.29798
10.27362
10.30398
10.27926
10.30992
10.28485
10.31581
10.29056
10.3218
10.29728
10.32783
10.30288
10.33378
10.30855
10.33979
10.31418
10.34576
10.31976
10.35179
10.32548
10.35773
10.33109
10.36367
10.33676
10.36965
10.34241
10.37563
10.34807
10.38159
10.35374
10.38761
10.3594
10.39361
10.36498
10.39959
10.37062
10.40561
10.37634
10.4116
10.38202
10.41765
10.38776
10.42362
10.39342
10.42961
10.39914
10.43559
10.40477
10.44159
10.41045
10.44759
10.41612
10.4536
10.42172
10.45961
10.42748
10.46569
10.43312
10.47173
10.43887
10.4777
10.44452
10.48368
10.45016
10.48968
10.45594
10.49566
10.46164
10.50167
10.46859
10.50765
10.47419
10.51366
10.47997
10.51967
10.48688
10.52569
10.4937
10.53169
10.49947
10.53772
10.50515
10.54374
10.5109
10.54976
10.51656
10.55575
10.52226
10.56173
10.52793
10.56773
10.53356
10.57376
10.53934
10.57975
10.54493
10.58578
10.55074
10.5918
10.55638
10.59787
10.56215
10.60394
10.56783
10.61
10.57349
10.61599
10.58029
10.62205
10.58604
10.62808
10.59164
10.63411
10.59745
10.64015
10.60317
10.64619
10.60891
10.65224
10.61465
10.65836
10.62037
10.66442
10.62608
10.67049
10.63179
10.67653
10.63753
10.68264
10.64315
10.68877
10.64895
10.69486
10.6546
10.70094
10.66033
10.70706
10.66608
10.71311
10.67173
10.71919
10.67753
10.72525
10.68318
10.73134
10.68893
10.73738
10.69469
10.74342
10.70042
10.7495
10.70605
10.75546
10.71189
10.76155
10.71763
10.76769
10.7234
10.7737
10.7292
10.77975
10.73496
10.78584
10.74074
10.79312
10.74644
10.79924
10.75221
10.80532
10.75796
10.81862
10.76365
10.82469
10.76945
10.8308
10.77525
10.83686
10.78104
10.84299
10.78683
10.84906
10.79264
10.85512
10.79836
10.86122
10.8042
10.86729
10.81003
10.87338
10.81583
10.87942
10.82164
10.88547
10.82747
10.89153
10.83447
10.89758
10.84028
10.90365
10.8461
10.90972
10.85194
10.91579
10.85772
10.92189
10.86348
10.92795
10.86932
10.93399
10.87521
10.94005
10.88103
10.94613
10.88691
10.96437
10.89277
10.97041
10.89867
10.9826
10.90579
10.98869
10.9117
10.99478
10.91745
11.00085
10.92328
11.0069
10.92913
11.01304
10.93497
11.0191
10.94087
11.02515
10.94666
11.03124
10.95256
11.03731
10.9584
11.04343
10.96428
11.04953
10.97012
11.05564
10.976
11.06171
10.98195
11.06777
10.98793
11.07393
10.99386
11.0812
10.99988
11.08728
11.00583
11.09338
11.01187
11.09948
11.01775
11.10556
11.02372
11.1116
11.02979
11.11772
11.03574
11.12382
11.04181
11.12996
11.04773
11.13614
11.05389
11.14225
11.05988
11.14842
11.06604
11.15453
11.0721
11.1606
11.07815
11.16657
11.08426
11.17279
11.09154
11.17887
11.09767
11.18504
11.1038
11.1912
11.10987
11.19732
11.11605
11.20337
11.12221
11.20953
11.12828
11.21557
11.13451
11.22158
11.14189
11.22774
11.14802
11.23379
11.15429
11.23986
11.16043
11.24601
11.16653
11.25213
11.1727
11.25954
11.17887
11.26565
11.18509
11.27186
11.19135
11.27804
11.19886
11.28421
11.20515
11.29028
11.21146
11.29636
11.21775
11.30243
11.22398
11.3085
11.23028
11.31474
11.23677
11.32094
11.24313
11.32715
11.24949
11.33336
11.25591
11.33955
11.26226
11.34562
11.26867
11.3517
11.27506
11.35785
11.28146
11.36407
11.28802
11.37036
11.29445
11.37648
11.301
11.38264
11.30756
11.38897
11.3141
11.39529
11.32059
11.40152
11.32833
11.40782
11.33486
11.41408
11.34134
11.42038
11.34785
11.42656
11.35443
11.43284
11.36101
11.43896
11.36751
11.44526
11.37409
11.45152
11.38069
11.45783
11.3872
11.46392
11.39373
11.47003
11.40016
11.47613
11.40664
11.4823
11.41322
11.48869
11.41968
11.49483
11.4262
11.50118
11.43273
11.50729
11.43919
11.5136
11.44565
11.51972
11.45207
11.52582
11.45851
11.53195
11.46505
11.53803
11.47146
11.54423
11.47786
11.55036
11.48555
11.55672
11.49196
11.56297
11.49829
11.56933
11.50462
11.57566
11.51106
11.58207
11.51751
11.58844
11.52388
11.59471
11.53035
11.60113
11.5368
11.6075
11.54324
11.61389
11.54982
11.6203
11.55631
11.62671
11.56292
11.63317
11.56941
11.63962
11.57614
11.64608
11.58262
11.65261
11.58935
11.65909
11.59592
11.66562
11.60265
11.67211
11.60936
11.67865
11.61599
11.6851
11.62272
11.69166
11.62945
11.69808
11.63618
11.70462
11.64291
11.71114
11.64964
11.71775
11.65637
11.7244
11.66311
11.731
11.66984
11.73765
11.67656
11.74425
11.68329
11.75093
11.69002
11.75757
11.69675
11.76428
11.70348
11.77094
11.71021
11.77762
11.71694
11.78426
11.72366
11.79095
11.73039
11.79767
11.73831
11.8044
11.74504
11.81113
11.75176
11.81785
11.75848
11.82457
11.76521
11.8313
11.77194
11.83802
11.77985
11.84474
11.78658
11.85147
11.7933
11.8582
11.80003
11.86613
11.80676
11.87285
11.81349
11.87958
11.82022
11.88631
11.82695
11.89305
11.83368
11.89977
11.8404
11.90771
11.84714
11.91444
11.85387
11.92117
11.86059
11.9279
11.86732
11.93463
11.87405
11.94135
11.88078
11.94808
11.88751
11.9548
11.89424
11.96153
11.90097
11.96826
11.9077
11.97499
11.91442
11.98172
11.92115
11.98845
11.92788
11.99518
11.93461
12.00191
11.94134
12.00864
11.94807
12.01536
11.9548
12.02209
11.96152
12.02882
11.96825
12.03555
11.97497
12.04227
11.9817
12.049
11.98843
12.05573
11.99515
12.06246
12.00188
12.06919
12.00861
12.07592
12.01535
12.08265
12.02208
12.08938
12.02881
12.09611
12.03554
12.10284
12.04227
12.10957
12.049
12.1163
12.05573
12.12303
12.06246
12.12976
12.06919
12.13649
12.07591
12.14323
12.08264
12.14996
12.08937
12.15669
12.0961
12.16343
12.10283
12.17016
12.10956
12.1769
12.11628
12.18363
12.12301
12.19036
12.12974
12.19709
12.13648
12.20383
12.14321
12.21056
12.14994
12.21729
12.15667
12.22402
12.1634
12.23075
12.17013
12.23748
12.17686
12.24422
12.18359
12.25095
12.19032
12.25768
12.19705
12.26441
12.20378
12.27114
12.21051
12.27787
12.21723
12.2846
12.22397
12.29133
12.2307
12.29806
12.23743
12.30478
12.24416
12.31152
12.25089
12.31825
12.25762
12.32498
12.26435
12.33171
12.27108
12.33844
12.27782
12.34517
12.28455
12.35191
12.29128
12.35864
12.29801
12.36537
12.30474
12.3721
12.31147
12.37883
12.31821
12.38555
12.32494
12.39228
12.33167
12.399
12.3384
12.40573
12.34513
12.41245
12.35186
12.41918
12.35859
12.42591
12.36531
12.43263
12.37205
12.43936
12.37878
12.4461
12.38551
12.45283
12.39224
12.45956
12.39897
12.46629
12.4057
12.47302
12.41243
12.47975
12.41917
12.48648
12.4259
12.49321
12.43262
12.49994
12.43935
12.50666
12.44607
12.51339
12.4528
12.52012
12.45953
12.52685
12.46744
12.53357
12.47416
12.5403
12.48089
12.54703
12.48762
12.55376
12.49435
12.56049
12.50107
12.56723
12.5078
12.57396
12.51453
12.58069
12.52126
12.58742
12.52799
12.59415
12.53472
12.60087
12.54145
12.60761
12.54817
12.61434
12.5549
12.62107
12.56163
12.6278
12.56835
12.63453
12.57508
12.64126
12.58181
12.64799
12.58854
12.65473
12.59527
12.66146
12.602
12.66819
12.60873
12.67492
12.61545
12.68165
12.62218
12.68838
12.6289
12.69511
12.63562
12.70184
12.64235
12.70857
12.64907
12.71531
12.65579
12.72204
12.66251
12.72878
12.66924
12.73551
12.67596
12.74225
12.68268
12.74898
12.68942
12.75572
12.69615
12.76245
12.70287
12.76918
12.7096
12.77591
12.71633
12.78264
12.72305
12.78937
12.72978
12.7961
12.73651
12.80283
12.74323
12.80956
12.74996
12.81629
12.75669
12.82303
12.76342
12.82977
12.77014
12.8365
12.77687
12.84324
12.7836
12.84997
12.79033
12.85671
12.79707
12.86345
12.8038
12.87018
12.81052
12.87692
12.81725
12.88366
12.82398
12.89158
12.83071
12.89831
12.83744
12.90505
12.84417
12.91179
12.8509
12.91853
12.85763
12.92526
12.86436
12.932
12.87109
12.93874
12.87782
12.94548
12.88455
12.95222
12.89128
12.95896
12.89801
12.96569
12.90474
12.97243
12.91147
12.97917
12.9182
12.9859
12.92492
12.99263
12.93165
12.99937
12.93838
13.00611
12.94511
13.01285
12.95184
13.01958
12.95976
13.02631
12.96648
13.03305
12.9732
13.03979
12.97993
13.04653
12.98666
13.05326
12.99458
13.06
13.0013
13.06674
13.00803
13.07348
13.01476
13.08022
13.0215
13.08695
13.02822
13.09369
13.03495
13.10042
13.04168
13.10716
13.0496
13.1139
13.05632
13.12064
13.06306
13.12738
13.06979
13.13531
13.07652
13.14204
13.08324
13.14878
13.08997
13.15552
13.0967
13.16226
13.10344
13.169
13.11016
13.17574
13.1169
13.18248
13.12363
13.18922
13.13036
13.19596
13.13709
13.20269
13.14382
13.20944
13.15055
13.21618
13.15729
13.22291
13.16402
13.22964
13.17075
13.23638
13.17748
13.24312
13.18421
13.24985
13.19095
13.25659
13.19768
13.26333
13.20441
13.27007
13.21115
13.27799
13.21788
13.28473
13.22461
13.29147
13.23135
13.29821
13.23808
13.30494
13.24481
13.31168
13.25154
13.31842
13.25827
13.32516
13.26501
13.3319
13.27174
13.33863
13.27847
13.34537
13.2852
13.35211
13.29193
13.35885
13.29867
13.36559
13.3054
13.37233
13.31214
13.37907
13.31887
13.38581
13.32561
13.39255
13.33234
13.39929
13.33907
13.40603
13.3458
13.41278
13.35253
13.41952
13.35927
13.42626
13.366
13.43301
13.37273
13.43975
13.37947
13.44648
13.3862
13.45322
13.39412
13.45996
13.40085
13.46671
13.40759
13.47344
13.41432
13.48136
13.42105
13.48809
13.42778
13.49483
13.43451
13.50157
13.44124
13.50831
13.44797
13.51505
13.45471
13.52179
13.46144
13.52853
13.46817
13.53527
13.4749
13.542
13.48163
13.54874
13.48836
13.55548
13.49509
13.56221
13.50182
13.56895
13.50855
13.57569
13.51528
13.58243
13.52201
13.58916
13.52874
13.5959
13.53548
13.60264
13.5422
13.60938
13.54894
13.61612
13.55567
13.62286
13.5624
13.6296
13.56912
13.63634
13.57585
13.64307
13.58258
13.64981
13.58931
13.65654
13.59604
13.66328
13.60277
13.67001
13.6095
13.67675
13.61623
13.68348
13.62296
13.69022
13.62969
13.69696
13.63643
13.7037
13.64316
13.71043
13.64989
13.71717
13.65662
13.72391
13.66335
13.73065
13.67008
13.73739
13.67682
13.74412
13.68354
13.75087
13.69027
13.7576
13.69701
13.76434
13.70374
13.77108
13.71047
13.77782
13.71721
13.78456
13.72394
13.79129
13.73067
13.79803
13.7374
13.80477
13.74414
13.8115
13.75087
13.81824
13.7576
13.82498
13.76433
13.83172
13.77106
13.83846
13.7778
13.8452
13.78453
13.85193
13.79128
13.85868
13.79801
13.86541
13.80474
13.87215
13.81147
13.87889
13.81821
13.88563
13.82494
13.89237
13.83167
13.89911
13.83841
13.90585
13.84514
13.91259
13.85187
13.91932
13.85861
13.92606
13.86534
13.9328
13.87207
13.93954
13.87881
13.94627
13.88554
13.95301
13.89228
13.95974
13.89901
13.96648
13.90574
13.97321
13.91248
13.97995
13.91921
13.98669
13.92714
13.99342
13.93387
14.00016
13.94061
14.0069
13.94734
14.01363
13.95408
14.02037
13.96081
14.0271
13.96754
14.03384
13.97427
14.04057
13.98101
14.04731
13.98774
14.05405
13.99448
14.06079
14.00121
14.06752
14.00795
14.07426
14.01468
14.081
14.02141
14.08774
14.02814
14.09449
14.03487
14.10124
14.04161
14.10798
14.04834
14.11472
14.05507
14.12146
14.06181
14.1282
14.06854
14.13494
14.07527
14.14168
14.082
14.14842
14.08874
14.15515
14.09547
14.16189
14.10221
14.16863
14.10894
14.17536
14.11567
14.1821
14.12241
14.18884
14.12914
14.19557
14.13587
14.20231
14.1426
14.20905
14.14934
14.21578
14.15607
14.22252
14.1628
14.22925
14.16954
14.23599
14.17626
14.24272
14.18299
14.24945
14.18972
14.25618
14.19645
14.26292
14.20318
14.26965
14.2099
14.27639
14.21665
14.28312
14.22337
14.28986
14.2301
14.29659
14.23683
14.30332
14.24356
14.31006
14.25028
14.3168
14.25702
14.32354
14.26375
14.33027
14.27048
14.337
14.27722
14.34374
14.28395
14.35048
14.29068
14.35722
14.29742
14.36396
14.30415
14.3707
14.31088
14.37744
14.31762
14.38418
14.32435
14.39092
14.33108
14.39766
14.33781
14.40439
14.34454
14.41113
14.35127
14.41787
14.358
14.42461
14.36474
14.43135
14.37147
14.43809
14.37821
14.44483
14.38494
14.45158
14.39168
14.45831
14.39841
14.46506
14.40514
14.47179
14.41188
14.47854
14.41861
14.48528
14.42535
14.49202
14.43209
14.49876
14.43882
14.5055
14.44556
14.51224
14.45229
14.51899
14.45902
14.52573
14.46575
14.53248
14.47248
14.53922
14.47922
14.54596
14.48595
14.55271
14.49268
14.55945
14.49942
14.56619
14.50615
14.57294
14.51289
14.58088
14.51962
14.58762
14.52635
14.59436
14.53309
14.6011
14.53982
14.60785
14.54656
14.61458
14.5533
14.62132
14.56003
14.62806
14.56676
14.6348
14.5735
14.64154
14.58024
14.64828
14.58697
14.65502
14.59371
14.66176
14.60044
14.6685
14.60718
14.67524
14.61391
14.68198
14.62065
14.68873
14.62738
14.69547
14.63412
14.70221
14.64086
14.70896
14.64759
14.7157
14.65433
14.72245
14.66107
14.72919
14.6678
14.73593
14.67454
14.74268
14.68128
14.74942
14.68802
14.75616
14.69475
14.76291
14.70149
14.76965
14.70823
14.77639
14.71496
14.78312
14.72169
14.78986
14.72843
14.79661
14.73517
14.80335
14.74191
14.8101
14.74864
14.81684
14.75538
14.82358
14.76212
14.83032
14.76885
14.83706
14.77559
14.8438
14.78232
14.85054
14.78906
14.85729
14.7958
14.86525
14.80375
14.87199
14.8117
14.87874
14.81844
14.88549
14.82518
14.89222
14.83192
14.89896
14.83865
14.90571
14.84539
14.91246
14.85213
14.9192
14.85887
14.92594
14.86561
14.93268
14.87234
14.93943
14.87908
14.94985
14.88949
14.95658
14.89623
14.96333
14.90296
14.97007
14.9109
14.97681
14.91763
14.98355
14.92437
14.99029
14.93402
14.99702
14.94075
15.00746
14.94749
15.01419
14.95422
15.02092
14.96216
15.02766
14.96889
15.03809
14.97563
15.04482
14.98237
15.05156
14.9891
15.0583
14.99584
15.06504
15.00258
15.07178
15.00931
15.07852
15.01605
15.08525
15.02279
15.09317
15.0332
15.10112
15.03994
15.10785
15.04667
15.11459
15.05341
15.12133
15.06015
15.12807
15.06688
15.13478
15.07362
15.14152
15.08036
15.14826
15.0871
15.155
15.09669
15.16296
15.10343
15.1697
15.11017
15.17644
15.11691
15.18318
15.12366
15.18993
15.13039
15.19787
15.13714
15.20461
15.14388
15.21136
15.15061
15.21811
15.15736
15.22485
15.1641
15.2316
15.17084
15.23834
15.17758
15.24509
15.18432
15.25183
15.19106
15.25859
15.1978
15.26534
15.20455
15.27209
15.21128
15.27883
15.21802
15.28558
15.22476
15.29353
15.23268
15.30147
15.24309
15.30822
15.25103
15.31497
15.25776
15.32172
15.2645
15.32846
15.27124
15.33521
15.27797
15.34196
15.28471
15.35151
15.29144
15.35946
15.29818
15.36621
15.30491
15.37296
15.31165
15.37971
15.31839
15.38647
15.33133
15.39692
15.33807
15.40367
15.3448
15.41041
15.35153
15.41717
15.35947
15.4239
15.3674
15.4359
15.37413
15.44255
15.38087
15.44921
15.3888
15.45581
15.39674
15.46246
15.40347
15.4704
15.41021
15.47715
15.41694
15.4839
15.42368
15.49065
15.43042
15.4986
15.43715
15.50534
15.44389
15.51209
15.45063
15.51885
15.45855
15.52559
15.46529
15.53235
15.47202
15.5391
15.47876
15.54585
15.48549
15.5526
15.49223
15.55935
15.50017
15.56728
15.50691
15.57403
15.51365
15.58077
15.52157
15.58752
15.52952
15.59426
15.53625
15.60101
15.543
15.61145
15.54974
15.6182
15.55647
15.62495
15.56322
15.63538
15.57612
15.64213
15.58285
15.64888
15.58959
15.66426
15.61162
15.67101
15.61835
15.67776
15.62631
15.68451
15.63305
15.70225
15.63978
15.70873
15.6502
15.71523
15.66062
15.72174
15.66725
15.72936
15.67387
15.73944
15.68038
15.74565
15.68687
15.75193
15.69466
15.75812
15.70228
15.77466
15.7087
15.78082
15.71508
15.78692
15.72146
15.79301
15.72783
15.80027
15.73422
15.80635
15.7419
15.81241
15.752
15.81848
15.76204
15.82456
15.7712
15.83058
15.77871
15.84025
15.78511
15.84622
15.79159
15.85222
15.80173
15.86685
15.8082
15.87279
15.81592
15.87875
15.82362
15.89087
15.83014
15.89676
15.83669
15.90267
15.84319
15.90984
15.8497
15.91579
15.86241
15.92175
15.86887
15.93554
15.8754
15.9416
15.88558
15.94771
15.89205
15.95758
15.90473
15.96486
15.91116
15.97213
15.91867
15.98184
15.92861
15.989
15.9385
15.99493
15.94829
16.00083
15.95556
16.01284
15.96528
16.0187
15.97124
16.02449
15.97724
16.03885
15.98311
16.05565
15.99513
16.06131
16.00092
16.07567
16.00667
16.08131
16.01524
16.08694
16.02216
16.09254
16.02789
16.09811
16.03365
16.11251
16.03941
16.11809
16.05136
16.1237
16.05709
16.13298
16.06284
16.1386
16.06861
16.14422
16.07434
16.15602
16.08011
16.16167
16.08959
16.1673
16.11076
16.18913
16.1178
16.21263
16.1349
16.2183
16.14075
16.22394
16.18884
16.2448
16.20591
16.25165
16.2118
16.25728
16.2177
16.26291
16.22476
16.26855
16.23182
16.2742
16.2377
16.27987
16.24359
16.29176
16.26071
16.29867
16.26953
16.30807
16.28662
16.31751
16.2926
16.32322
16.29859
16.33013
16.31086
16.33706
16.31818
16.35058
16.328
16.35629
16.33413
16.36201
16.34024
16.37642
16.34632
16.38333
16.3525
16.389
16.36838
16.39471
16.37451
16.40911
16.38061
16.41482
16.38677
16.42053
16.39661
16.42623
16.40275
16.43194
16.40892
16.44135
16.4151
16.44708
16.42127
16.46394
16.43777
16.46964
16.44394
16.47532
16.45013
16.49615
16.47149
16.50183
16.4776
16.50748
16.48369
16.52375
16.50094
16.52942
16.51059
16.53507
16.52182
16.54938
16.52773
16.56363
16.54474
16.56922
16.55058
16.58843
16.55643
16.59397
16.56229
16.59955
16.58182
16.62129
16.58887
16.62813
16.6051
16.65242
16.61477
16.66183
16.63192
16.67124
16.63798
16.6848
16.64404
16.69058
16.659
16.69638
16.66519
16.70592
16.67145
16.713
16.68057
16.72257
16.70065
16.73215
16.71336
16.74174
16.72831
16.74883
16.73468
16.76501
16.75725
16.77093
16.7636
16.77684
16.76994
16.79641
16.78251
16.8023
16.78885
16.80816
16.79645
16.82771
16.80909
16.8448
16.81551
16.8507
16.82207
16.85662
16.83227
16.87886
16.84006
16.88498
16.85195
16.89111
16.85862
16.911
16.86531
16.91716
16.88497
16.92333
16.91376
16.94116
16.92154
16.94716
16.9317
16.95313
16.95154
16.96763
16.96127
16.97341
16.97583
16.97912
16.98166
17.00085
16.98746
17.00763
16.99324
17.03094
17.02007
17.03646
17.02574
17.04196
17.03141
17.05368
17.05329
17.06039
17.05895
17.07958
17.06464
17.0888
17.0765
17.09724
17.0834
17.11646
17.10283
17.12584
17.10863
17.13523
17.13072
17.14466
17.13666
17.15407
17.15382
17.17354
17.15982
17.17927
17.16587
17.18504
17.18281
17.20198
17.18899
17.20777
17.1951
17.21351
17.20124
17.2305
17.21107
17.23743
17.23331
17.27191
17.23937
17.2966
17.24545
17.30349
17.27758
17.33027
17.31746
17.33716
17.34213
17.34282
17.34806
17.34851
17.35402
17.36533
17.37112
17.37102
17.37832
17.37673
17.40701
17.39871
17.41422
17.40558
17.43887
17.43491
17.44763
17.46339
17.46473
17.4847
17.48921
17.49155
17.49874
17.51833
17.53583
17.55674
17.57091
17.59433
17.61098
17.62394
17.63836
17.65919
17.6476
17.66582
17.68184
17.69466
17.71265
17.70003
17.7182
17.70542
17.72377
17.73951
17.7495
17.74614
17.7551
17.77529
17.7607
17.78276
17.7875
17.81692
17.79318
17.82244
17.79886
17.82798
17.83573
17.85947
17.86781
17.88833
17.89404
17.89382
17.90075
17.89929
17.91736
17.92835
17.92281
17.94405
17.95201
17.96877
17.97613
17.97416
17.98398
18.00576
18.00559
18.02898
18.01384
18.05069
18.03635
18.05605
18.04546
18.0614
18.06704
18.0898
18.07363
18.12031
18.10008
18.12671
18.10534
18.13311
18.11059
18.15705
18.14449
18.16591
18.16086
18.18697
18.16724
18.19213
18.19759
18.22512
18.20556
18.23149
18.22444
18.24535
18.23086
18.25054
18.25127
18.26445
18.25651
18.26966
18.26459
18.2749
18.28512
18.29778
18.31415
18.33639
18.33745
18.37454
18.37733
18.4026
18.40487
18.41144
18.41126
18.43753
18.43714
18.4455
18.45513
18.45434
18.46029
18.4756
18.46545
18.48195
18.48676
18.50077
18.49193
18.50592
18.4971
18.52034
18.51845
18.52668
18.53385
18.53554
18.54277
18.5617
18.56827
18.58686
18.59479
18.59206
18.60006
18.62349
18.60536
18.64305
18.6281
18.65205
18.65209
18.67598
18.67622
18.70131
18.71243
18.73714
18.74689
18.76073
18.77898
18.78488
18.78436
18.79031
18.78973
18.82109
18.82627
18.83009
18.84773
18.86777
18.85296
18.89806
18.85817
18.93481
18.89678
18.96156
18.92375
18.96791
18.95552
18.98982
18.96193
18.99617
18.99975
19.03384
19.00768
19.0635
19.0387
19.07234
19.05755
19.10367
19.06399
19.12
19.10048
19.15034
19.1174
19.15549
19.12265
19.18648
19.15542
19.21196
19.18517
19.24676
19.22411
19.27817
19.24975
19.28515
19.28197
19.32059
19.30718
19.34337
19.34271
19.34867
19.37502
19.38767
19.40874
19.42421
19.41531
19.45579
19.44917
19.46484
19.4899
19.50168
19.52143
19.50829
19.55886
19.54666
19.5681
19.58553
19.60029
19.62084
19.60582
19.65511
19.62739
19.69403
19.66272
19.72427
19.69721
19.75797
19.72357
19.77798
19.74824
19.79748
19.77706
19.80658
19.81515
19.82817
19.84672
19.85734
19.87672
19.88877
19.90896
19.91188
19.91565
19.94288
19.95043
19.97366
19.9596
20.00468
19.99692
20.01008
20.03436
20.01548
20.06292
20.05199
20.07203
20.08959
20.10507
20.1246
20.13611
20.15869
20.1776
20.19596
20.20673
20.22669
20.23989
20.2608
20.26166
20.29361
20.29637
20.32967
20.31802
20.36297
20.32713
20.37119
20.34776
20.40771
20.37896
20.43406
20.41591
20.46789
20.45236
20.47442
20.48495
20.50443
20.49402
20.52508
20.56086
20.56206
20.5699
20.59602
20.59647
20.62235
20.60469
20.62895
20.62772
20.66478
20.66539
20.70133
20.72901
20.7381
20.75852
20.77531
20.76394
20.80667
20.80044
20.81576
20.8239
20.84711
20.86214
20.88609
20.89155
20.91992
20.89822
20.95895
20.93548
20.99453
20.97106
21.02774
21.00813
21.05521
21.0381
21.06423
21.04687
21.09834
21.07834
21.13677
21.10674
21.17475
21.14215
21.21004
21.17322
21.24439
21.20911
21.27379
21.24396
21.2974
21.2743
21.3042
21.29901
21.35883
21.32417
21.36988
21.3483
21.39409
21.37582
21.41897
21.41018
21.44575
21.41695
21.48349
21.45377
21.51391
21.49259
21.52051
21.53116
21.55667
21.56929
21.59577
21.60144
21.62218
21.63278
21.65665
21.66777
21.68694
21.67438
21.71776
21.70811
21.7879
21.74369
21.81481
21.77907
21.85112
21.81414
21.86014
21.84852
21.8903
21.88539
21.91553
21.92186
21.95167
21.95664
21.9902
21.99543
22.02502
22.0022
22.06064
22.03529
22.09265
22.07027
22.12819
22.10286
22.16107
22.13946
22.1952
22.17504
22.22466
22.21241
22.26053
22.24951
22.29498
22.28163
22.33246
22.31475
22.3656
22.35198
22.43847
22.38938
22.47142
22.42387
22.4989
22.45875
22.50787
22.49283
22.54118
22.52837
22.57307
22.55944
22.60831
22.59488
22.64434
22.62818
22.6786
22.66358
22.71512
22.69876
22.74891
22.73162
22.78042
22.76539
22.78694
22.79039
22.83095
22.82807
22.87005
22.86051
22.89169
22.89923
22.91947
22.92919
22.93892
22.96635
22.9715
23.00342
23
23.03626
23.02518
23.07012
23.0626
23.10022
23.0954
23.10712
23.12876
23.14058
23.13394
23.16748
23.16784
23.19143
23.17677
23.19837
23.19771
23.22983
23.20415
23.23624
23.2371
23.26204
23.26727
23.29342
23.29235
23.29984
23.32235
23.33562
23.32878
23.36127
23.35681
23.39869
23.38785
23.43294
23.42408
23.46577
23.46003
23.4983
23.49172
23.53464
23.5248
23.56662
23.56328
23.59823
23.5883
23.60617
23.61803
23.64152
23.65124
23.67313
23.68109
23.68206
23.71763
23.71782
23.75308
23.74897
23.78946
23.78499
23.82301
23.8202
23.85476
23.85293
23.8909
23.92181
23.92888
23.9497
23.96276
23.98397
23.99707
23.99293
24.03269
24.02746
24.06489
24.05895
24.07376
24.09579
24.10625
24.12939
24.14324
24.16231
24.17756
24.17121
24.20996
24.20279
24.23384
24.23316
24.24021
24.26759
24.27447
24.29106
24.28344
24.30902
24.30828
24.31541
24.31466
24.33816
24.34239
24.37379
24.36038
24.38836
24.36929
24.41777
24.40058
24.44054
24.42626
24.46241
24.45692
24.49826
24.48553
24.52641
24.52164
24.56256
24.54155
24.56896
24.57939
24.60455
24.61559
24.63514
24.65008
24.6689
24.68528
24.72952
24.72028
24.7515
24.75304
24.77256
24.78944
24.77899
24.82135
24.80283
24.85711
24.83577
24.88848
24.86651
24.91941
24.89898
24.9527
24.93168
24.9591
24.96221
24.991
24.97112
25.02286
25.00515
25.02805
25.03977
25.03323
25.07046
25.07008
25.07927
25.10382
25.1082
25.128
25.11465
25.1344
25.13414
25.16204
25.1707
25.16845
25.17971
25.20495
25.21305
25.23791
25.24546
25.27357
25.27908
25.30449
25.31532
25.32287
25.34846
25.32935
25.38254
25.36271
25.41821
25.38857
25.44836
25.44348
25.47892
25.46631
25.48414
25.47156
25.48934
25.47682
25.51598
25.50481
25.52246
25.51002
25.55643
25.51522
25.59115
25.54413
25.59999
25.57894
25.63415
25.60577
25.66838
25.61091
25.69913
25.61604
25.71548
25.65073
25.73702
25.65952
25.74581
25.69346
25.77079
25.71593
25.79326
25.74352
25.80206
25.77388
25.82994
25.81297
25.84872
25.82182
25.87625
25.85468
25.91084
25.85979
25.941
25.89235
25.94869
25.92481
25.97483
25.95662
25.98116
25.96173
26.01246
25.96685
26.01759
26.00142
26.0512
26.03316
26.08883
26.06967
26.12407
26.10413
26.15325
26.11302
26.18471
26.14071
26.19245
26.14957
26.22783
26.18762
26.29278
26.22334
26.3199
26.25592
26.32877
26.29293
26.35793
26.32427
26.36428
26.33062
26.37811
26.33948
26.38695
26.37156
26.41336
26.37793
26.43868
26.40318
26.46376
26.40955
26.47011
26.44534
26.49722
26.47823
26.5061
26.48463
26.54118
26.51858
26.56626
26.54378
26.60264
26.57821
26.63859
26.6134
26.6731
26.62224
26.68195
26.65399
26.71954
26.68265
26.74621
26.6904
26.77204
26.71185
26.79757
26.71943
26.82669
26.75053
26.84414
26.78541
26.84933
26.82018
26.85451
26.84724
26.8766
26.85615
26.88551
26.88106
26.91615
26.90178
26.94688
26.92409
26.95593
26.96163
26.99016
26.99519
27.0251
27.03153
27.06286
27.06806
27.09769
27.07456
27.12742
27.11222
27.13639
27.11989
27.16842
27.14566
27.19848
27.16996
27.22438
27.18853
27.23325
27.19615
27.26433
27.22504
27.27319
27.26303
27.29162
27.27188
27.30194
27.30216
27.32592
27.31102
27.34896
27.33619
27.38096
27.36998
27.41145
27.40355
27.43423
27.42977
27.45939
27.46054
27.49286
27.46688
27.52622
27.49499
27.55874
27.52785
27.59534
27.56566
27.62908
27.60102
27.66188
27.6338
27.69191
27.66616
27.70084
27.70035
27.7273
27.73095
27.73496
27.75615
27.7715
27.77765
27.79318
27.80355
27.80085
27.80988
27.84513
27.83918
27.87152
27.86426
27.90628
27.87307
27.93647
27.90173
27.97284
27.93625
28.00407
27.96769
28.0322
27.99933
28.03856
28.03372
28.06399
28.06584
28.08176
28.08533
28.08692
28.11028
28.09208
28.11666
28.11624
28.13942
28.13891
28.14833
28.14781
28.16992
28.1787
28.17883
28.2036
28.19261
28.23129
28.20153
28.26651
28.23424
28.29757
28.24187
28.30647
28.28094
28.34456
28.31118
28.37682
28.34785
28.40592
28.37928
28.44235
28.38694
28.46882
28.42073
28.48883
28.45867
28.52445
28.4903
28.55753
28.51212
28.59041
28.54368
28.62269
28.57823
28.65925
28.6071
28.66452
28.63941
28.66979
28.67504
28.69974
28.71019
28.73334
28.74028
28.76102
28.76668
28.79486
28.79534
28.86514
28.83019
28.89401
28.85557
28.92656
28.88821
28.96011
28.9184
28.99069
28.95535
29.02563
28.98488
29.0566
29.02133
29.09082
29.05171
29.12658
29.08464
29.13547
29.11884
29.1765
29.15527
29.21025
29.18447
29.24375
29.22085
29.27728
29.2492
29.30971
29.25553
29.34318
29.28786
29.378
29.32134
29.41175
29.35675
29.42058
29.38427
29.4572
29.39179
29.48271
29.42578
29.5177
29.45898
29.53743
29.49506
29.56862
29.52239
29.59799
29.54117
29.62104
29.57451
29.62999
29.60765
29.6643
29.63395
29.6873
29.66704
29.71363
29.67599
29.74494
29.70148
29.77532
29.73938
29.8097
29.77287
29.84468
29.81007
29.88369
29.84371
29.91796
29.87717
29.95094
29.91138
29.98418
29.94401
30.02035
29.97876
30.05598
30.01176
30.09
30.04617
30.12362
30.07658
30.15817
30.11433
30.1967
30.15023
30.23008
30.18355
30.26589
30.21887
30.2996
30.25036
30.33548
30.2867
30.37161
30.29562
30.40479
30.33071
30.43815
30.35979
30.46706
30.39547
30.48656
30.42866
30.52419
30.46289
30.55776
30.4692
30.59409
30.50438
30.62677
30.53845
30.65242
30.56999
30.66133
30.57886
30.69401
30.61
30.72808
30.64903
30.76276
30.68428
30.7957
30.7179
30.82952
30.75297
30.86488
30.78252
30.89403
30.81525
30.92473
30.84896
30.94637
30.88798
30.97456
30.92564
31.01181
30.96304
31.04989
30.99823
31.08366
31.03226
31.1196
31.07061
31.1555
31.10554
31.19354
31.13899
31.22394
31.17597
31.25889
31.20827
31.29525
31.24108
31.33147
31.24998
31.3652
31.28365
31.39977
31.31995
31.43221
31.34993
31.46992
31.38516
31.50357
31.4206
31.53922
31.45496
31.5481
31.49079
31.58233
31.52264
31.61807
31.55585
31.65325
31.591
31.68735
31.622
31.72044
31.65878
31.74741
31.69265
31.77765
31.72047
31.81344
31.75695
31.84859
31.79448
31.88293
31.82893
31.91462
31.86314
31.94841
31.89491
31.98173
31.9026
32.01656
31.9258
32.0241
31.95869
32.05284
31.98351
32.06794
31.9924
32.10461
32.02706
32.13218
32.06116
32.16711
32.09482
32.20229
32.12757
32.23855
32.16338
32.26776
32.19467
32.30061
32.22736
32.33704
32.26152
32.37094
32.29485
32.4047
32.33016
32.43603
32.3623
32.47216
32.39779
32.50513
32.43452
32.5369
32.46711
32.57476
32.50051
32.60836
32.53252
32.64275
32.56512
32.67494
32.60137
32.71126
32.63526
32.74053
32.66849
32.7702
32.69711
32.8028
32.73266
32.83665
32.76243
32.84422
32.78421
32.85936
32.81286
32.88496
32.83407
32.90781
32.84038
32.93579
32.86727
32.95353
32.89405
32.95989
32.90039
32.99183
32.92197
33.01768
32.94492
33.05357
32.97738
33.06109
32.99763
33.0902
33.0242
33.12285
33.05814
33.15841
33.09209
33.1911
33.12882
33.22759
33.16157
33.26001
33.19663
33.28571
33.23158
33.31841
33.26485
33.35306
33.29879
33.40944
33.33022
33.43434
33.36515
33.46725
33.39731
33.51121
33.43224
33.54702
33.46558
33.5838
33.49849
33.61711
33.53396
33.65084
33.57069
33.68673
33.60633
33.70745
33.63997
33.7154
33.67822
33.75161
33.71189
33.78993
33.74831
33.82077
33.78065
33.84744
33.81596
33.88295
33.84755
33.91641
33.8842
33.95102
33.9175
33.98263
33.95495
34.01588
33.98662
34.05011
34.02097
34.0833
34.05506
34.11893
34.09129
34.15485
34.12251
34.18998
34.12881
34.22178
34.16458
34.22815
34.19416
34.26421
34.22783
34.29708
34.26265
34.33213
34.29929
34.36474
34.32845
34.39688
34.3636
34.43262
34.39721
34.46233
34.42605
34.4984
34.45452
34.5059
34.46337
34.53218
34.49076
34.54705
34.52718
34.58176
34.55882
34.61044
34.58703
34.61877
34.62068
34.65101
34.62819
34.67883
34.65204
34.68629
34.67062
34.72063
34.69518
34.75297
34.7227
34.78784
34.729
34.81386
34.75753
34.82263
34.76634
34.85852
34.80134
34.89096
34.83225
34.92786
34.84083
34.95804
34.90979
34.9924
34.94241
35.01114
34.97702
35.0474
35.01041
35.08117
35.04133
35.11519
35.04644
35.1497
35.08538
35.18621
35.11218
35.22414
35.14677
35.2606
35.18582
35.29739
35.21902
35.33081
35.25534
35.36652
35.29303
35.39624
35.32521
35.42651
35.35592
35.46449
35.38806
35.49824
35.42555
35.53437
35.45993
35.57059
35.49467
35.57572
35.5327
35.60764
35.54156
35.64325
35.57495
35.67411
35.60435
35.70789
35.63982
35.74286
35.67249
35.77556
35.70421
35.81449
35.72532
35.84921
35.75414
35.88717
35.79053
35.92279
35.82471
35.95684
35.85957
35.99429
35.89662
36.02956
35.93537
36.0653
35.97186
36.09895
36.00016
36.12965
36.03258
36.16623
36.06376
36.20293
36.09557
36.2121
36.13033
36.24508
36.16444
36.2788
36.19499
36.31423
36.2285
36.35014
36.26308
36.38443
36.3004
36.41959
36.33668
36.45366
36.37456
36.49004
36.40569
36.52162
36.43817
36.55618
36.47511
36.58974
36.50582
36.62525
36.54364
36.65532
36.57693
36.69257
36.6132
36.70145
36.61835
36.73964
36.6235
36.7751
36.65715
36.81008
36.6941
36.84666
36.72738
36.87911
36.75812
36.91285
36.78823
36.94713
36.82427
36.98096
36.85805
37.01487
36.89238
37.04886
36.92915
37.07814
36.9625
37.08446
36.99879
37.11947
37.00764
37.14422
37.04229
37.21324
37.07766
37.24685
37.10696
37.28249
37.1395
37.32
37.17663
37.35466
37.21085
37.39357
37.24608
37.42856
37.28448
37.4645
37.32095
37.50105
37.35904
37.53636
37.39419
37.5707
37.42868
37.60344
37.46419
37.6406
37.49808
37.67472
37.53222
37.71049
37.56305
37.74747
37.59698
37.78236
37.63637
37.81642
37.66791
37.84804
37.70372
37.88091
37.73876
37.91295
37.77426
37.94887
37.80823
37.98223
37.84232
38.04556
37.87838
38.07806
37.91594
38.112
37.94719
38.14721
37.98211
38.18319
38.01165
38.21833
38.04922
38.22655
38.08686
38.25673
38.12258
38.2929
38.15945
38.32355
38.19362
38.35917
38.20247
38.3963
38.23634
38.43149
38.2709
38.46182
38.30182
38.4888
38.33974
38.52362
38.37246
38.55986
38.40432
38.59487
38.44167
38.62777
38.47282
38.65776
38.48077
38.66566
38.51212
38.69814
38.54027
38.73348
38.54549
38.77048
38.5506
38.80376
38.58546
38.83527
38.61786
38.8709
38.64547
38.90789
38.67878
38.91672
38.71124
38.95026
38.73824
38.97686
38.77276
39.00235
38.80276
39.03011
38.83535
39.06578
38.87046
39.09801
38.90229
39.13388
38.9382
39.16576
38.96731
39.19979
38.99873
39.23039
39.03641
39.26008
39.07268
39.29544
39.10423
39.32967
39.14012
39.36449
39.17405
39.39579
39.21093
39.42881
39.24672
39.45798
39.27686
39.49347
39.31371
39.52164
39.34422
39.55558
39.3786
39.59278
39.40873
39.62531
39.44444
39.66218
39.47824
39.69337
39.51353
39.70229
39.54693
39.73593
39.58279
39.77215
39.61755
39.80053
39.65289
39.83491
39.66179
39.86685
39.69497
39.90336
39.72682
39.94055
39.73486
39.9703
39.77043
40.0012
39.80378
40.0395
39.83676
40.0764
39.87281
40.11177
39.90788
40.14855
39.94296
40.17874
39.97988
40.18512
40.0164
40.21278
40.05556
40.24936
40.09116
40.28608
40.12841
40.32516
40.16001
40.35551
40.19239
40.3896
40.22387
40.42484
40.26014
40.46397
40.2983
40.50149
40.33112
40.53888
40.36955
40.57403
40.40789
40.60926
40.43918
40.64658
40.47487
40.67979
40.50954
40.71731
40.54478
40.74862
40.57845
40.78284
40.60964
40.82102
40.64795
40.85945
40.68581
40.89422
40.72276
40.92834
40.75502
40.96129
40.79225
40.99688
40.86387
41.0327
40.89589
41.06799
40.93476
41.10344
40.96943
41.13955
41.00602
41.17377
41.04284
41.21333
41.07817
41.25089
41.11518
41.2813
41.14608
41.31797
41.18396
41.35262
41.21672
41.39002
41.25244
41.4188
41.2878
41.45532
41.31897
41.49147
41.35544
41.52793
41.39367
41.56169
41.43043
41.59724
41.46474
41.63013
41.49887
41.66687
41.53566
41.70243
41.56932
41.73487
41.60258
41.76885
41.63806
41.80542
41.67498
41.83913
41.69885
41.87485
41.7077
41.91185
41.73888
41.92072
41.74526
41.95435
41.7817
41.9632
41.81772
41.99849
41.85062
42.03243
41.87912
42.06927
41.91386
42.10564
41.98352
42.14373
42.02158
42.1811
42.056
42.217
42.09346
42.25499
42.1305
42.28747
42.13571
42.32309
42.17247
42.35835
42.20731
42.36731
42.24504
42.40494
42.27931
42.44148
42.31555
42.47836
42.35251
42.51618
42.39156
42.5547
42.43048
42.58832
42.46464
42.61964
42.49855
42.65625
42.5355
42.69036
42.57045
42.72754
42.61072
42.76389
42.64457
42.8017
42.68023
42.83493
42.71882
42.87277
42.7553
42.91213
42.80219
42.94609
42.83858
42.98259
42.87395
43.01817
42.91031
43.05274
42.94741
43.08934
42.98183
43.12329
43.01505
43.15817
43.05383
43.19489
43.08927
43.23225
43.15422
43.26986
43.19039
43.29816
43.26118
43.33547
43.29729
43.37153
43.33242
43.40597
43.37049
43.44457
43.40741
43.479
43.443
43.51479
43.47989
43.54901
43.51425
43.58657
43.55228
43.6265
43.58854
43.65891
43.62757
43.69424
43.66396
43.73191
43.69806
43.76966
43.73785
43.80584
43.7737
43.83939
43.80709
43.87636
43.84563
43.91172
43.88161
43.94596
43.91633
43.98363
43.94395
44.01738
43.95289
44.05641
43.99177
44.08721
44.03068
44.1218
44.06581
44.1577
44.10408
44.18986
44.14047
44.22766
44.17033
44.26128
44.20538
44.2998
44.24263
44.33102
44.28048
44.36876
44.31603
44.40364
44.34993
44.43829
44.3846
44.47317
44.41901
44.50783
44.45577
44.54179
44.48906
44.58065
44.52586
44.61091
44.56094
44.64782
44.59793
44.6788
44.63378
44.7136
44.66753
44.75159
44.70565
44.7883
44.73921
44.81974
44.77322
44.85846
44.80995
44.89209
44.84575
44.92976
44.87993
44.96307
44.91489
44.99834
44.94909
45.03465
44.98355
45.06818
45.0202
45.10146
45.05155
45.13737
45.07924
45.17073
45.09955
45.20963
45.16893
45.24389
45.20074
45.27922
45.23778
45.31261
45.27105
45.34761
45.3106
45.38329
45.34604
45.42018
45.38302
45.45826
45.41942
45.49056
45.45499
45.52622
45.49174
45.56102
45.52566
45.59675
45.56483
45.63466
45.60046
45.66802
45.63217
45.70428
45.67085
45.74129
45.70448
45.77632
45.73959
45.81267
45.8115
45.85009
45.85051
45.88618
45.88506
45.91925
45.92134
45.95435
45.95705
45.98642
45.99124
46.01955
46.02651
46.05594
46.05801
46.0905
46.09138
46.12689
46.127
46.16076
46.15941
46.19601
46.19585
46.22974
46.23055
46.26773
46.26389
46.30005
46.30046
46.33743
46.33542
46.36641
46.37169
46.40058
46.40583
46.43793
46.44278
46.4719
46.47925
46.50968
46.51542
46.54528
46.54943
46.58134
46.58723
46.6157
46.62035
46.65055
46.65527
46.68591
46.6862
46.72207
46.71928
46.75563
46.75463
46.79129
46.79099
46.82311
46.82223
46.85902
46.8961
46.89737
46.93304
46.93278
46.9712
46.96663
47.00135
47.00569
47.03912
47.04007
47.07291
47.07647
47.11024
47.10991
47.14762
47.14503
47.18346
47.18337
47.22125
47.22074
47.25659
47.25698
47.29274
47.28752
47.32669
47.31997
47.35938
47.35782
47.39752
47.39174
47.42848
47.42504
47.46536
47.46174
47.49953
47.49437
47.5364
47.52996
47.56072
47.56797
47.59846
47.606
47.63733
47.63904
47.66501
47.67013
47.70048
47.70895
47.7365
47.74709
47.77216
47.78112
47.80615
47.81453
47.8433
47.84616
47.87834
47.87775
47.91053
47.91602
47.9473
47.95395
47.95626
47.98927
47.99233
48.02335
48.02797
48.0592
48.06086
48.09391
48.09745
48.13026
48.13405
48.16774
48.16507
48.20112
48.20007
48.23008
48.23779
48.2643
48.27331
48.27091
48.31116
48.30484
48.34776
48.34216
48.38351
48.37544
48.41806
48.40762
48.4492
48.44218
48.48574
48.4795
48.52029
48.5162
48.5532
48.55001
48.58931
48.58331
48.62843
48.6193
48.66529
48.65496
48.70204
48.6857
48.73865
48.72296
48.77403
48.75687
48.80926
48.78836
48.84496
48.82639
48.88144
48.86217
48.91901
48.89528
48.95177
48.92895
48.98476
48.96884
49.01953
49.00597
49.05609
49.04319
49.09196
49.07487
49.13081
49.11069
49.16505
49.14673
49.20157
49.1803
49.23456
49.21088
49.26635
49.24583
49.30528
49.2762
49.34115
49.3138
49.37735
49.35056
49.41233
49.38926
49.44569
49.41975
49.48246
49.45792
49.51954
49.49319
49.55655
49.53025
49.59551
49.5663
49.6298
49.60355
49.66517
49.63563
49.70216
49.67289
49.73486
49.70763
49.77245
49.73993
49.80474
49.77546
49.84295
49.81157
49.88031
49.84806
49.91887
49.88509
49.95617
49.92065
49.98917
49.95645
50.02402
49.99214
50.0593
50.02879
50.09602
50.09883
50.13418
50.13386
50.16958
50.16921
50.20513
50.20371
50.2404
50.2373
50.27397
50.2724
50.3076
50.30676
50.34256
50.34513
50.38108
50.38202
50.41714
50.41509
50.454
50.45074
50.49308
50.48646
50.52726
50.52312
50.56388
50.55569
50.595
50.59237
50.63021
50.62754
50.66562
50.6647
50.70226
50.70301
50.73862
50.73943
50.77382
50.77381
50.80687
50.8099
50.84332
50.84562
50.87991
50.88202
50.9147
50.91933
50.95372
50.95625
50.99036
50.99031
51.02617
51.02564
51.06314
51.03455
51.09932
51.06924
51.13539
51.10732
51.17339
51.14555
51.2087
51.18258
51.24548
51.2201
51.28054
51.25549
51.31513
51.29211
51.35315
51.33021
51.39304
51.36623
51.42904
51.40514
51.46609
51.44305
51.50438
51.47986
51.54149
51.51724
51.5806
51.55706
51.61712
51.59469
51.65539
51.6306
51.68948
51.66491
51.72561
51.70165
51.76436
51.73809
51.80115
51.77519
51.83811
51.8134
51.87374
51.84446
51.90561
51.88117
51.94452
51.91851
51.9826
51.95561
52.01774
51.99174
52.05384
52.02674
52.09112
52.06176
52.13052
52.09761
52.16293
52.13574
52.20201
52.17355
52.24074
52.2031
52.27647
52.23951
52.3141
52.27454
52.34814
52.31145
52.3803
52.34661
52.41888
52.38264
52.45497
52.42046
52.49284
52.45692
52.52771
52.49442
52.56544
52.52993
52.60123
52.5658
52.63887
52.60287
52.674
52.6434
52.71254
52.67965
52.74887
52.71649
52.78793
52.75415
52.8273
52.79121
52.86242
52.82985
52.90193
52.86791
52.93889
52.90446
52.97645
52.93961
53.01438
52.97841
53.05349
53.01747
53.08851
53.05344
53.1258
53.08873
53.16051
53.12379
53.1977
53.1621
53.23308
53.19684
53.27098
53.23428
53.30975
53.26989
53.34548
53.30787
53.38185
53.34389
53.41938
53.38152
53.45744
53.41781
53.49558
53.44854
53.53069
53.48801
53.56805
53.52402
53.60451
53.56154
53.64161
53.59558
53.67742
53.63018
53.71067
53.66724
53.74625
53.69931
53.77828
53.73563
53.78584
53.76955
53.82249
53.8037
53.86019
53.83976
53.8938
53.87611
53.92861
53.91315
53.96778
53.94785
54.00391
53.97901
54.03836
54.01723
54.07146
54.0503
54.10917
54.08795
54.14323
54.12349
54.17963
54.16024
54.21735
54.19813
54.25255
54.23667
54.29115
54.27465
54.32958
54.31195
54.36874
54.34664
54.40277
54.38504
54.43614
54.41663
54.4752
54.45147
54.50999
54.48635
54.54281
54.52298
54.57979
54.56118
54.61734
54.59467
54.65416
54.63152
54.69111
54.66848
54.72764
54.70391
54.76514
54.74015
54.80186
54.77548
54.83981
54.80867
54.87645
54.8432
54.90882
54.8793
54.9457
54.88565
54.98071
54.91796
55.01227
54.95313
55.04793
54.99022
55.08339
55.02468
55.11703
55.0612
55.15317
55.09866
55.18901
55.1337
55.22734
55.16908
55.26272
55.20504
55.2957
55.24031
55.33278
55.27661
55.36941
55.31248
55.40542
55.34703
55.44256
55.38062
55.47866
55.41648
55.51587
55.48816
55.55017
55.52527
55.58788
55.56283
55.62404
55.59937
55.6603
55.6363
55.69734
55.67371
55.73392
55.71106
55.77038
55.74736
55.8079
55.78272
55.84547
55.81974
55.88177
55.85217
55.91816
55.88952
55.95565
55.92813
55.9925
55.96867
56.02967
56.00307
56.06705
56.04088
56.10318
56.07772
56.13795
56.11294
56.17256
56.15036
56.20921
56.18658
56.21814
56.22439
56.25491
56.26328
56.2942
56.29692
56.32965
56.33417
56.36532
56.37118
56.40352
56.40343
56.44033
56.44042
56.47681
56.477
56.5118
56.51409
56.54893
56.55127
56.58459
56.58781
56.62048
56.62243
56.65879
56.65722
56.69356
56.69492
56.73056
56.73428
56.76905
56.76555
56.80405
56.805
56.84221
56.83881
56.8805
56.87469
56.91129
56.9125
56.94832
56.9503
56.98597
56.98731
57.02344
57.02066
57.05841
57.05901
57.0937
57.09528
57.13176
57.13135
57.1688
57.16756
57.20362
57.20645
57.24279
57.2433
57.28022
57.27982
57.31601
57.31672
57.35367
57.35408
57.39131
57.38722
57.42432
57.4214
57.45776
57.4568
57.49313
57.49592
57.53123
57.53116
57.56527
57.56709
57.60344
57.60431
57.64129
57.6419
57.67641
57.67803
57.71391
57.7151
57.75162
57.75048
57.78782
57.78693
57.82562
57.82227
57.86197
57.85902
57.89996
57.89808
57.93607
57.93427
57.97368
57.97184
58.01211
58.00908
58.05031
58.04583
58.08631
58.08459
58.12187
58.11941
58.15797
58.15469
58.19558
58.19017
58.23215
58.22866
58.26758
58.26304
58.30526
58.29861
58.34249
58.33679
58.38041
58.37147
58.41738
58.40519
58.44979
58.43876
58.4826
58.47222
58.51668
58.50859
58.55603
58.54354
58.59385
58.57932
58.62988
58.61624
58.66587
58.65409
58.69619
58.69016
58.70419
58.72819
58.74177
58.76247
58.77843
58.79868
58.81425
58.83635
58.85186
58.8726
58.88794
58.9099
58.92365
58.94847
58.96425
58.98505
59.00206
59.02373
59.0427
59.05723
59.08061
59.0941
59.11779
59.12898
59.15451
59.16709
59.19321
59.20564
59.23009
59.24288
59.26537
59.2773
59.3041
59.31797
59.34242
59.35577
59.38323
59.39615
59.42118
59.43431
59.46037
59.46897
59.49679
59.50751
59.5344
59.54827
59.57492
59.58622
59.61132
59.62415
59.64881
59.66193
59.68517
59.69732
59.72287
59.7311
59.76147
59.76896
59.79802
59.80595
59.83684
59.84417
59.87305
59.88362
59.91057
59.92136
59.94982
59.95989
59.98861
59.99704
60.02414
60.03567
60.06452
60.07416
60.10351
60.11349
60.1444
60.15205
60.18018
60.18771
60.21849
60.22705
60.25706
60.26437
60.29607
60.30141
60.33245
60.33884
60.36926
60.3728
60.40439
60.41197
60.44031
60.45023
60.47904
60.48648
60.5173
60.5226
60.55489
60.56103
60.59288
60.59932
60.63052
60.63807
60.66968
60.67731
60.70983
60.71437
60.74808
60.75264
60.78452
60.78748
60.81932
60.82391
60.85365
60.85821
60.88924
60.895
60.9245
60.93125
60.96181
60.96939
60.99854
61.00674
61.03762
61.04576
61.07599
61.08269
61.11394
61.12034
61.15239
61.1558
61.18912
61.19221
61.22589
61.22546
61.25955
61.2626
61.29686
61.30289
61.33231
61.33867
61.36882
61.37701
61.40705
61.41517
61.44613
61.45184
61.4813
61.48849
61.51851
61.52495
61.55495
61.56147
61.59143
61.59678
61.62859
61.63544
61.6677
61.67289
61.70647
61.71149
61.74453
61.74941
61.78253
61.78701
61.82208
61.82508
61.86006
61.8628
61.8973
61.89384
61.9324
61.92928
61.96526
61.96372
62.00355
62.00165
62.0433
62.03451
62.07832
62.07022
62.11569
62.10829
62.15434
62.14662
62.19209
62.19259
62.23103
62.228
62.26123
62.26547
62.29681
62.29782
62.33396
62.3338
62.36889
62.37174
62.40712
62.40955
62.44333
62.4438
62.4818
62.48306
62.51839
62.52104
62.55557
62.55774
62.59363
62.59454
62.62918
62.63229
62.66586
62.66954
62.70391
62.70464
62.74193
62.74274
62.78033
62.78086
62.82031
62.81903
62.85739
62.85637
62.89485
62.89558
62.93225
62.93415
62.97216
62.9735
63.01006
63.01267
63.04929
63.04779
63.0848
63.0837
63.12416
63.12238
63.16357
63.16027
63.20088
63.19851
63.24186
63.23698
63.2784
63.27523
63.31513
63.31067
63.35329
63.34918
63.39246
63.38891
63.4309
63.42542
63.47044
63.46356
63.50686
63.50286
63.54681
63.54123
63.58508
63.57949
63.62115
63.61667
63.65893
63.65628
63.69645
63.6914
63.73478
63.73052
63.77275
63.76751
63.81158
63.80482
63.84941
63.8424
63.88631
63.87865
63.91994
63.91541
63.95816
63.95376
63.99284
63.98919
64.0319
64.02691
64.06795
64.06152
64.10411
64.09737
64.13744
64.13525
64.17652
64.17398
64.21573
64.2101
64.25138
64.2479
64.28622
64.28706
64.32478
64.32438
64.35946
64.35889
64.39688
64.39658
64.43394
64.43488
64.47366
64.4733
64.51146
64.51086
64.54905
64.55064
64.58836
64.58892
64.62611
64.62619
64.66478
64.66171
64.69969
64.69889
64.74008
64.7397
64.77621
64.77888
64.81366
64.81673
64.85082
64.8559
64.89088
64.89188
64.92861
64.93083
64.96773
64.97083
65.00542
65.00869
65.04408
65.04606
65.08077
65.08311
65.11747
65.11964
65.15533
65.1571
65.19071
65.19272
65.22609
65.22826
65.26383
65.26705
65.30089
65.30463
65.3398
65.34271
65.38057
65.38138
65.41953
65.4174
65.45589
65.45268
65.4911
65.48241
65.52073
65.51984
65.55709
65.55604
65.5927
65.59344
65.63105
65.63177
65.66965
65.66921
65.70909
65.70831
65.74705
65.7457
65.78587
65.78271
65.82481
65.81519
65.85947
65.85374
65.89567
65.89103
65.93379
65.93002
65.9702
65.96826
66.00826
66.00697
66.04707
66.04466
66.0862
66.08242
66.12277
66.11662
66.19788
66.15483
66.23299
66.19131
66.27218
66.22944
66.30956
66.26596
66.34784
66.30491
66.38596
66.3436
66.42362
66.38094
66.46187
66.4182
66.49876
66.45506
66.53638
66.49086
66.57568
66.5301
66.61222
66.5697
66.65285
66.60729
66.69106
66.64742
66.73104
66.68495
66.76892
66.72198
66.807
66.75922
66.84566
66.7963
66.88526
66.83404
66.92378
66.8734
66.96136
66.91428
67.00066
66.95232
67.03853
66.98962
67.07652
67.02771
67.11567
67.06751
67.15479
67.10511
67.1925
67.14419
67.22993
67.18194
67.26863
67.22069
67.30646
67.25979
67.34509
67.29965
67.38468
67.33664
67.42201
67.37489
67.46149
67.41277
67.49957
67.45123
67.53812
67.48868
67.57542
67.52553
67.61324
67.5637
67.65002
67.60287
67.68793
67.63902
67.72713
67.67808
67.76471
67.71844
67.80378
67.75611
67.84292
67.7943
67.88139
67.83264
67.91893
67.87074
67.95981
67.90984
67.99545
67.9492
68.03439
67.99013
68.07494
68.02543
68.10937
68.06628
68.14774
68.10445
68.18693
68.14408
68.22429
68.17989
68.26354
68.21707
68.30219
68.25629
68.3391
68.29256
68.37589
68.33141
68.41467
68.37022
68.45294
68.40977
68.49043
68.44639
68.52631
68.48293
68.56319
68.52028
68.60013
68.55853
68.63927
68.5928
68.67463
68.63227
68.7154
68.66976
68.75161
68.70699
68.78857
68.74332
68.82669
68.78254
68.86576
68.81998
68.90487
68.85799
68.94023
68.89532
68.9794
68.93316
69.01868
68.96821
69.0519
69.00719
69.09126
69.04645
69.12962
69.08575
69.16855
69.12364
69.20734
69.16262
69.24618
69.20055
69.28397
69.2391
69.32333
69.27693
69.36266
69.31478
69.40247
69.35297
69.43967
69.39279
69.4809
69.43225
69.52036
69.47318
69.56059
69.51344
69.60011
69.55333
69.63991
69.59268
69.67931
69.63145
69.7178
69.67034
69.75702
69.71047
69.79615
69.74889
69.83549
69.78708
69.87482
69.82801
69.91541
69.86693
69.95467
69.90541
69.99319
69.94467
70.03236
69.98469
70.07149
70.02396
70.11086
70.06139
70.15118
70.10068
70.19043
70.1395
70.22978
70.17867
70.269
70.21647
70.30689
70.25543
70.34427
70.29346
70.38148
70.3298
70.4173
70.36871
70.45641
70.40678
70.49572
70.4459
70.53427
70.48376
70.57074
70.51935
70.60854
70.55997
70.64731
70.59579
70.68533
70.63637
70.72553
70.67559
70.76457
70.70885
70.80011
70.74679
70.83852
70.786
70.87653
70.82296
70.91422
70.85887
70.95177
70.89487
70.99063
70.93158
71.02692
70.96957
71.0599
71.00603
71.09756
71.0458
71.13682
71.08163
71.17301
71.11544
71.20762
71.15593
71.24674
71.18863
71.28418
71.22668
71.32179
71.26558
71.35765
71.30206
71.39403
71.33685
71.42923
71.37475
71.46833
71.41355
71.50639
71.45206
71.54388
71.53002
71.58263
71.5627
71.61968
71.6013
71.65646
71.6413
71.69569
71.67815
71.72977
71.71596
71.76907
71.7544
71.81013
71.79541
71.84959
71.83357
71.88954
71.87174
71.9278
71.91018
71.96767
71.94789
72.0048
71.98885
72.04572
72.02696
72.08327
72.06713
72.12127
72.10582
72.16085
72.1468
72.2002
72.18468
72.23901
72.2229
72.27728
72.26028
72.31593
72.29875
72.35478
72.33593
72.39424
72.3753
72.43362
72.41319
72.47186
72.45209
72.51115
72.49063
72.54884
72.52767
72.58575
72.56654
72.62478
72.60485
72.66294
72.64298
72.70042
72.68076
72.73969
72.71964
72.7755
72.75317
72.81566
72.7906
72.8541
72.82978
72.89255
72.86816
72.92829
72.90414
72.96651
72.9427
73.00571
72.97846
73.0451
73.01536
73.08202
73.05443
73.12121
73.09364
73.15972
73.13178
73.19898
73.16991
73.23695
73.20966
73.27421
73.247
73.31232
73.28493
73.35005
73.3203
73.3877
73.35785
73.42559
73.39381
73.46289
73.43146
73.50057
73.46989
73.53983
73.50684
73.57666
73.54478
73.61581
73.58393
73.65539
73.6192
73.69347
73.658
73.73155
73.7336
73.76785
73.76959
73.80721
73.80875
73.84296
73.84549
73.88127
73.88345
73.91946
73.91948
73.95703
73.95821
73.99487
73.99498
74.03397
74.03202
74.07096
74.07114
74.10985
74.10749
74.14522
74.14202
74.18236
74.18047
74.21924
74.21907
74.25839
74.25521
74.29688
74.2946
74.33611
74.33241
74.37611
74.36887
74.41511
74.40827
74.45383
74.44763
74.49332
74.48592
74.52975
74.52408
74.56973
74.5626
74.60887
74.60163
74.64906
74.64016
74.68706
74.67839
74.72623
74.71612
74.76527
74.75457
74.80097
74.79178
74.83881
74.83092
74.8775
74.86753
74.9132
74.90479
74.95229
74.94332
74.9925
74.98164
75.03117
75.02042
75.06704
75.05877
75.10629
75.097
75.14454
75.13187
75.18166
75.17015
75.22018
75.20822
75.25695
75.24441
75.29436
75.28271
75.33302
75.32192
75.37099
75.36055
75.40944
75.3979
75.44724
75.43272
75.48528
75.47131
75.5219
75.50832
75.56023
75.54617
75.59864
75.58102
75.63566
75.61888
75.67285
75.65509
75.70919
75.69431
75.74842
75.73277
75.78762
75.76931
75.82483
75.80901
75.86163
75.84537
75.89902
75.88219
75.93601
75.92139
75.97431
75.95882
76.01363
76.03478
76.05225
76.07348
76.08899
76.11264
76.1282
76.15087
76.16675
76.18974
76.20285
76.22874
76.23993
76.26751
76.27856
76.30477
76.31785
76.34003
76.35434
76.37961
76.39072
76.41547
76.42985
76.45301
76.46828
76.49203
76.50655
76.528
76.54561
76.56522
76.58305
76.60314
76.61897
76.6401
76.65545
76.67706
76.69325
76.71108
76.73132
76.74854
76.76759
76.78643
76.80675
76.82398
76.84392
76.86338
76.88423
76.90179
76.92252
76.94107
76.9606
76.97951
76.99836
77.01392
77.03584
77.05437
77.07473
77.09016
77.11298
77.12854
77.1506
77.16644
77.18862
77.20403
77.22756
77.24329
77.266
77.27767
77.30268
77.31671
77.34165
77.35599
77.37923
77.39325
77.4186
77.46931
77.45724
77.50868
77.49552
77.5471
77.53426
77.58369
77.57349
77.62312
77.61156
77.6625
77.6518
77.70182
77.69111
77.74246
77.73151
77.78167
77.77084
77.81877
77.80896
77.85762
77.84694
77.89595
77.88459
77.93336
77.92265
77.97157
77.96261
78.01056
78.00111
78.05021
78.04053
78.08839
78.08002
78.12701
78.11875
78.16615
78.15846
78.20375
78.19676
78.24353
78.23598
78.28202
78.27142
78.32005
78.31081
78.35944
78.3502
78.39886
78.38953
78.43822
78.42902
78.47593
78.46854
78.51517
78.50694
78.55508
78.54802
78.59466
78.58765
78.63347
78.62514
78.67298
78.66391
78.71287
78.70345
78.75211
78.74434
78.79142
78.78379
78.83137
78.8241
78.8685
78.86222
78.90358
78.90146
78.94199
78.9397
78.97895
78.97892
79.0176
79.01297
79.0568
79.05395
79.09325
79.08993
79.13176
79.12918
79.16992
79.16621
79.21078
79.20554
79.24962
79.24525
79.28722
79.28452
79.32484
79.3242
79.36243
79.35953
79.40133
79.39675
79.44002
79.43484
79.4798
79.47562
79.51914
79.5136
79.55742
79.55296
79.5966
79.63116
79.63467
79.67046
79.67387
79.70898
79.70972
79.74702
79.74831
79.78503
79.78773
79.8238
79.82527
79.8615
79.86475
79.90106
79.90427
79.94067
79.94342
79.98043
79.98032
80.01988
80.01933
80.05996
80.05954
80.09971
80.09938
80.13956
80.13899
80.17932
80.17821
80.22038
80.2196
80.26005
80.25872
80.30138
80.29975
80.3405
80.33932
80.38169
80.38026
80.42123
80.41914
80.46211
80.46027
80.50173
80.49971
80.54102
80.53912
80.58024
80.57864
80.61969
80.61807
80.66079
80.65752
80.70024
80.69694
80.73865
80.73402
80.77536
80.7724
80.81273
80.8105
80.8514
80.84879
80.89065
80.88549
80.92993
80.92428
80.96949
80.9623
81.00659
81.00051
81.04599
81.03901
81.08435
81.07644
81.12168
81.11401
81.1572
81.15045
81.19342
81.18905
81.2314
81.2263
81.26852
81.263
81.30714
81.29969
81.34463
81.33768
81.38385
81.37756
81.42282
81.4168
81.46231
81.453
81.49863
81.49229
81.53654
81.52651
81.57571
81.56542
81.61362
81.60469
81.65114
81.64274
81.68925
81.68087
81.72846
81.72143
81.76663
81.7597
81.80553
81.79936
81.84504
81.83626
81.88165
81.87482
81.92038
81.91102
81.95992
81.95082
81.9994
81.99052
82.03925
82.03046
82.07942
82.07197
82.11916
82.11159
82.15931
82.1511
82.19868
82.19041
82.23885
82.23134
82.27795
82.27071
82.31747
82.31018
82.35677
82.34946
82.39609
82.38891
82.4353
82.42806
82.47506
82.46883
82.51285
82.5032
82.54922
82.54316
82.58791
82.58018
82.62521
82.61692
82.66138
82.65453
82.70086
82.6925
82.73816
82.73206
82.77775
82.76868
82.81673
82.80974
82.85614
82.84921
82.8939
82.88864
82.93198
82.92741
82.97317
82.96424
83.01263
83.00236
83.05132
83.04094
83.09034
83.07883
83.12905
83.11664
83.16846
83.19511
83.20787
83.23441
83.24725
83.27386
83.2866
83.31102
83.32596
83.34775
83.36398
83.38548
83.4026
83.42372
83.44006
83.46064
83.475
83.5001
83.51435
83.53943
83.55534
83.57738
83.59329
83.61587
83.63144
83.65317
83.67012
83.6889
83.70898
83.7299
83.74829
83.76823
83.78546
83.80431
83.82242
83.84366
83.86108
83.88316
83.90075
83.92259
83.94024
83.96357
83.97848
84.00114
84.01784
84.03682
84.05691
84.07777
84.09518
84.11567
84.1341
84.15582
84.17291
84.19245
84.2119
84.22911
84.24795
84.26841
84.28651
84.30884
84.32661
84.34624
84.36457
84.38365
84.4046
84.42259
84.44411
84.46146
84.48313
84.49946
84.52083
84.53874
84.5592
84.57579
84.5985
84.61533
84.63815
84.65474
84.67757
84.69411
84.71457
84.73077
84.75318
84.7702
84.79142
84.80789
84.82998
84.84747
84.86958
84.88821
84.9091
84.92755
84.94846
84.96864
84.98964
85.00813
85.02901
85.04523
85.06606
85.08359
85.10512
85.12296
85.14423
85.16135
85.18147
85.1992
85.22254
85.23846
85.26093
85.27742
85.30045
85.31683
85.33998
85.35641
85.37977
85.396
85.41747
85.43523
85.45715
85.47317
85.49676
85.51287
85.53482
85.55105
85.57433
85.63007
85.61396
85.66958
85.65513
85.70909
85.69463
85.74691
85.73351
85.78595
85.77271
85.82439
85.81171
85.86368
85.84925
85.90411
85.88949
85.94348
85.92893
85.98277
85.96823
86.01982
86.00725
86.0574
86.04599
86.09681
86.08566
86.13577
86.12376
86.17322
86.16123
86.21277
86.19981
86.25231
86.23963
86.29064
86.27836
86.33022
86.31856
86.36981
86.35709
86.40983
86.39833
86.44942
86.43812
86.48912
86.47799
86.52841
86.5169
86.56786
86.5577
86.60693
86.59605
86.6448
86.6354
86.68424
86.67483
86.72386
86.71371
86.76093
86.75234
86.80051
86.79185
86.83917
86.83147
86.87834
86.8708
86.91685
86.9088
86.95645
86.94852
86.99745
86.98999
87.03452
87.02866
87.07372
87.06973
87.11292
87.10915
87.15218
87.14766
87.18961
87.18577
87.22723
87.22581
87.26667
87.2644
87.30756
87.3017
87.34608
87.34087
87.38526
87.37949
87.42133
87.41727
87.46038
87.45473
87.49754
87.49224
87.53687
87.53197
87.57786
87.57169
87.61578
87.61083
87.65712
87.65074
87.69663
87.68993
87.73676
87.73051
87.77389
87.76986
87.8131
87.80853
87.85043
87.84576
87.89052
87.8853
87.93008
87.92471
87.96837
87.9651
88.00786
88.00259
88.04613
88.04019
88.0855
88.07956
88.12363
88.11901
88.16151
88.15793
88.19773
88.19598
88.2369
88.23261
88.27655
88.27225
88.31267
88.31206
88.35211
88.35058
88.38962
88.38528
88.42902
88.42473
88.4682
88.46478
88.50639
88.5031
88.54466
88.54224
88.5834
88.58057
88.62264
88.61986
88.66106
88.65928
88.6982
88.6962
88.73804
88.73708
88.7773
88.77463
88.81604
88.81343
88.85361
88.85111
88.89244
88.89136
88.93082
88.9293
88.96958
88.96821
89.00683
89.006
89.0454
89.04391
89.08338
89.08278
89.12261
89.12209
89.15879
89.15861
89.19804
89.19724
89.23502
89.2377
89.27415
89.27639
89.31265
89.31524
89.34997
89.35438
89.38805
89.39107
89.42738
89.43045
89.46732
89.47154
89.50676
89.50974
89.54503
89.54788
89.58062
89.58527
89.62023
89.62417
89.65803
89.66267
89.69666
89.70229
89.7362
89.74022
89.77599
89.7803
89.81751
89.82191
89.85741
89.8613
89.89793
89.90278
89.93643
89.94242
89.97774
89.98282
90.01749
90.02179
90.05631
90.0627
90.09572
90.10194
90.13635
90.14167
90.17418
90.18065
90.21553
90.22156
90.25468
90.2612
90.29479
90.30022
90.3344
90.33947
90.37326
90.37859
90.41396
90.4184
90.4934
90.45758
90.53315
90.49758
90.57353
90.53635
90.61282
90.57763
90.65177
90.61668
90.69134
90.65805
90.73037
90.69775
90.77003
90.73751
90.81023
90.77724
90.84683
90.81566
90.88642
90.85358
90.92602
90.89493
90.96574
90.93465
91.00468
90.97459
91.04437
91.01428
91.08316
91.05556
91.12288
91.0952
91.16269
91.13496
91.20204
91.17384
91.24326
91.21349
91.28304
91.25346
91.32433
91.29485
91.36323
91.33459
91.40395
91.37438
91.4437
91.41581
91.48335
91.45565
91.52314
91.49546
91.56416
91.53521
91.60372
91.57621
91.64316
91.61573
91.68279
91.65545
91.72227
91.69499
91.76181
91.73457
91.80193
91.77407
91.84138
91.81413
91.88258
91.85361
91.92213
91.89477
91.96168
91.9342
92.0007
91.97504
92.04015
92.01418
92.07936
92.05539
92.11724
92.0911
92.15686
92.13063
92.19579
92.16972
92.23667
92.21062
92.27641
92.25043
92.31502
92.29024
92.35364
92.32892
92.39327
92.36864
92.43282
92.40835
92.47217
92.4479
92.51173
92.48846
92.55144
92.52821
92.59079
92.56692
92.62888
92.60639
92.66833
92.64617
92.70633
92.68578
92.74492
92.7249
92.78217
92.76422
92.82196
92.80483
92.86129
92.84181
92.90047
92.88169
92.93983
92.92106
92.97785
92.96053
93.01704
92.9997
93.05499
93.03892
93.09377
93.077
93.13116
93.11602
93.1698
93.15572
93.20808
93.19476
93.24728
93.2318
93.28592
93.27044
93.32436
93.31033
93.36307
93.34822
93.40401
93.38903
93.44339
93.4285
93.48043
93.46946
93.51969
93.50758
93.55923
93.54736
93.59884
93.58704
93.63931
93.62757
93.67886
93.66736
93.71979
93.70663
93.75949
93.74524
93.79893
93.78488
93.83723
93.82453
93.8772
93.86385
93.91664
93.90488
93.95635
93.94473
93.99566
93.98602
94.03463
94.02569
94.07426
94.06553
94.11401
94.10529
94.15497
94.14666
94.19463
94.1866
94.23447
94.2273
94.27419
94.26704
94.31557
94.30774
94.35517
94.34662
94.39509
94.38634
94.43471
94.42545
94.47567
94.46578
94.51551
94.50564
94.55684
94.54712
94.59663
94.58714
94.63768
94.62849
94.67725
94.66838
94.71867
94.7082
94.75773
94.74954
94.799
94.78917
94.83868
94.83035
94.87817
94.86989
94.91759
94.90901
94.9569
94.94834
94.99583
94.98878
95.03493
95.02703
95.07552
95.06657
95.11403
95.10574
95.15388
95.14664
95.19276
95.18598
95.23338
95.22639
95.27291
95.26591
95.31092
95.30698
95.35024
95.34502
95.39149
95.38514
95.43114
95.42492
95.47059
95.46455
95.50992
95.50439
95.55097
95.54558
95.58952
95.58499
95.62914
95.62479
95.66702
95.6635
95.70671
95.70316
95.74645
95.74149
95.78614
95.78111
95.82561
95.82042
95.8651
95.86015
95.90456
95.89995
95.94398
95.93941
95.98331
95.97886
96.02016
96.01747
96.05933
96.05682
96.09741
96.09555
96.13462
96.13393
96.174
96.17218
96.21369
96.21275
96.25316
96.25246
96.29438
96.29205
96.33434
96.33356
96.37433
96.37363
96.41438
96.41137
96.4471
96.44416
96.47133
96.47118
96.47895
96.49175
96.4968
96.50714
96.50317
96.51401
96.50964
96.52042
96.51591
96.53319
96.52602
96.53984
96.53239
96.54641
96.5387
96.55412
96.54507
96.56059
96.55276
96.56735
96.55927
96.57391
96.56604
96.58188
96.57298
96.58874
96.58005
96.59572
96.58755
96.60219
96.59727
96.60877
96.60432
96.61544
96.61147
96.62234
96.61816
96.62914
96.62476
96.63618
96.63136
96.64324
96.63793
96.65437
96.6583
96.66113
96.66482
96.6676
96.6713
96.67414
96.68941
96.68978
96.69579
96.69741
96.70214
96.70748
96.72491
96.7353
96.73245
96.7416
96.74249
96.74796
96.76263
96.77071
96.76893
96.77829
96.7752
96.78835
96.79795
96.811
96.80423
96.81857
96.8105
96.84641
96.83321
96.8527
96.84071
96.85893
96.86121
96.86898
96.86745
96.87524
96.87369
96.89293
96.89629
96.92306
96.90257
96.92934
96.90884
96.93552
96.9315
96.94806
96.93771
96.9543
96.94392
96.97446
96.97588
96.98071
96.98207
96.98696
96.98828
96.99963
97.00833
97.00585
97.01454
97.01207
97.02077
97.03217
97.04087
97.03838
97.04713
97.05854
97.05333
97.0648
97.06587
97.07101
97.0721
97.09879
97.07828
97.10673
97.11362
97.132
97.11986
97.13818
97.12608
97.14438
97.14871
97.17952
97.15492
97.18578
97.17754
97.21853
97.18375
97.2285
97.21004
97.25874
97.21618
97.26492
97.22236
97.29262
97.25517
97.29881
97.26302
97.30499
97.29317
97.32259
97.32085
97.32873
97.32697
97.33487
97.33311
97.35745
97.36058
97.36359
97.36668
97.37965
97.37277
97.38576
97.39023
97.39188
97.39635
97.39925
97.4025
97.41927
97.41744
97.42538
97.42355
97.4414
97.42966
97.44753
97.44949
97.45998
97.45557
97.46608
97.47411
97.47222
97.49622
97.49978
97.50233
97.50591
97.50845
97.51203
97.55116
97.54472
97.55731
97.56976
97.56346
97.57596
97.6037
97.58215
97.6137
97.62251
97.65408
97.6638
97.6774
97.67197
97.68597
97.68006
97.69691
97.69122
97.70435
97.70983
97.71175
97.71734
97.71886
97.73228
97.72623
97.73956
97.7334
97.74673
97.74072
97.75386
97.74798
97.76111
97.7565
97.76947
97.77113
97.77654
97.77811
97.78349
97.78503
97.78988
97.79178
97.79623
97.79964
97.80229
97.80698
97.81709
97.81449
97.82283
97.85352
97.82854
97.877
97.86695
97.88371
97.90731
97.92282
97.94648
97.99221
97.9856
98.0004
98.02477
98.03491
98.06564
98.05393
98.08973
98.05907
98.09496
98.08071
98.1002
98.09977
98.13182
98.1049
98.13705
98.11128
98.14227
98.11765
98.1562
98.12656
98.16267
98.13684
98.18663
98.1432
98.19182
98.18448
98.19701
98.23358
98.22231
98.24249
98.23627
98.24762
98.24146
98.26074
98.24666
98.27714
98.26805
98.28601
98.27698
98.30664
98.29591
98.31298
98.30228
98.32688
98.33047
98.3332
98.33562
98.3421
98.34077
98.34902
98.36131
98.35536
98.36644
98.36046
98.38466
98.36556
98.38979
98.43296
98.41512
98.43806
98.42023
98.44315
98.42534
98.44823
98.4542
98.45332
98.4593
98.46857
98.4644
98.47366
98.47298
98.47876
98.47808
98.49529
98.48318
98.50549
98.49453
98.51571
98.49965
98.52837
98.50475
98.53722
98.51897
98.54234
98.52409
98.54745
98.52919
98.55257
98.53548
98.55769
98.5418
98.56281
98.54691
98.56794
98.55202
98.57307
98.55832
98.57942
98.56464
98.58453
98.57095
98.58966
98.57977
98.59479
98.58488
98.59992
98.58999
98.60506
98.59794
98.61019
98.60305
98.61533
98.60815
98.62422
98.61684
98.62936
98.62196
98.6345
98.62709
98.64085
98.63221
98.64599
98.6461
98.65111
98.65122
98.65623
98.65635
98.67517
98.67024
98.6803
98.67822
98.68542
98.69962
98.71381
98.70476
98.71896
98.70989
98.77519
98.73938
98.78031
98.74574
98.79799
98.77377
98.80312
98.77892
98.81482
98.78406
98.81995
98.80571
98.82506
98.81084
98.84145
98.81596
98.84657
98.83386
98.85168
98.83899
98.858
98.84412
98.86311
98.86001
98.86823
98.86515
98.87335
98.87028
98.88218
98.87913
98.88729
98.88549
98.8924
98.89185
98.89751
98.89697
98.90263
98.90211
98.90775
98.91349
98.91286
98.91862
98.91797
98.92377
98.92308
98.93176
98.93108
98.94065
98.93994
98.94953
98.94506
98.95589
98.95018
98.96104
98.96805
98.96619
98.9783
98.9776
98.98344
98.98398
98.98856
98.99038
98.99368
98.99554
98.99882
99.00192
99.00516
99.01083
99.02187
99.02388
99.0308
99.03026
99.03715
99.03915
99.05357
99.04433
99.05993
99.04949
99.06509
99.06343
99.07021
99.08176
99.07658
99.09069
99.08545
99.10808
99.09345
99.11447
99.10735
99.1405
99.11619
99.14569
99.12255
99.15087
99.1289
99.15728
99.13403
99.17175
99.13916
99.17693
99.15306
99.18214
99.17091
99.19358
99.17606
99.19878
99.18121
99.20398
99.18916
99.20918
99.19946
99.21437
99.2198
99.21954
99.23008
99.23077
99.23645
99.23595
99.24409
99.24116
99.24923
99.24637
99.25437
99.25278
99.25951
99.25797
99.26465
99.26319
99.26979
99.26839
99.27493
99.27481
99.28008
99.28629
99.29147
99.29151
99.29663
99.29667
99.30177
99.30186
99.30816
99.30827
99.31844
99.32458
99.32359
99.33105
99.32873
99.34251
99.339
99.35058
99.34414
99.35954
99.35301
99.36851
99.36189
99.37497
99.37079
99.38023
99.37967
99.38545
99.3936
99.39356
99.41893
99.4192
99.44628
99.44228
99.45263
99.46136
99.46922
99.46655
99.47436
99.4913
99.4795
99.49653
99.49712
99.50172
99.50227
99.52277
99.50744
99.52801
99.52148
99.53322
99.52666
99.54671
99.53179
99.55193
99.54561
99.55717
99.55076
99.5723
99.55592
99.57753
99.56601
99.58276
99.59062
99.60313
99.60094
99.60838
99.61118
99.61359
99.61636
99.62432
99.63399
99.62959
99.63913
99.63483
99.64431
99.64651
99.65206
99.65174
99.65725
99.65697
99.6624
99.67755
99.67631
99.68278
99.68148
99.688
99.68665
99.69323
99.69183
99.69966
99.7007
99.71114
99.70587
99.71637
99.71228
99.72161
99.71744
99.72687
99.72259
99.73329
99.73571
99.74223
99.74462
99.74863
99.75354
99.77119
99.76049
99.77928
99.7669
99.78826
99.77726
99.8073
99.80149
99.81563
99.81042
99.83308
99.82514
99.84112
99.84586
99.85574
99.85103
99.86102
99.85622
99.8663
99.86525
99.87435
99.87041
99.87959
99.8756
99.89008
99.88456
99.89535
99.89349
99.9076
99.8987
99.91289
99.90388
99.91814
99.92431
99.92722
99.93621
99.9362
99.9414
99.95258
99.95199
99.95905
99.95839
99.96556
99.96478
99.97206
99.97286
99.98106
99.97925
99.99502
99.9949
100.0014
100.0001
100.0118
100.0053
100.017
100.0105
100.0223
100.0219
100.036
100.0271
100.0412
100.0323
100.0464
100.0387
100.0629
100.0438
100.0682
100.049
100.0735
100.0554
100.0901
100.0606
100.0954
100.0658
100.1007
100.0722
100.1215
100.0786
100.1281
100.0876
100.1346
100.1147
100.1462
100.1211
100.1515
100.1263
100.1568
100.1315
100.1634
100.1393
100.1699
100.1445
100.1866
100.1497
100.192
100.1804
100.1973
100.1857
100.2156
100.1909
100.2222
100.1999
100.2414
100.2063
100.248
100.2445
100.2546
100.2498
100.2623
100.2603
100.2714
100.2758
100.278
100.281
100.2871
100.2863
100.2924
100.2928
100.2978
100.298
100.306
100.3033
100.3113
100.3099
100.3167
100.3164
100.3257
100.3378
100.3321
100.3441
100.341
100.3493
100.3499
100.3544
100.3551
100.3746
100.3603
100.3809
100.3666
100.3895
100.3754
100.3958
100.3805
100.4021
100.3856
100.4109
100.408
100.4173
100.4143
100.4236
100.4206
100.4299
100.4325
100.4401
100.4376
100.4515
100.4427
100.4578
100.4565
100.4704
100.4628
100.4806
100.4691
100.4857
100.4743
100.496
100.4794
100.5011
100.4858
100.5063
100.4909
100.5142
100.496
100.5282
100.5071
100.5333
100.5123
100.5385
100.5174
100.5449
100.5313
100.55
100.5365
100.5552
100.5417
100.5604
100.5582
100.5708
100.5671
100.5798
100.5861
100.5887
100.5941
100.5993
100.6151
100.6082
100.6216
100.6212
100.6457
100.6264
100.651
100.6316
100.6563
100.6531
100.6723
100.6596
100.6876
100.6732
100.6929
100.6813
100.6982
100.6878
100.7199
100.6942
100.7264
100.7007
100.7355
100.7145
100.7496
100.7198
100.7549
100.7251
100.7602
100.743
100.7743
100.7495
100.7796
100.7585
100.785
100.7758
100.8087
100.7811
100.8153
100.8079
100.8243
100.8247
100.8308
100.8299
100.8398
100.8404
100.8529
100.8456
100.8581
100.8521
100.8634
100.8737
100.8798
100.879
100.8851
100.8854
100.8904
100.8906
100.9062
100.8958
100.9127
100.9011
100.9218
100.9063
100.9282
100.9152
100.9372
100.9216
100.9552
100.9319
100.9617
100.9383
100.9745
100.9482
100.9826
100.9572
100.9992
100.9636
101.0135
100.9725
101.0226
100.9878
101.0404
101.007
101.0495
101.0123
101.0586
101.0212
101.0676
101.0277
101.0809
101.0366
101.0952
101.0431
101.1006
101.0583
101.1168
101.0791
101.1258
101.0843
101.1323
101.0945
101.1413
101.101
101.1505
101.1075
101.1595
101.1361
101.166
101.1476
101.175
101.1555
101.1886
101.1709
101.1951
101.1829
101.2166
101.2125
101.2332
101.242
101.2396
101.2777
101.2692
101.2918
101.2887
101.3008
101.2978
101.3158
101.3168
101.3222
101.333
101.3311
101.3395
101.3401
101.3575
101.3524
101.3765
101.3576
101.3977
101.3716
101.4029
101.3805
101.4081
101.4002
101.4171
101.4092
101.4261
101.4182
101.4404
101.4235
101.4469
101.4308
101.461
101.4437
101.4699
101.4521
101.4853
101.4712
101.4931
101.4877
101.5122
101.4994
101.5191
101.5058
101.5319
101.5249
101.5385
101.5339
101.5475
101.5506
101.5528
101.5571
101.5581
101.5661
101.5646
101.5713
101.5812
101.5766
101.5892
101.5875
101.5982
101.5944
101.6072
101.6076
101.6138
101.6128
101.6243
101.6181
101.6308
101.6323
101.6374
101.6388
101.6464
101.6452
101.6554
101.6542
101.6638
101.6657
101.68
101.6722
101.6892
101.6942
101.7026
101.7122
101.7092
101.7187
101.7182
101.7277
101.7268
101.7367
101.7405
101.7448
101.747
101.7563
101.7536
101.7627
101.7729
101.7783
101.782
101.7848
101.7911
101.7989
101.7977
101.8095
101.8194
101.8226
101.8284
101.8291
101.8468
101.8445
101.8559
101.858
101.8743
101.867
101.8809
101.8735
101.9
101.8825
101.9065
101.8983
101.9206
101.9048
101.9259
101.9101
101.9313
101.9154
101.9404
101.9218
101.9494
101.9455
101.956
101.9509
101.9649
101.9624
101.9715
101.9689
101.9831
101.9869
101.9885
101.9934
101.9939
101.9999
102.008
102.0064
102.0224
102.0245
102.0341
102.0311
102.0432
102.0429
102.0649
102.0573
102.0817
102.0689
102.0883
102.0742
102.0965
102.0796
102.1074
102.0861
102.1166
102.0992
102.1258
102.1058
102.1324
102.1149
102.1391
102.1316
102.1533
102.137
102.1626
102.1424
102.1718
102.1631
102.1877
102.1722
102.197
102.188
102.2037
102.1935
102.2155
102.2153
102.221
102.2245
102.2265
102.2428
102.2358
102.252
102.2451
102.2587
102.2505
102.2642
102.2562
102.2697
102.2666
102.2751
102.2722
102.2869
102.2778
102.2937
102.2897
102.3029
102.2965
102.3097
102.3033
102.319
102.3128
102.3283
102.3223
102.3378
102.3293
102.3487
102.335
102.3544
102.3407
102.3601
102.3516
102.3726
102.3611
102.3782
102.3682
102.3839
102.3777
102.3897
102.3847
102.3966
102.3918
102.4036
102.3989
102.4106
102.4085
102.4163
102.4181
102.4221
102.4252
102.4307
102.4364
102.4522
102.4425
102.4592
102.4485
102.4709
102.4632
102.4767
102.4705
102.4884
102.4766
102.4956
102.4827
102.5015
102.495
102.5074
102.5011
102.5213
102.5073
102.5311
102.5163
102.537
102.5288
102.5431
102.5362
102.5503
102.5425
102.5564
102.5488
102.5624
102.5615
102.5686
102.5679
102.576
102.5756
102.5834
102.5857
102.5895
102.5921
102.5957
102.5986
102.602
102.6064
102.6084
102.613
102.6146
102.6192
102.6209
102.6271
102.631
102.6338
102.6375
102.6406
102.6441
102.6486
102.6519
102.6554
102.6622
102.6634
102.67
102.6702
102.6766
102.6769
102.6832
102.6838
102.6912
102.6906
102.7096
102.6974
102.7163
102.7054
102.7231
102.7134
102.7299
102.7214
102.7367
102.7281
102.7447
102.7349
102.7514
102.7429
102.7582
102.7497
102.7651
102.7577
102.773
102.7673
102.7798
102.7754
102.7866
102.7821
102.7946
102.7889
102.8051
102.7957
102.8119
102.8025
102.8187
102.8093
102.8255
102.8173
102.8323
102.8241
102.839
102.8309
102.8459
102.8377
102.8527
102.8445
102.8595
102.8513
102.8662
102.858
102.873
102.8661
102.881
102.8728
102.889
102.8797
102.8958
102.8866
102.9026
102.8934
102.9093
102.9064
102.9161
102.9133
102.9229
102.9201
102.9314
102.9269
102.9381
102.9339
102.9449
102.9407
102.9517
102.9474
102.9585
102.9555
102.9652
102.9622
102.972
102.969
102.9788
102.9759
102.9856
102.9827
102.9936
102.9895
103.0004
102.9963
103.0071
103.0031
103.0139
103.0099
103.0207
103.0167
103.0275
103.0235
103.0343
103.0303
103.0411
103.0371
103.0479
103.0439
103.0547
103.0507
103.0615
103.0587
103.0683
103.0655
103.075
103.0723
103.0818
103.0791
103.0887
103.0859
103.0955
103.0927
103.1023
103.0995
103.109
103.1063
103.1158
103.1131
103.1226
103.1199
103.1294
103.1267
103.1362
103.1335
103.143
103.1403
103.1497
103.1471
103.1565
103.1539
103.1633
103.1607
103.1701
103.1675
103.1769
103.1743
103.1837
103.1811
103.1905
103.1879
103.1972
103.1947
103.204
103.2015
103.2108
103.2083
103.2176
103.2151
103.2244
103.2219
103.2311
103.2287
103.2379
103.2355
103.2447
103.2424
103.2515
103.2492
103.2582
103.256
103.265
103.2627
103.2718
103.2695
103.2786
103.2763
103.2854
103.2831
103.2921
103.2899
103.2989
103.2967
103.3057
103.3034
103.3125
103.3102
103.3192
103.317
103.326
103.3238
103.3328
103.3306
103.3395
103.3374
103.3463
103.3442
103.3531
103.351
103.3598
103.3578
103.3666
103.3645
103.3734
103.3713
103.3802
103.3781
103.387
103.3849
103.3937
103.3917
103.4005
103.3985
103.4073
103.4052
103.4141
103.412
103.4208
103.4188
103.4276
103.4256
103.4344
103.4324
103.4411
103.4391
103.4479
103.4459
103.4547
103.4527
103.4614
103.4595
103.4682
103.4663
103.475
103.473
103.4818
103.4798
103.4885
103.4866
103.4953
103.4933
103.5021
103.5001
103.5088
103.5069
103.5156
103.5137
103.5224
103.5205
103.5291
103.5272
103.5359
103.534
103.5427
103.5408
103.5494
103.5475
103.5562
103.5543
103.563
103.5611
103.5697
103.5679
103.5765
103.5746
103.5833
103.5814
103.59
103.5882
103.5968
103.5949
103.6036
103.6017
103.6103
103.6085
103.6171
103.6152
103.6239
103.622
103.6306
103.6288
103.6374
103.6356
103.6442
103.6423
103.6509
103.6491
103.6577
103.6558
103.6645
103.6626
103.6712
103.6694
103.678
103.6761
103.6848
103.6829
103.6915
103.6897
103.6983
103.6964
103.705
103.7032
103.7118
103.71
103.7186
103.7167
103.7253
103.7235
103.7321
103.7302
103.7388
103.737
103.7456
103.7437
103.7524
103.7505
103.7591
103.7572
103.7659
103.764
103.7726
103.7708
103.7794
103.7775
103.7861
103.7843
103.7929
103.791
103.7997
103.7978
103.8064
103.8045
103.8132
103.8113
103.8199
103.818
103.8267
103.8248
103.8334
103.8316
103.8402
103.8383
103.8469
103.845
103.8537
103.8518
103.8605
103.8585
103.8672
103.8653
103.874
103.872
103.8807
103.8788
103.8875
103.8855
103.8942
103.8923
103.901
103.899
103.9077
103.9058
103.9145
103.9125
103.9212
103.9193
103.928
103.926
103.9347
103.9328
103.9415
103.9395
103.9482
103.9463
103.955
103.953
103.9618
103.9598
103.9685
103.9665
103.9753
103.9733
103.982
103.98
103.9888
103.9868
103.9955
103.9935
104.0023
104.0003
104.009
104.007
104.0158
104.0137
104.0225
104.0205
104.0293
104.0272
104.036
104.034
104.0428
104.0407
104.0495
104.0475
104.0563
104.0542
104.063
104.061
104.0698
104.0677
104.0765
104.0744
104.0833
104.0812
104.09
104.0879
104.0968
104.0947
104.1035
104.1014
104.1103
104.1082
104.117
104.1149
104.1238
104.1217
104.1305
104.1284
104.1373
104.1352
104.144
104.1419
104.1508
104.1487
104.1575
104.1554
104.1643
104.1622
104.171
104.1689
104.1777
104.1757
104.1845
104.1824
104.1912
104.1892
104.198
104.1959
104.2047
104.2027
104.2115
104.2094
104.2182
104.2161
104.225
104.2229
104.2317
104.2297
104.2384
104.2364
104.2452
104.2432
104.2519
104.2499
104.2587
104.2567
104.2654
104.2634
104.2721
104.2702
104.2789
104.2769
104.2856
104.2837
104.2924
104.2904
104.2991
104.2972
104.3059
104.3039
104.3126
104.3107
104.3193
104.3174
104.3261
104.3242
104.3328
104.3309
104.3396
104.3377
104.3463
104.3444
104.3531
104.3512
104.3598
104.3579
104.3665
104.3646
104.3733
104.3714
104.38
104.3781
104.3868
104.3849
104.3935
104.3916
104.4003
104.3984
104.407
104.4052
104.4137
104.4119
104.4205
104.4186
104.4272
104.4254
104.434
104.4322
104.4407
104.4389
104.4475
104.4456
104.4542
104.4524
104.4609
104.4592
104.4677
104.4659
104.4744
104.4726
104.4812
104.4794
104.4879
104.4862
104.4946
104.4929
104.5014
104.4997
104.5081
104.5064
104.5149
104.5132
104.5216
104.5199
104.5284
104.5267
104.5351
104.5334
104.5418
104.5402
104.5486
104.5469
104.5553
104.5537
104.5621
104.5604
104.5688
104.5672
104.5756
104.5739
104.5823
104.5807
104.589
104.5874
104.5958
104.5942
104.6025
104.6009
104.6093
104.6077
104.616
104.6144
104.6227
104.6212
104.6295
104.6279
104.6362
104.6347
104.643
104.6414
104.6497
104.6481
104.6565
104.6549
104.6632
104.6616
104.67
104.6684
104.6767
104.6751
104.6835
104.6818
104.6902
104.6886
104.697
104.6953
104.7037
104.7021
104.7105
104.7088
104.7172
104.7156
104.724
104.7223
104.7307
104.729
104.7375
104.7358
104.7442
104.7425
104.751
104.7493
104.7577
104.756
104.7645
104.7627
104.7712
104.7695
104.7779
104.7762
104.7847
104.783
104.7914
104.7897
104.7982
104.7965
104.8049
104.8032
104.8117
104.81
104.8184
104.8167
104.8251
104.8234
104.8319
104.8302
104.8386
104.8369
104.8454
104.8437
104.8521
104.8504
104.8589
104.8572
104.8656
104.8639
104.8724
104.8707
104.8792
104.8774
104.8859
104.8841
104.8927
104.8909
104.8994
104.8976
104.9062
104.9044
104.9129
104.9111
104.9197
104.9179
104.9265
104.9246
104.9332
104.9314
104.94
104.9381
104.9467
104.9448
104.9535
104.9516
104.9602
104.9583
104.967
104.9651
104.9737
104.9718
104.9805
104.9786
104.9873
104.9853
104.994
104.9921
105.0008
104.9988
105.0075
105.0055
105.0143
105.0123
105.021
105.0191
105.0278
105.0258
105.0346
105.0325
105.0413
105.0393
105.0481
105.046
105.0548
105.0528
105.0615
105.0595
105.0683
105.0663
105.0751
105.073
105.0818
105.0798
105.0885
105.0865
105.0953
105.0932
105.1021
105.1
105.1088
105.1067
105.1156
105.1135
105.1223
105.1202
105.1291
105.127
105.1358
105.1337
105.1426
105.1405
105.1493
105.1472
105.1561
105.154
105.1628
105.1607
105.1695
105.1675
105.1763
105.1742
105.1831
105.181
105.1898
105.1877
105.1965
105.1945
105.2033
105.2012
105.21
105.208
105.2168
105.2147
105.2235
105.2215
105.2303
105.2282
105.237
105.2349
105.2438
105.2417
105.2505
105.2484
105.2572
105.2552
105.264
105.2619
105.2707
105.2687
105.2775
105.2754
105.2842
105.2822
105.291
105.2889
105.2977
105.2957
105.3045
105.3024
105.3112
105.3092
105.3179
105.3159
105.3247
105.3227
105.3314
105.3294
105.3382
105.3362
105.3449
105.3429
105.3517
105.3496
105.3584
105.3564
105.3652
105.3631
105.3719
105.3699
105.3786
105.3766
105.3854
105.3834
105.3921
105.3901
105.3989
105.3969
105.4056
105.4036
105.4124
105.4103
105.4191
105.4171
105.4258
105.4238
105.4326
105.4306
105.4393
105.4373
105.4461
105.4441
105.4528
105.4508
105.4596
105.4576
105.4663
105.4643
105.4731
105.471
105.4798
105.4778
105.4866
105.4845
105.4933
105.4913
105.5001
105.498
105.5068
105.5048
105.5136
105.5115
105.5203
105.5183
105.5271
105.525
105.5338
105.5318
105.5406
105.5385
105.5473
105.5452
105.5541
105.552
105.5609
105.5587
105.5676
105.5655
105.5743
105.5722
105.5811
105.579
105.5879
105.5857
105.5946
105.5925
105.6014
105.5992
105.6081
105.606
105.6149
105.6127
105.6216
105.6195
105.6284
105.6262
105.6351
105.633
105.6419
105.6397
105.6486
105.6465
105.6554
105.6532
105.6621
105.66
105.6689
105.6667
105.6756
105.6735
105.6824
105.6802
105.6891
105.687
105.6959
105.6937
105.7026
105.7004
105.7094
105.7072
105.7161
105.7139
105.7229
105.7207
105.7296
105.7274
105.7364
105.7342
105.7431
105.7409
105.7499
105.7477
105.7566
105.7544
105.7634
105.7611
105.7701
105.7679
105.7768
105.7746
105.7836
105.7813
105.7903
105.7881
105.7971
105.7948
105.8038
105.8016
105.8106
105.8083
105.8173
105.8151
105.8241
105.8218
105.8308
105.8286
105.8375
105.8353
105.8443
105.8421
105.851
105.8488
105.8578
105.8556
105.8645
105.8623
105.8713
105.8691
105.878
105.8758
105.8847
105.8826
105.8915
105.8893
105.8982
105.8961
105.905
105.9028
105.9117
105.9096
105.9184
105.9163
105.9252
105.923
105.9319
105.9298
105.9386
105.9365
105.9454
105.9433
105.9521
105.95
105.9589
105.9568
105.9656
105.9635
105.9724
105.9703
105.9791
105.977
105.9858
105.9838
105.9926
105.9905
105.9993
105.9973
106.0061
106.004
106.0128
106.0107
106.0195
106.0175
106.0263
106.0242
106.033
106.031
106.0398
106.0377
106.0465
106.0444
106.0533
106.0512
106.06
106.0579
106.0668
106.0647
106.0735
106.0714
106.0803
106.0781
106.087
106.0849
106.0937
106.0916
106.1005
106.0983
106.1072
106.1051
106.114
106.1118
106.1207
106.1186
106.1274
106.1253
106.1342
106.132
106.1409
106.1388
106.1477
106.1455
106.1544
106.1522
106.1612
106.159
106.1679
106.1657
106.1747
106.1725
106.1814
106.1792
106.1881
106.186
106.1949
106.1927
106.2017
106.1994
106.2084
106.2062
106.2151
106.2129
106.2219
106.2197
106.2286
106.2264
106.2354
106.2332
106.2421
106.2399
106.2489
106.2467
106.2556
106.2534
106.2624
106.2602
106.2691
106.2669
106.2758
106.2737
106.2826
106.2804
106.2894
106.2871
106.2961
106.2939
106.3028
106.3006
106.3096
106.3074
106.3163
106.3141
106.3231
106.3209
106.3298
106.3276
106.3366
106.3344
106.3433
106.3411
106.3501
106.3478
106.3568
106.3546
106.3636
106.3613
106.3703
106.3681
106.3771
106.3748
106.3838
106.3816
106.3906
106.3883
106.3973
106.3951
106.4041
106.4018
106.4109
106.4085
106.4176
106.4153
106.4243
106.422
106.4311
106.4287
106.4379
106.4355
106.4446
106.4422
106.4513
106.449
106.4581
106.4557
106.4649
106.4625
106.4716
106.4692
106.4784
106.476
106.4851
106.4827
106.4919
106.4894
106.4986
106.4962
106.5054
106.5029
106.5121
106.5097
106.5189
106.5164
106.5256
106.5231
106.5324
106.5299
106.5391
106.5366
106.5459
106.5434
106.5526
106.5501
106.5594
106.5569
106.5661
106.5636
106.5728
106.5704
106.5796
106.5771
106.5863
106.5838
106.5931
106.5906
106.5998
106.5973
106.6066
106.6041
106.6133
106.6108
106.6201
106.6176
106.6268
106.6243
106.6336
106.6311
106.6403
106.6378
106.6471
106.6445
106.6538
106.6513
106.6606
106.6581
106.6673
106.6648
106.6741
106.6715
106.6808
106.6783
106.6876
106.6851
106.6943
106.6918
106.7011
106.6985
106.7078
106.7053
106.7146
106.712
106.7213
106.7188
106.7281
106.7255
106.7348
106.7323
106.7416
106.739
106.7484
106.7458
106.7551
106.7525
106.7619
106.7592
106.7686
106.766
106.7754
106.7727
106.7821
106.7795
106.7889
106.7862
106.7956
106.793
106.8024
106.7997
106.8091
106.8065
106.8159
106.8132
106.8226
106.82
106.8294
106.8267
106.8361
106.8335
106.8429
106.8402
106.8496
106.847
106.8564
106.8537
106.8631
106.8605
106.8699
106.8672
106.8766
106.874
106.8834
106.8807
106.8901
106.8875
106.8969
106.8942
106.9036
106.901
106.9104
106.9077
106.9171
106.9145
106.9239
106.9212
106.9306
106.9279
106.9373
106.9347
106.9441
106.9414
106.9508
106.9482
106.9576
106.9549
106.9643
106.9617
106.9711
106.9684
106.9778
106.9752
106.9846
106.9819
106.9913
106.9886
106.9981
106.9954
107.0048
107.0021
107.0116
107.0089
107.0183
107.0156
107.025
107.0224
107.0318
107.0291
107.0386
107.0358
107.0453
107.0426
107.052
107.0493
107.0588
107.0561
107.0655
107.0628
107.0723
107.0695
107.079
107.0763
107.0858
107.083
107.0925
107.0898
107.0993
107.0965
107.106
107.1033
107.1127
107.11
107.1195
107.1168
107.1263
107.1235
107.133
107.1302
107.1397
107.137
107.1465
107.1437
107.1533
107.1505
107.16
107.1572
107.1667
107.164
107.1735
107.1707
107.1803
107.1774
107.187
107.1842
107.1937
107.1909
107.2005
107.1977
107.2072
107.2044
107.214
107.2112
107.2207
107.2179
107.2275
107.2247
107.2342
107.2314
107.241
107.2382
107.2477
107.2449
107.2545
107.2516
107.2612
107.2584
107.268
107.2652
107.2747
107.2719
107.2815
107.2786
107.2882
107.2854
107.295
107.2921
107.3017
107.2989
107.3085
107.3056
107.3152
107.3124
107.322
107.3191
107.3287
107.3259
107.3355
107.3326
107.3422
107.3394
107.349
107.3461
107.3557
107.3529
107.3625
107.3596
107.3692
107.3664
107.376
107.3731
107.3827
107.3799
107.3895
107.3866
107.3962
107.3934
107.4029
107.4001
107.4097
107.4069
107.4164
107.4136
107.4232
107.4204
107.4299
107.4271
107.4367
107.4339
107.4434
107.4406
107.4501
107.4473
107.4569
107.4541
107.4636
107.4608
107.4704
107.4676
107.4771
107.4743
107.4839
107.4811
107.4906
107.4878
107.4974
107.4946
107.5041
107.5013
107.5109
107.508
107.5176
107.5148
107.5244
107.5215
107.5311
107.5283
107.5379
107.535
107.5446
107.5417
107.5514
107.5485
107.5581
107.5552
107.5648
107.562
107.5716
107.5687
107.5783
107.5755
107.5851
107.5822
107.5918
107.589
107.5986
107.5957
107.6053
107.6024
107.6121
107.6092
107.6188
107.6159
107.6256
107.6227
107.6323
107.6294
107.6391
107.6361
107.6458
107.6429
107.6526
107.6496
107.6593
107.6563
107.6661
107.6631
107.6728
107.6698
107.6795
107.6766
107.6863
107.6833
107.693
107.69
107.6998
107.6968
107.7065
107.7035
107.7133
107.7103
107.72
107.717
107.7267
107.7238
107.7335
107.7305
107.7402
107.7373
107.7469
107.744
107.7537
107.7507
107.7605
107.7575
107.7672
107.7642
107.7739
107.771
107.7807
107.7777
107.7875
107.7845
107.7942
107.7912
107.8009
107.798
107.8077
107.8047
107.8144
107.8114
107.8212
107.8182
107.8279
107.8249
107.8347
107.8317
107.8414
107.8384
107.8482
107.8452
107.8549
107.8519
107.8616
107.8587
107.8684
107.8654
107.8752
107.8722
107.8819
107.8789
107.8886
107.8857
107.8954
107.8924
107.9021
107.8992
107.9089
107.9059
107.9156
107.9127
107.9223
107.9194
107.9291
107.9262
107.9358
107.9329
107.9426
107.9397
107.9493
107.9464
107.956
107.9532
107.9628
107.9599
107.9695
107.9667
107.9763
107.9734
107.983
107.9801
107.9897
107.9869
107.9965
107.9936
108.0032
108.0004
108.0099
108.0071
108.0167
108.0139
108.0234
108.0206
108.0301
108.0274
108.0369
108.0341
108.0436
108.0409
108.0503
108.0476
108.0571
108.0544
108.0638
108.0611
108.0705
108.0678
108.0772
108.0746
108.084
108.0814
108.0907
108.0881
108.0975
108.0948
108.1042
108.1016
108.1109
108.1084
108.1177
108.1151
108.1244
108.1218
108.1311
108.1286
108.1379
108.1353
108.1446
108.1421
108.1514
108.1488
108.1581
108.1556
108.1648
108.1623
108.1716
108.1691
108.1783
108.1758
108.1851
108.1826
108.1918
108.1893
108.1985
108.1961
108.2053
108.2028
108.212
108.2096
108.2188
108.2163
108.2255
108.2231
108.2323
108.2298
108.239
108.2366
108.2458
108.2433
108.2525
108.2501
108.2592
108.2568
108.266
108.2636
108.2727
108.2703
108.2795
108.2771
108.2862
108.2838
108.2929
108.2906
108.2997
108.2973
108.3064
108.3041
108.3132
108.3108
108.3199
108.3176
108.3266
108.3243
108.3334
108.331
108.3401
108.3378
108.3468
108.3445
108.3536
108.3513
108.3603
108.358
108.3671
108.3648
108.3738
108.3715
108.3805
108.3783
108.3873
108.385
108.394
108.3917
108.4007
108.3985
108.4075
108.4052
108.4142
108.412
108.4209
108.4187
108.4277
108.4254
108.4344
108.4322
108.4412
108.4389
108.4479
108.4457
108.4547
108.4524
108.4614
108.4592
108.4681
108.4659
108.4749
108.4726
108.4816
108.4794
108.4884
108.4861
108.4951
108.4929
108.5019
108.4996
108.5086
108.5063
108.5153
108.5131
108.5221
108.5198
108.5288
108.5266
108.5356
108.5333
108.5423
108.54
108.5491
108.5468
108.5558
108.5535
108.5626
108.5602
108.5693
108.567
108.576
108.5737
108.5828
108.5805
108.5895
108.5872
108.5963
108.5939
108.603
108.6007
108.6098
108.6074
108.6165
108.6142
108.6233
108.6209
108.63
108.6276
108.6368
108.6344
108.6435
108.6411
108.6503
108.6479
108.657
108.6546
108.6637
108.6614
108.6705
108.6681
108.6772
108.6748
108.684
108.6816
108.6907
108.6883
108.6974
108.6951
108.7042
108.7018
108.7109
108.7085
108.7177
108.7153
108.7244
108.722
108.7312
108.7288
108.7379
108.7355
108.7446
108.7422
108.7514
108.749
108.7581
108.7557
108.7649
108.7625
108.7716
108.7692
108.7784
108.776
108.7851
108.7827
108.7919
108.7895
108.7986
108.7962
108.8054
108.8029
108.8121
108.8097
108.8188
108.8164
108.8256
108.8232
108.8323
108.8299
108.8391
108.8366
108.8458
108.8434
108.8526
108.8501
108.8593
108.8569
108.8661
108.8636
108.8728
108.8703
108.8795
108.8771
108.8863
108.8838
108.893
108.8906
108.8998
108.8973
108.9065
108.9041
108.9133
108.9108
108.92
108.9176
108.9267
108.9243
108.9335
108.9311
108.9402
108.9378
108.947
108.9445
108.9537
108.9513
108.9604
108.958
108.9672
108.9648
108.974
108.9715
108.9807
108.9783
108.9874
108.985
108.9942
108.9918
109.0009
108.9985
109.0077
109.0053
109.0144
109.012
109.0212
109.0188
109.0279
109.0255
109.0347
109.0323
109.0414
109.039
109.0481
109.0458
109.0549
109.0525
109.0616
109.0592
109.0684
109.066
109.0751
109.0727
109.0818
109.0795
109.0886
109.0862
109.0953
109.093
109.1021
109.0997
109.1088
109.1065
109.1156
109.1132
109.1223
109.12
109.129
109.1267
109.1358
109.1335
109.1425
109.1402
109.1493
109.147
109.156
109.1537
109.1628
109.1605
109.1695
109.1672
109.1762
109.174
109.183
109.1807
109.1897
109.1874
109.1965
109.1942
109.2032
109.2009
109.21
109.2077
109.2167
109.2144
109.2234
109.2212
109.2302
109.2279
109.2369
109.2347
109.2437
109.2414
109.2504
109.2482
109.2571
109.255
109.2639
109.2617
109.2706
109.2684
109.2774
109.2752
109.2841
109.2819
109.2908
109.2887
109.2975
109.2954
109.3043
109.3022
109.311
109.3089
109.3178
109.3157
109.3245
109.3224
109.3312
109.3292
109.338
109.3359
109.3447
109.3427
109.3515
109.3494
109.3582
109.3562
109.3649
109.3629
109.3717
109.3697
109.3784
109.3764
109.3852
109.3832
109.3919
109.3899
109.3986
109.3967
109.4054
109.4034
109.4121
109.4101
109.4189
109.4169
109.4256
109.4236
109.4323
109.4304
109.439
109.4371
109.4458
109.4439
109.4525
109.4506
109.4593
109.4574
109.466
109.4641
109.4727
109.4708
109.4795
109.4776
109.4862
109.4843
109.493
109.4911
109.4997
109.4978
109.5064
109.5046
109.5132
109.5113
109.5199
109.5181
109.5266
109.5248
109.5334
109.5315
109.5401
109.5383
109.5469
109.545
109.5536
109.5518
109.5603
109.5585
109.5671
109.5652
109.5738
109.572
109.5806
109.5787
109.5873
109.5855
109.594
109.5922
109.6008
109.599
109.6075
109.6057
109.6142
109.6125
109.621
109.6192
109.6277
109.626
109.6345
109.6327
109.6412
109.6395
109.6479
109.6462
109.6547
109.6529
109.6614
109.6597
109.6681
109.6664
109.6749
109.6732
109.6816
109.6799
109.6884
109.6867
109.6951
109.6934
109.7019
109.7002
109.7086
109.7069
109.7153
109.7136
109.7221
109.7204
109.7288
109.7271
109.7356
109.7338
109.7423
109.7406
109.7491
109.7473
109.7558
109.7541
109.7626
109.7608
109.7693
109.7675
109.776
109.7743
109.7828
109.781
109.7895
109.7878
109.7963
109.7945
109.803
109.8012
109.8097
109.808
109.8165
109.8147
109.8232
109.8215
109.83
109.8282
109.8367
109.8349
109.8435
109.8417
109.8502
109.8484
109.8569
109.8552
109.8637
109.8619
109.8704
109.8687
109.8772
109.8754
109.8839
109.8821
109.8906
109.8889
109.8974
109.8956
109.9041
109.9024
109.9108
109.9091
109.9176
109.9158
109.9243
109.9226
109.9311
109.9293
109.9378
109.9361
109.9445
109.9428
109.9513
109.9496
109.958
109.9563
109.9648
109.9631
109.9715
109.9698
109.9782
109.9765
109.985
109.9833
109.9917
109.99
109.9984
109.9968
110.0052
110.0035
