10.01028
10.01007
10.01593
10.01569
10.02157
10.02132
10.02724
10.02694
10.03289
10.0326
10.03857
10.03829
10.04432
10.04404
10.05004
10.04974
10.05576
10.05546
10.06148
10.06118
10.06723
10.06688
10.07299
10.07258
10.07878
10.07831
10.08454
10.08404
10.09026
10.08976
10.09603
10.0955
10.10197
10.10129
10.10795
10.10704
10.11386
10.11282
10.11973
10.11862
10.12564
10.12439
10.13157
10.13018
10.13744
10.13597
10.14331
10.14179
10.14916
10.1476
10.15507
10.1534
10.16101
10.1592
10.1669
10.16498
10.17279
10.17079
10.17865
10.17663
10.1846
10.18248
10.19052
10.1884
10.19647
10.19427
10.20237
10.20012
10.20833
10.206
10.21429
10.21187
10.22019
10.21768
10.22616
10.2236
10.23213
10.22943
10.2381
10.23522
10.24412
10.24107
10.25008
10.24695
10.25605
10.25275
10.26202
10.25863
10.2681
10.26453
10.27408
10.27038
10.28009
10.27626
10.28604
10.28214
10.29208
10.28797
10.29798
10.29385
10.30398
10.29966
10.30992
10.30553
10.31581
10.31139
10.3218
10.3172
10.32783
10.32305
10.33378
10.32891
10.33979
10.33487
10.34576
10.34065
10.35179
10.34659
10.35773
10.35241
10.36367
10.35826
10.36965
10.36409
10.37563
10.36988
10.38159
10.37579
10.38761
10.38162
10.39361
10.38744
10.39959
10.3933
10.40561
10.39921
10.4116
10.40506
10.41765
10.41089
10.42362
10.41671
10.42961
10.42251
10.43559
10.42843
10.44159
10.43429
10.44759
10.44014
10.4536
10.44606
10.45961
10.45196
10.46569
10.45786
10.47173
10.46375
10.4777
10.46964
10.48368
10.47548
10.48968
10.48136
10.49566
10.48722
10.50167
10.49314
10.50765
10.49897
10.51366
10.50494
10.51967
10.51075
10.52569
10.51671
10.53169
10.52255
10.53772
10.52837
10.54374
10.53426
10.54976
10.54013
10.55575
10.55185
10.56173
10.55777
10.56773
10.56367
10.57376
10.56954
10.57975
10.57555
10.58578
10.58142
10.5918
10.58736
10.59787
10.59324
10.60394
10.59909
10.61
10.6051
10.61599
10.61221
10.62205
10.61804
10.62808
10.62385
10.63411
10.62972
10.64015
10.63565
10.64619
10.64155
10.65224
10.64749
10.65836
10.65349
10.66442
10.65938
10.67049
10.66528
10.67653
10.67119
10.68264
10.67714
10.68877
10.68302
10.69486
10.68895
10.70094
10.69493
10.70706
10.70085
10.71311
10.7068
10.71919
10.7127
10.72525
10.71861
10.73134
10.72453
10.73738
10.73048
10.74342
10.73637
10.7495
10.74227
10.75546
10.74825
10.76155
10.75416
10.76769
10.7601
10.7737
10.76618
10.77975
10.77204
10.78584
10.77797
10.79312
10.7839
10.79924
10.78977
10.80532
10.79576
10.81256
10.80163
10.81862
10.80758
10.82469
10.81357
10.8308
10.81949
10.83686
10.82554
10.84299
10.83151
10.84906
10.83748
10.85512
10.84339
10.86122
10.84941
10.86729
10.85534
10.87338
10.86131
10.87942
10.8674
10.88547
10.87336
10.89153
10.87935
10.89758
10.88528
10.90365
10.8913
10.90972
10.89845
10.91579
10.9044
10.92189
10.91043
10.92795
10.91631
10.93399
10.92222
10.94005
10.9283
10.94613
10.93428
10.95219
10.94028
10.95828
10.94625
10.96437
10.95216
10.97041
10.95809
10.97649
10.96402
10.9826
10.96998
10.98869
10.97587
10.99478
10.98191
11.00085
10.98788
11.0069
10.99382
11.01304
10.99981
11.0191
11.0058
11.02515
11.01178
11.03124
11.01778
11.03731
11.0238
11.04343
11.03104
11.04953
11.03704
11.05564
11.0431
11.06171
11.04902
11.06777
11.05503
11.07393
11.06102
11.0812
11.06707
11.08728
11.07312
11.09338
11.07916
11.09948
11.08513
11.10556
11.09117
11.1116
11.09723
11.11772
11.10326
11.12382
11.10925
11.12996
11.11528
11.13614
11.12136
11.14225
11.12725
11.14842
11.13339
11.15453
11.13936
11.1606
11.1455
11.16657
11.15152
11.17279
11.15757
11.17887
11.16368
11.18504
11.16978
11.1912
11.17572
11.19732
11.18187
11.20337
11.18793
11.20953
11.19401
11.21557
11.20127
11.22158
11.20733
11.22774
11.2133
11.23379
11.21939
11.23986
11.22537
11.24601
11.23152
11.25213
11.23755
11.25954
11.2436
11.26565
11.24979
11.27186
11.25599
11.27804
11.26218
11.28421
11.26831
11.29028
11.27435
11.29636
11.28049
11.30243
11.28664
11.3085
11.29262
11.31474
11.29862
11.32094
11.30601
11.32715
11.31218
11.33336
11.31822
11.33955
11.32442
11.34562
11.33053
11.3517
11.33649
11.35785
11.34278
11.36407
11.34895
11.37036
11.35494
11.37648
11.36118
11.38264
11.36745
11.38897
11.37359
11.39529
11.37953
11.40152
11.38551
11.40782
11.39173
11.41408
11.39793
11.42038
11.40395
11.42656
11.41023
11.43284
11.41649
11.43896
11.42264
11.44526
11.42891
11.45152
11.43514
11.45783
11.44132
11.46392
11.44758
11.47003
11.45375
11.47613
11.45973
11.4823
11.46603
11.48869
11.47229
11.49483
11.47857
11.50118
11.49842
11.50729
11.5045
11.5136
11.51067
11.51972
11.51703
11.52582
11.52336
11.53195
11.52942
11.53803
11.53563
11.54423
11.54188
11.55036
11.54816
11.55672
11.55443
11.56297
11.5605
11.56933
11.56681
11.57566
11.57292
11.58207
11.57906
11.58844
11.58518
11.59471
11.59159
11.60113
11.59782
11.6075
11.60418
11.61389
11.61049
11.6203
11.61672
11.62671
11.62309
11.63317
11.63062
11.63962
11.637
11.64608
11.64334
11.65261
11.6497
11.65909
11.65607
11.66562
11.66242
11.67211
11.66875
11.67865
11.6751
11.6851
11.68149
11.69166
11.68792
11.69808
11.69439
11.70462
11.70084
11.71114
11.7073
11.71775
11.71375
11.7244
11.72025
11.731
11.72669
11.73765
11.73324
11.74425
11.73979
11.75093
11.74625
11.75757
11.75277
11.76428
11.75924
11.77094
11.76577
11.77762
11.77236
11.78426
11.77898
11.79095
11.78557
11.79767
11.79224
11.8044
11.7989
11.81113
11.80555
11.81785
11.81216
11.82457
11.81879
11.8313
11.82549
11.83802
11.83333
11.84474
11.83996
11.85147
11.84661
11.8582
11.85334
11.86613
11.86007
11.87285
11.86681
11.87958
11.87354
11.88631
11.88027
11.89305
11.887
11.89977
11.89373
11.90771
11.90044
11.91444
11.90713
11.92117
11.91387
11.9279
11.9206
11.93463
11.92732
11.94135
11.93405
11.94808
11.94078
11.9548
11.94751
11.96153
11.95424
11.96826
11.96097
11.97499
11.9677
11.98172
11.97444
11.98845
11.98117
11.99518
11.9879
12.00191
11.99463
12.00864
12.00136
12.01536
12.00809
12.02209
12.01482
12.02882
12.02155
12.03555
12.02828
12.04227
12.03501
12.049
12.04174
12.05573
12.04847
12.06246
12.05521
12.06919
12.06194
12.07592
12.06867
12.08265
12.0754
12.08938
12.08213
12.09611
12.08886
12.10284
12.0956
12.10957
12.10232
12.1163
12.10905
12.12303
12.11578
12.12976
12.12251
12.13649
12.12924
12.14323
12.13597
12.14996
12.1427
12.15669
12.14944
12.16343
12.15617
12.17016
12.1629
12.1769
12.16963
12.18363
12.17636
12.19036
12.18309
12.19709
12.18982
12.20383
12.19656
12.21056
12.20328
12.21729
12.21001
12.22402
12.21674
12.23075
12.22348
12.23748
12.23021
12.24422
12.23694
12.25095
12.24367
12.25768
12.2504
12.26441
12.25713
12.27114
12.26385
12.27787
12.27059
12.2846
12.27732
12.29133
12.28405
12.29806
12.29078
12.30478
12.29751
12.31152
12.30424
12.31825
12.31097
12.32498
12.3177
12.33171
12.32443
12.33844
12.33116
12.34517
12.3379
12.35191
12.34463
12.35864
12.35136
12.36537
12.35809
12.3721
12.36482
12.37883
12.37155
12.38555
12.37828
12.39228
12.38501
12.399
12.39174
12.40573
12.39847
12.41245
12.4052
12.41918
12.41193
12.42591
12.41866
12.43263
12.42539
12.43936
12.43212
12.4461
12.43884
12.45283
12.44557
12.45956
12.4523
12.46629
12.45903
12.47302
12.46576
12.47975
12.47248
12.48648
12.47921
12.49321
12.48594
12.49994
12.49266
12.50666
12.49939
12.51339
12.50612
12.52012
12.51285
12.52685
12.51958
12.53357
12.52631
12.5403
12.53303
12.54703
12.53975
12.55376
12.54648
12.56049
12.55321
12.56723
12.55993
12.57396
12.56666
12.58069
12.57339
12.58742
12.58012
12.59415
12.58685
12.60087
12.59357
12.60761
12.6003
12.61434
12.60703
12.62107
12.61376
12.6278
12.62049
12.63453
12.62722
12.64126
12.63396
12.64799
12.64069
12.65473
12.64742
12.66146
12.65415
12.66819
12.66088
12.67492
12.66761
12.68165
12.67435
12.68838
12.68108
12.69511
12.68782
12.70184
12.69455
12.70857
12.70248
12.71531
12.70921
12.72204
12.71594
12.72878
12.72267
12.73551
12.72941
12.74225
12.73614
12.74898
12.74288
12.75572
12.74961
12.76245
12.75634
12.76918
12.76308
12.77591
12.76982
12.78264
12.77655
12.78937
12.78329
12.7961
12.79002
12.80283
12.79676
12.80956
12.8035
12.81629
12.81023
12.82303
12.81697
12.82977
12.8237
12.8365
12.83044
12.84324
12.83717
12.84997
12.8439
12.85671
12.85063
12.86345
12.85736
12.87018
12.86409
12.87692
12.87082
12.88366
12.87874
12.89158
12.88547
12.89831
12.89221
12.90505
12.89894
12.91179
12.90568
12.91853
12.91241
12.92526
12.91915
12.932
12.92588
12.93874
12.93262
12.94548
12.93936
12.95222
12.94609
12.95896
12.95283
12.96569
12.95957
12.97243
12.9663
12.97917
12.97304
12.9859
12.97977
12.99263
12.98651
12.99937
12.99324
13.00611
12.99997
13.01285
13.00671
13.01958
13.01344
13.02631
13.02018
13.03305
13.02692
13.03979
13.03365
13.04653
13.04039
13.05326
13.04712
13.06
13.05386
13.06674
13.0606
13.07348
13.06734
13.08022
13.07408
13.08695
13.08081
13.09369
13.08755
13.10042
13.09429
13.10716
13.10103
13.1139
13.10776
13.12064
13.1145
13.12738
13.12123
13.13531
13.12796
13.14204
13.1347
13.14878
13.14144
13.15552
13.14937
13.16226
13.15611
13.169
13.16286
13.17574
13.1696
13.18248
13.17634
13.18922
13.18308
13.19596
13.18983
13.20269
13.19657
13.20944
13.20332
13.21618
13.21006
13.22291
13.2168
13.22964
13.22355
13.23638
13.23029
13.24312
13.23703
13.24985
13.24378
13.25659
13.25052
13.26333
13.25727
13.27007
13.26401
13.27799
13.27075
13.28473
13.2775
13.29147
13.28424
13.29821
13.29098
13.30494
13.29773
13.31168
13.30447
13.31842
13.31122
13.32516
13.31796
13.3319
13.3247
13.33863
13.33144
13.34537
13.33818
13.35211
13.34492
13.35885
13.35166
13.36559
13.3584
13.37233
13.36514
13.37907
13.37189
13.38581
13.37863
13.39255
13.38537
13.39929
13.39211
13.40603
13.39886
13.41278
13.4056
13.41952
13.41234
13.42626
13.41908
13.43301
13.42582
13.43975
13.43257
13.44648
13.43932
13.45322
13.44606
13.45996
13.4528
13.46671
13.45955
13.47344
13.46629
13.48136
13.47303
13.48809
13.47978
13.49483
13.48652
13.50157
13.49445
13.50831
13.50119
13.51505
13.50793
13.52179
13.51468
13.52853
13.52142
13.53527
13.52817
13.542
13.53491
13.54874
13.54165
13.55548
13.5484
13.56221
13.55514
13.56895
13.56189
13.57569
13.56863
13.58243
13.57537
13.58916
13.58211
13.5959
13.58885
13.60264
13.5956
13.60938
13.60234
13.61612
13.60908
13.62286
13.61582
13.6296
13.62257
13.63634
13.62931
13.64307
13.63605
13.64981
13.6428
13.65654
13.64954
13.66328
13.65628
13.67001
13.66302
13.67675
13.66976
13.68348
13.67651
13.69022
13.68325
13.69696
13.68999
13.7037
13.69674
13.71043
13.70348
13.71717
13.71022
13.72391
13.71696
13.73065
13.7237
13.73739
13.73045
13.74412
13.73719
13.75087
13.74393
13.7576
13.75067
13.76434
13.75741
13.77108
13.76415
13.77782
13.77089
13.78456
13.77763
13.79129
13.78437
13.79803
13.79111
13.80477
13.79784
13.8115
13.80459
13.81824
13.81133
13.82498
13.81807
13.83172
13.82481
13.83846
13.83155
13.8452
13.83829
13.85193
13.84503
13.85868
13.85178
13.86541
13.85853
13.87215
13.86527
13.87889
13.87201
13.88563
13.87876
13.89237
13.8855
13.89911
13.89224
13.90585
13.89898
13.91259
13.90573
13.91932
13.91247
13.92606
13.91921
13.9328
13.92596
13.93954
13.9327
13.94627
13.93944
13.95301
13.94618
13.95974
13.95412
13.96648
13.96085
13.97321
13.96759
13.97995
13.97433
13.98669
13.98106
13.99342
13.98901
14.00016
13.99574
14.0069
14.00248
14.01363
14.00921
14.02037
14.01595
14.0271
14.02268
14.03384
14.02942
14.04057
14.03615
14.04731
14.04289
14.05405
14.04962
14.06079
14.05636
14.06752
14.0631
14.07426
14.06983
14.081
14.07657
14.08774
14.08331
14.09449
14.09004
14.10124
14.09678
14.10798
14.10352
14.11472
14.11026
14.12146
14.11699
14.1282
14.12373
14.13494
14.13046
14.14168
14.1372
14.14842
14.14394
14.15515
14.15068
14.16189
14.15742
14.16863
14.16416
14.17536
14.1709
14.1821
14.17764
14.18884
14.18438
14.19557
14.19112
14.20231
14.19786
14.20905
14.20459
14.21578
14.21133
14.22252
14.21807
14.22925
14.22481
14.23599
14.23155
14.24272
14.23829
14.24945
14.24503
14.25618
14.25177
14.26292
14.25851
14.26965
14.26525
14.27639
14.27199
14.28312
14.27873
14.28986
14.28546
14.29659
14.2922
14.30332
14.29894
14.31006
14.30567
14.3168
14.31241
14.32354
14.31915
14.33027
14.32588
14.337
14.33262
14.34374
14.33935
14.35048
14.34609
14.35722
14.35282
14.36396
14.35956
14.3707
14.3663
14.37744
14.37304
14.38418
14.37978
14.39092
14.38652
14.39766
14.39326
14.40439
14.4
14.41113
14.40674
14.41787
14.41348
14.42461
14.42022
14.43135
14.42696
14.43809
14.4337
14.44483
14.44044
14.45158
14.44718
14.45831
14.45391
14.46506
14.46065
14.47179
14.46739
14.47854
14.47412
14.48528
14.48086
14.49202
14.4876
14.49876
14.49433
14.5055
14.50107
14.51224
14.50781
14.51899
14.51455
14.52573
14.52129
14.53248
14.52803
14.53922
14.53477
14.54596
14.54151
14.55271
14.54825
14.55945
14.55499
14.56619
14.56173
14.57294
14.56846
14.58088
14.5752
14.58762
14.58194
14.59436
14.58867
14.6011
14.59542
14.60785
14.60215
14.61458
14.60889
14.62132
14.61563
14.62806
14.62236
14.6348
14.6291
14.64154
14.63584
14.64828
14.64257
14.65502
14.64931
14.66176
14.65605
14.6685
14.66278
14.67524
14.66952
14.68198
14.67625
14.68873
14.683
14.69547
14.68974
14.70221
14.69648
14.70896
14.70321
14.7157
14.70995
14.72245
14.71669
14.72919
14.72343
14.73593
14.73017
14.74268
14.73691
14.74942
14.74365
14.75616
14.75039
14.76291
14.75713
14.76965
14.76387
14.77639
14.77061
14.78312
14.77735
14.78986
14.78409
14.79661
14.79083
14.80335
14.79757
14.8101
14.80431
14.81684
14.81105
14.82358
14.8178
14.83032
14.82454
14.83706
14.83247
14.8438
14.83921
14.85054
14.84596
14.85729
14.8527
14.86525
14.85945
14.87199
14.86619
14.87874
14.87293
14.88549
14.87967
14.89222
14.88642
14.89896
14.89316
14.90571
14.8999
14.91246
14.91282
14.9192
14.91955
14.92594
14.92629
14.93268
14.93304
14.93943
14.93978
14.94985
14.94652
14.95658
14.95327
14.96333
14.96001
14.97007
14.96675
14.97681
14.9735
14.98355
14.98394
14.99029
14.99068
14.99702
14.99742
15.00746
15.00417
15.01419
15.01091
15.02092
15.01752
15.02766
15.02427
15.03809
15.03101
15.04482
15.03776
15.05156
15.04451
15.0583
15.05125
15.06504
15.05799
15.07178
15.06841
15.07852
15.07512
15.08525
15.08187
15.09317
15.08861
15.10112
15.09536
15.10785
15.1021
15.11459
15.10884
15.12133
15.11558
15.12807
15.12354
15.13478
15.13026
15.14152
15.13701
15.14826
15.14375
15.155
15.15049
15.16296
15.15724
15.1697
15.16518
15.17644
15.17192
15.18318
15.17867
15.18993
15.18541
15.19787
15.19215
15.20461
15.19889
15.21136
15.20563
15.21811
15.21235
15.22485
15.21909
15.2316
15.22583
15.23834
15.23257
15.24509
15.23931
15.25183
15.24605
15.25859
15.2528
15.26534
15.25954
15.27209
15.26628
15.27883
15.27303
15.28558
15.27977
15.29353
15.28652
15.30147
15.29326
15.30822
15.3
15.31497
15.30674
15.32172
15.31348
15.32846
15.32023
15.33521
15.32697
15.34196
15.33372
15.35151
15.34046
15.35946
15.34721
15.36621
15.35395
15.37296
15.36438
15.37971
15.37112
15.38647
15.37786
15.39692
15.3858
15.40367
15.3925
15.41041
15.3992
15.41717
15.40586
15.4239
15.41371
15.4359
15.42041
15.44255
15.43
15.44921
15.43674
15.45581
15.44349
15.46246
15.45024
15.4704
15.45698
15.47715
15.46372
15.4839
15.47167
15.49065
15.47841
15.4986
15.48515
15.50534
15.49189
15.51209
15.49864
15.51885
15.50538
15.52559
15.51332
15.53235
15.52006
15.5391
15.5268
15.54585
15.53355
15.5526
15.5403
15.55935
15.54705
15.56728
15.55379
15.57403
15.56054
15.58077
15.56728
15.58752
15.57403
15.59426
15.58197
15.60101
15.58872
15.61145
15.59546
15.6182
15.60221
15.62495
15.61017
15.63538
15.61812
15.64213
15.62598
15.64888
15.63392
15.66426
15.64067
15.67101
15.64742
15.67776
15.65418
15.68451
15.66712
15.70225
15.67387
15.70873
15.68341
15.71523
15.69137
15.72174
15.69812
15.72936
15.70477
15.73944
15.71126
15.74565
15.72642
15.75193
15.73283
15.75812
15.73929
15.77466
15.74562
15.78082
15.7519
15.78692
15.75825
15.79301
15.76569
15.80027
15.77196
15.80635
15.77818
15.81241
15.78449
15.81848
15.79182
15.82456
15.79796
15.83058
15.80409
15.84025
15.81633
15.84622
15.82234
15.85222
15.82839
15.86685
15.83558
15.87279
15.84527
15.87875
15.8541
15.89087
15.86015
15.89676
15.86615
15.90267
15.87221
15.90984
15.87825
15.91579
15.89042
15.92175
15.8965
15.93554
15.90256
15.9416
15.90855
15.94771
15.91573
15.95758
15.92299
15.96486
15.95939
15.97213
15.97276
15.98184
15.9873
15.989
15.99704
15.99493
16.01562
16.00083
16.02156
16.01284
16.02748
16.0187
16.03714
16.02449
16.04304
16.03885
16.04894
16.05565
16.056
16.06131
16.06184
16.07567
16.06768
16.08131
16.07354
16.08694
16.07935
16.09254
16.08633
16.09811
16.09502
16.11251
16.10088
16.11809
16.10675
16.1237
16.1126
16.13298
16.11847
16.1386
16.12556
16.14422
16.13268
16.15602
16.13852
16.16167
16.14444
16.1673
16.15156
16.18913
16.15871
16.21263
16.16582
16.2183
16.17303
16.22394
16.18685
16.2448
16.23289
16.25165
16.23884
16.25728
16.25335
16.26291
16.25914
16.26855
16.26493
16.2742
16.27439
16.27987
16.28019
16.29176
16.28598
16.29867
16.30127
16.30807
16.30705
16.31751
16.32488
16.32322
16.33201
16.33013
16.33787
16.33706
16.34654
16.35058
16.35365
16.35629
16.37905
16.36201
16.39085
16.37642
16.43149
16.38333
16.43746
16.389
16.44345
16.39471
16.44941
16.40911
16.45537
16.41482
16.46248
16.42053
16.47218
16.42623
16.4794
16.43194
16.48662
16.44135
16.49388
16.44708
16.49989
16.46394
16.50592
16.46964
16.51723
16.47532
16.52688
16.49615
16.53568
16.50183
16.54292
16.50748
16.55449
16.52375
16.56041
16.52942
16.56627
16.53507
16.57339
16.54938
16.58743
16.56363
16.59603
16.56922
16.60182
16.58843
16.60756
16.59397
16.6219
16.59955
16.62763
16.62129
16.63336
16.62813
16.65279
16.65242
16.66227
16.66183
16.67166
16.67124
16.67952
16.6848
16.68646
16.69058
16.69341
16.69638
16.70787
16.70592
16.71485
16.713
16.72436
16.72257
16.76707
16.73215
16.77897
16.74174
16.79612
16.74883
16.80209
16.76501
16.80808
16.77093
16.82024
16.77684
16.82621
16.79641
16.83222
16.8023
16.85097
16.80816
16.85983
16.82771
16.87707
16.8448
16.88434
16.8507
16.90162
16.85662
16.90774
16.87886
16.91389
16.88498
16.93126
16.89111
16.9375
16.911
16.94374
16.91716
16.95864
16.92333
16.96616
16.94116
16.99085
16.94716
17.00054
16.95313
17.01014
16.96763
17.02867
16.97341
17.03555
16.97912
17.0517
17.00085
17.06097
17.00763
17.07697
17.03094
17.0887
17.03646
17.09422
17.04196
17.09976
17.05368
17.1065
17.06039
17.11325
17.07958
17.1225
17.0888
17.13744
17.09724
17.14307
17.11646
17.17133
17.12584
17.18237
17.13523
17.18931
17.14466
17.19878
17.15407
17.2058
17.17354
17.22282
17.17927
17.22983
17.18504
17.2394
17.20198
17.25645
17.20777
17.27785
17.21351
17.28374
17.2305
17.3043
17.23743
17.31138
17.27191
17.36401
17.2966
17.38863
17.30349
17.41071
17.33027
17.41661
17.33716
17.42254
17.34282
17.44125
17.34851
17.44715
17.36533
17.4642
17.37102
17.4701
17.37673
17.47594
17.39871
17.48544
17.40558
17.49249
17.43491
17.51198
17.46339
17.54314
17.4847
17.57089
17.49155
17.58251
17.51833
17.61441
17.55674
17.65463
17.59433
17.69337
17.62394
17.73169
17.65919
17.74096
17.66582
17.75026
17.69466
17.77623
17.70003
17.78382
17.70542
17.80512
17.73951
17.8106
17.74614
17.81608
17.77529
17.84784
17.78276
17.86857
17.81692
17.87783
17.82244
17.89456
17.82798
17.9001
17.85947
17.97624
17.88833
18.003
17.89382
18.02167
17.89929
18.05489
17.92835
18.06401
17.94405
18.08557
17.96877
18.10752
17.97416
18.11412
18.00576
18.1345
18.02898
18.13991
18.05069
18.14528
18.05605
18.1768
18.0614
18.18209
18.0898
18.18737
18.12031
18.20877
18.12671
18.21768
18.13311
18.24408
18.15705
18.25046
18.16591
18.27679
18.18697
18.28326
18.19213
18.30388
18.22512
18.31026
18.23149
18.33162
18.24535
18.33681
18.25054
18.34482
18.26445
18.36555
18.26966
18.37452
18.2749
18.40103
18.29778
18.40997
18.33639
18.44473
18.37454
18.47004
18.4026
18.47886
18.41144
18.48521
18.43753
18.50156
18.4455
18.50794
18.45434
18.54588
18.4756
18.55223
18.48195
18.57608
18.50077
18.58242
18.50592
18.58877
18.52034
18.60425
18.52668
18.6106
18.53554
18.62697
18.5617
18.64732
18.58686
18.65251
18.59206
18.65772
18.62349
18.67438
18.64305
18.67961
18.65205
18.68485
18.67598
18.70631
18.70131
18.74471
18.73714
18.78308
18.76073
18.81286
18.78488
18.84382
18.79031
18.85205
18.82109
18.88165
18.83009
18.8881
18.86777
18.92111
18.89806
18.95501
18.93481
18.96138
18.96156
18.99029
18.96791
18.99916
18.98982
19.02681
18.99617
19.03432
19.03384
19.05685
19.0635
19.08664
19.07234
19.10464
19.10367
19.12995
19.12
19.15006
19.15034
19.18408
19.15549
19.21738
19.18648
19.22637
19.21196
19.25656
19.24676
19.28858
19.27817
19.31948
19.28515
19.32483
19.32059
19.37342
19.34337
19.38001
19.34867
19.40486
19.38767
19.43147
19.42421
19.45585
19.45579
19.48598
19.46484
19.52291
19.50168
19.56034
19.50829
19.56589
19.54666
19.59516
19.58553
19.61696
19.62084
19.65553
19.65511
19.7053
19.69403
19.71467
19.72427
19.741
19.75797
19.76932
19.77798
19.80616
19.79748
19.83282
19.80658
19.86449
19.82817
19.88618
19.85734
19.90611
19.88877
19.91165
19.91188
19.92607
19.94288
19.94261
19.97366
19.97094
20.00468
20.00439
20.01008
20.02034
20.01548
20.02589
20.05199
20.05224
20.08959
20.1233
20.1246
20.15163
20.15869
20.17242
20.19596
20.20431
20.22669
20.25182
20.2608
20.28939
20.29361
20.32075
20.32967
20.35372
20.36297
20.40304
20.37119
20.40851
20.40771
20.43957
20.43406
20.45491
20.46789
20.47691
20.47442
20.51327
20.50443
20.56082
20.52508
20.5941
20.56206
20.6275
20.59602
20.66157
20.62235
20.66715
20.62895
20.67272
20.66478
20.70118
20.70133
20.72482
20.7381
20.75897
20.77531
20.82901
20.80667
20.83852
20.81576
20.87175
20.84711
20.8786
20.88609
20.91423
20.91992
20.93607
20.95895
20.9851
20.99453
20.99186
21.02774
21.04531
21.05521
21.07017
21.06423
21.07927
21.09834
21.105
21.13677
21.13832
21.17475
21.22264
21.21004
21.25193
21.24439
21.29198
21.27379
21.32172
21.2974
21.33627
21.3042
21.36358
21.34088
21.40914
21.35883
21.41895
21.36437
21.43745
21.36988
21.45317
21.39409
21.46281
21.41897
21.48652
21.44575
21.49609
21.48349
21.52562
21.51391
21.59418
21.52051
21.61997
21.55667
21.65937
21.59577
21.68739
21.62218
21.71087
21.65665
21.72022
21.68694
21.76025
21.71776
21.78627
21.7548
21.80678
21.7879
21.84745
21.81481
21.86848
21.85112
21.89033
21.86014
21.91621
21.8903
21.92521
21.91553
21.9534
21.95167
21.99051
21.9902
21.99736
22.02502
22.02577
22.06064
22.06841
22.09265
22.13827
22.12819
22.18482
22.16107
22.20715
22.1869
22.24035
22.1952
22.27275
22.22466
22.30747
22.26053
22.35462
22.29498
22.38926
22.33246
22.42186
22.3656
22.46081
22.39456
22.4939
22.40256
22.49938
22.43847
22.50482
22.47142
22.54114
22.4989
22.57199
22.50787
22.59785
22.54118
22.62702
22.57307
22.63606
22.60831
22.67325
22.64434
22.70644
22.6786
22.73933
22.71512
22.77243
22.74891
22.81166
22.78042
22.84825
22.78694
22.88832
22.82201
22.92345
22.83095
22.95962
22.87005
22.96871
22.89169
23.002
22.91947
23.0337
22.93892
23.05669
22.9715
23.08836
23
23.11518
23.02518
23.12427
23.0626
23.15935
23.0954
23.16739
23.12876
23.20337
23.13394
23.23445
23.16784
23.26471
23.17677
23.29656
23.19771
23.33321
23.20415
23.33975
23.2371
23.36902
23.26727
23.3987
23.29235
23.40522
23.32235
23.42651
23.32878
23.45358
23.35681
23.4835
23.38785
23.53915
23.42408
23.61829
23.46003
23.65466
23.49172
23.66256
23.5248
23.68919
23.56328
23.70849
23.5883
23.71383
23.61803
23.71916
23.65124
23.75196
23.68109
23.77033
23.71763
23.81161
23.75308
23.88351
23.78946
23.91847
23.82301
23.95711
23.85476
24.02015
23.8909
24.05425
23.92888
24.09315
23.96276
24.12882
23.99707
24.16666
24.03269
24.20403
24.06489
24.2401
24.07376
24.27411
24.10625
24.31094
24.14324
24.3359
24.17756
24.36317
24.20996
24.3855
24.23384
24.39449
24.24021
24.43247
24.27447
24.45576
24.28344
24.46364
24.30828
24.48013
24.31466
24.50674
24.34239
24.512
24.36038
24.52724
24.36929
24.53623
24.40058
24.56024
24.42626
24.60317
24.45692
24.63479
24.48553
24.65541
24.52164
24.69449
24.54155
24.72647
24.57939
24.75174
24.61559
24.78916
24.65008
24.8291
24.68528
24.86704
24.72028
24.92351
24.75304
24.95141
24.78944
24.9695
24.82135
24.97486
24.85711
25.01093
24.88848
25.04455
24.91941
25.07169
24.9527
25.07703
24.9591
25.08236
24.991
25.12048
25.02286
25.15368
25.02805
25.1855
25.03323
25.22165
25.07008
25.25949
25.10382
25.29443
25.128
25.32407
25.1344
25.36036
25.16204
25.39459
25.16845
25.42797
25.30449
25.46364
25.32287
25.4873
25.32935
25.52282
25.36271
25.55666
25.38857
25.59469
25.41391
25.62122
25.44348
25.63035
25.46631
25.65977
25.47156
25.67847
25.47682
25.70998
25.50481
25.74263
25.51002
25.77276
25.51522
25.78083
25.54413
25.81579
25.57894
25.85459
25.60577
25.88224
25.61091
25.91282
25.61604
25.92172
25.65073
25.9297
25.65952
25.95474
25.69346
25.96363
25.71593
25.98749
25.74352
26.00873
25.77388
26.01669
25.81297
26.04076
25.82182
26.04711
25.85468
26.06016
25.85979
26.06898
25.89235
26.10045
25.92481
26.13375
25.95662
26.16452
25.96173
26.16968
25.96685
26.20274
26.00142
26.20911
26.03316
26.23649
26.06967
26.27042
26.10413
26.33417
26.11302
26.34309
26.14071
26.36567
26.14957
26.37461
26.18762
26.39604
26.22334
26.43379
26.25592
26.46778
26.29293
26.50156
26.32427
26.53915
26.33062
26.54816
26.33948
26.58475
26.37156
26.61552
26.37793
26.6444
26.40318
26.66856
26.40955
26.69943
26.44534
26.73711
26.47823
26.76105
26.48463
26.76998
26.51858
26.79856
26.54378
26.81741
26.57821
26.83887
26.6134
26.84528
26.62224
26.86916
26.65399
26.87437
26.68265
26.87957
26.6904
26.89801
26.71185
26.93436
26.71943
26.96033
26.75053
26.98289
26.78541
27.01106
26.82018
27.03077
26.84724
27.0386
26.85615
27.06844
26.88106
27.10569
26.90178
27.13536
26.92409
27.17069
26.96163
27.20594
26.99519
27.24255
27.03153
27.27228
27.06806
27.30999
27.07456
27.34599
27.11222
27.37605
27.11989
27.41133
27.14566
27.41663
27.16996
27.44121
27.18853
27.46855
27.19615
27.47754
27.22504
27.49393
27.26303
27.51414
27.27188
27.53713
27.30216
27.55776
27.31102
27.56546
27.33619
27.58566
27.36998
27.5937
27.40355
27.61807
27.42977
27.64332
27.46054
27.67914
27.46688
27.70667
27.49499
27.74179
27.52785
27.77326
27.56566
27.80559
27.60102
27.81449
27.6338
27.85156
27.66616
27.88291
27.70035
27.91874
27.73095
27.94993
27.75615
27.98452
27.77765
28.01792
27.80355
28.02438
27.80988
28.04611
27.83918
28.05421
27.86426
28.09146
27.87307
28.1166
27.90173
28.15539
27.93625
28.17307
27.96769
28.2346
27.99933
28.26662
28.03372
28.27304
28.06584
28.3068
28.08533
28.34061
28.11028
28.34827
28.11666
28.37538
28.13942
28.39669
28.14833
28.40316
28.16992
28.42027
28.17883
28.42681
28.19261
28.44573
28.20153
28.4673
28.23424
28.47632
28.24187
28.51454
28.28094
28.54086
28.31118
28.54741
28.34785
28.5774
28.37928
28.61321
28.38694
28.64858
28.42073
28.68114
28.45867
28.7151
28.4903
28.75036
28.51212
28.78421
28.54368
28.81871
28.57823
28.82781
28.6071
28.85006
28.63941
28.85549
28.67504
28.87967
28.71019
28.92208
28.74028
28.95627
28.76668
28.99022
28.79534
29.0405
28.83019
29.07472
28.85557
29.12416
28.88821
29.13921
28.9184
29.17098
28.95535
29.1783
28.98488
29.21507
29.02133
29.24422
29.05171
29.2809
29.08464
29.31637
29.11884
29.35313
29.15527
29.38713
29.18447
29.4263
29.22085
29.45611
29.2492
29.46503
29.25553
29.49386
29.28786
29.50275
29.32134
29.52904
29.35675
29.53792
29.38427
29.56649
29.39179
29.60009
29.42578
29.63158
29.45898
29.66528
29.49506
29.70276
29.52239
29.74326
29.54117
29.77949
29.57451
29.81748
29.60765
29.85041
29.63395
29.88538
29.66704
29.91733
29.67599
29.95154
29.70148
29.98057
29.73938
30.01269
29.77287
30.05133
29.81007
30.08529
29.84371
30.12061
29.87717
30.15792
29.91138
30.1877
29.94401
30.22099
29.97876
30.2571
30.01176
30.29119
30.04617
30.32359
30.07658
30.36062
30.11433
30.39724
30.15023
30.43446
30.18355
30.46862
30.21887
30.50279
30.25036
30.53855
30.2867
30.57178
30.29562
30.5806
30.33071
30.61177
30.35979
30.6207
30.39547
30.65849
30.42866
30.69297
30.46289
30.72711
30.4692
30.76358
30.50438
30.80091
30.53845
30.83707
30.56999
30.87174
30.57886
30.90925
30.61
30.93921
30.64903
30.97638
30.68428
31.01416
30.7179
31.04821
30.75297
31.08092
30.78252
31.10921
30.81525
31.11811
30.84896
31.15035
30.88798
31.15817
30.92564
31.19607
30.96304
31.23349
30.99823
31.2712
31.03226
31.30542
31.07061
31.34137
31.10554
31.37702
31.13899
31.41215
31.17597
31.44727
31.20827
31.48632
31.24108
31.52295
31.24998
31.56259
31.28365
31.59869
31.31995
31.63216
31.34993
31.66275
31.38516
31.7004
31.4206
31.73804
31.45496
31.77268
31.49079
31.8074
31.52264
31.84461
31.55585
31.87614
31.591
31.91317
31.622
31.94617
31.65878
31.98018
31.69265
32.01476
31.72047
32.05027
31.75695
32.0797
31.79448
32.08857
31.82893
32.12621
31.86314
32.16422
31.89491
32.20132
31.9026
32.23677
31.9258
32.26706
31.95869
32.30239
31.9924
32.33146
32.02706
32.36784
32.06116
32.40226
32.09482
32.43907
32.12757
32.4751
32.16338
32.50807
32.19467
32.54055
32.22736
32.5495
32.26152
32.5831
32.29485
32.61716
32.33016
32.65436
32.3623
32.6884
32.39779
32.72571
32.43452
32.76076
32.46711
32.79472
32.50051
32.8324
32.53252
32.86174
32.56512
32.89971
32.60137
32.93378
32.63526
32.96581
32.66849
32.99588
32.69711
33.03135
32.73266
33.06497
32.76243
33.10308
32.78421
33.12284
32.81286
33.13903
32.83407
33.14539
32.84038
33.16449
32.86727
33.16963
32.89405
33.19002
32.90039
33.20899
32.92197
33.21785
32.94492
33.24787
32.97738
33.27169
32.99763
33.29893
33.0242
33.34568
33.05814
33.38987
33.09209
33.42657
33.12882
33.46212
33.16157
33.49542
33.19663
33.53184
33.23158
33.565
33.26485
33.60081
33.29879
33.64136
33.33022
33.68104
33.36515
33.70314
33.39731
33.73185
33.43224
33.77244
33.46558
33.80383
33.49849
33.84763
33.53396
33.88288
33.57069
33.91748
33.60633
33.9515
33.63997
33.98292
33.67822
34.0219
33.71189
34.05463
33.74831
34.09094
33.78065
34.1268
33.81596
34.15949
33.84755
34.19183
33.8842
34.23029
33.9175
34.26368
33.95495
34.29301
33.98662
34.3206
34.02097
34.35485
34.05506
34.38978
34.09129
34.42198
34.12251
34.45962
34.12881
34.49698
34.16458
34.53339
34.19416
34.56615
34.22783
34.60224
34.26265
34.63641
34.29929
34.6688
34.32845
34.7042
34.3636
34.71304
34.39721
34.74434
34.42605
34.7532
34.45452
34.78574
34.46337
34.80952
34.49076
34.81836
34.52718
34.85307
34.55882
34.86209
34.58703
34.89527
34.62068
34.92688
34.62819
34.96507
34.65204
34.98709
34.67062
35.00618
34.69518
35.03476
34.7227
35.04111
34.729
35.06144
34.75753
35.06777
34.76634
35.10168
34.80134
35.12676
34.83225
35.13468
34.84083
35.16484
34.87455
35.17238
34.90979
35.20309
34.94241
35.21199
34.97702
35.2466
35.01041
35.2693
35.04133
35.2969
35.04644
35.32484
35.05155
35.36033
35.08538
35.39568
35.11218
35.43102
35.14677
35.46672
35.18582
35.5044
35.21902
35.53902
35.25534
35.57279
35.29303
35.60936
35.32521
35.64451
35.35592
35.67953
35.38806
35.71502
35.42555
35.74985
35.45993
35.78735
35.49467
35.81469
35.5327
35.82352
35.54156
35.86121
35.57495
35.88111
35.60435
35.90502
35.63982
35.92508
35.67249
35.93271
35.70421
35.96729
35.72019
36.00417
35.72532
36.04203
35.75414
36.07971
35.79053
36.1165
35.82471
36.15237
35.85957
36.18746
35.89662
36.22199
35.93537
36.25911
35.97186
36.2934
36.00016
36.32954
36.03258
36.36212
36.06376
36.40004
36.09557
36.43081
36.13033
36.46153
36.16444
36.49838
36.19499
36.53268
36.2285
36.56596
36.26308
36.6031
36.3004
36.63733
36.33668
36.64375
36.37456
36.67992
36.40569
36.71423
36.43817
36.74942
36.47511
36.78706
36.50582
36.82149
36.54364
36.85765
36.57693
36.89474
36.6132
36.93183
36.61835
36.96834
36.6235
37.00616
36.65715
37.04152
36.6941
37.07644
36.72738
37.11143
36.75812
37.14579
36.78823
37.18208
36.82427
37.21142
36.85805
37.24221
36.89238
37.2745
36.92915
37.28333
36.9625
37.30996
36.99879
37.31628
37.00764
37.34954
37.04229
37.37645
37.07766
37.44038
37.10696
37.47489
37.1395
37.51271
37.17663
37.54734
37.21085
37.58368
37.24608
37.62019
37.28448
37.65651
37.32095
37.69483
37.35904
37.73262
37.39419
37.76571
37.42868
37.80347
37.46419
37.83656
37.49808
37.87158
37.53222
37.90513
37.56305
37.94177
37.59698
37.97963
37.63637
38.01147
37.66791
38.04644
37.70372
38.08429
37.73876
38.15175
37.77426
38.18702
37.80823
38.22492
37.84232
38.25911
37.87838
38.29171
37.91594
38.30059
37.94719
38.33865
37.98211
38.37076
38.01165
38.4047
38.04922
38.44348
38.08686
38.47873
38.12258
38.51502
38.15945
38.5466
38.19362
38.57307
38.20247
38.61021
38.23634
38.64224
38.2709
38.67443
38.30182
38.68333
38.33974
38.71857
38.37246
38.74969
38.40432
38.785
38.44167
38.82151
38.47282
38.85822
38.48077
38.89141
38.51212
38.92797
38.54027
38.93681
38.54549
38.97245
38.5506
39.00262
38.58546
39.03634
38.61786
39.06981
38.64547
39.09873
38.67878
39.13127
38.71124
39.16786
38.73824
39.20257
38.77276
39.21145
38.80276
39.23538
38.83535
39.27225
38.87046
39.31015
38.90229
39.34768
38.9382
39.37862
38.96731
39.41347
38.99873
39.44763
39.03641
39.48211
39.07268
39.5166
39.10423
39.55444
39.14012
39.58248
39.17405
39.61816
39.21093
39.6262
39.24672
39.65783
39.27686
39.69168
39.31371
39.72652
39.34422
39.75128
39.3786
39.78477
39.40873
39.79284
39.44444
39.82939
39.47824
39.86415
39.51353
39.90318
39.54693
39.93856
39.58279
39.97349
39.61755
40.00866
39.65289
40.04279
39.66179
40.07315
39.69497
40.10841
39.72682
40.1447
39.73486
40.18114
39.77043
40.21684
39.80378
40.24918
39.83676
40.25813
39.87281
40.29298
39.90788
40.32875
39.94296
40.36606
39.97988
40.40344
40.0164
40.44139
40.05556
40.46742
40.09116
40.50447
40.12841
40.54226
40.16001
40.57843
40.19239
40.61488
40.22387
40.64947
40.26014
40.68733
40.2983
40.72237
40.33112
40.75148
40.36955
40.77512
40.40789
40.78174
40.43918
40.81986
40.47487
40.85399
40.50954
40.89191
40.54478
40.92709
40.57845
40.96591
40.60964
40.99855
40.64795
41.0307
40.68581
41.06914
40.72276
41.10704
40.75502
41.14741
40.79225
41.17655
40.82554
41.21264
40.86387
41.25183
40.89589
41.289
40.93476
41.32571
40.96943
41.36354
41.00602
41.39542
41.04284
41.43399
41.07817
41.47449
41.11518
41.51123
41.14608
41.54573
41.18396
41.58254
41.21672
41.61797
41.25244
41.65142
41.2878
41.68756
41.31897
41.72236
41.35544
41.7601
41.39367
41.79548
41.43043
41.83475
41.46474
41.84378
41.49887
41.88098
41.53566
41.91624
41.56932
41.95187
41.60258
41.98357
41.63806
42.01965
41.67498
42.05489
41.69885
42.08685
41.7077
42.12157
41.73888
42.15945
41.7817
42.19532
41.81772
42.23188
41.85062
42.2676
41.87912
42.30557
41.91386
42.33797
41.94736
42.37432
41.98352
42.41011
42.02158
42.44745
42.056
42.47797
42.09346
42.48441
42.1305
42.51753
42.13571
42.5543
42.17247
42.56074
42.20731
42.59877
42.24504
42.62233
42.27931
42.65517
42.31555
42.68883
42.35251
42.72703
42.39156
42.76608
42.43048
42.8031
42.46464
42.83831
42.49855
42.87405
42.5355
42.90847
42.57045
42.94406
42.57679
42.97959
42.61072
43.01334
42.64457
43.04778
42.68023
43.08329
42.71882
43.11202
42.7553
43.12
42.76332
43.15895
42.80219
43.19504
42.83858
43.23108
42.87395
43.26891
42.91031
43.30688
42.94741
43.34344
42.98183
43.37499
43.01505
43.4123
43.05383
43.44936
43.08927
43.48737
43.11999
43.52431
43.15422
43.55951
43.19039
43.59432
43.26118
43.63287
43.29729
43.67114
43.33242
43.70818
43.37049
43.74404
43.40741
43.75068
43.443
43.78727
43.47989
43.82676
43.51425
43.86419
43.55228
43.90017
43.58854
43.93729
43.62757
43.97401
43.66396
44.01235
43.69806
44.04987
43.73785
44.08628
43.7737
44.12452
43.80709
44.15973
43.84563
44.19733
43.88161
44.23529
43.94395
44.26791
43.95289
44.30693
43.99177
44.33934
44.03068
44.37559
44.06581
44.41161
44.10408
44.44901
44.14047
44.48746
44.17033
44.51955
44.20538
44.54995
44.24263
44.58758
44.28048
44.62471
44.31603
44.66202
44.34993
44.6965
44.3846
44.73198
44.41901
44.76593
44.45577
44.80288
44.48906
44.83804
44.52586
44.87115
44.56094
44.91019
44.59793
44.94661
44.63378
44.98364
44.66753
45.01896
44.70565
45.05474
44.73921
45.08798
44.77322
45.12326
44.80995
45.16032
44.84575
45.19423
44.87993
45.23277
44.91489
45.26917
44.94909
45.30541
44.98355
45.34042
45.0202
45.37127
45.05155
45.40726
45.07924
45.44534
45.12982
45.48143
45.16893
45.51992
45.20074
45.55608
45.23778
45.59188
45.27105
45.62757
45.3106
45.66481
45.38302
45.70133
45.41942
45.7364
45.45499
45.77193
45.49174
45.80965
45.52566
45.84492
45.56483
45.8792
45.60046
45.91827
45.63217
45.95216
45.67085
45.98034
45.70448
46.01937
45.73959
46.05996
45.77561
46.09697
45.8115
46.13403
45.85051
46.1699
45.88506
46.20514
45.92134
46.2402
45.95705
46.27731
45.99124
46.31339
46.02651
46.34616
46.05801
46.38049
46.09138
46.41841
46.15941
46.45627
46.19585
46.48535
46.23055
46.52134
46.26389
46.55656
46.30046
46.59269
46.33542
46.62708
46.37169
46.66489
46.40583
46.69857
46.44278
46.73452
46.47925
46.77126
46.51542
46.80645
46.54943
46.83945
46.58723
46.87699
46.62035
46.91348
46.65527
46.94568
46.6862
46.9802
46.71928
47.01728
46.75463
47.05547
46.79099
47.09283
46.82223
47.12688
46.86076
47.16211
46.8961
47.198
46.93304
47.23663
46.9712
47.27171
47.00135
47.30519
47.03912
47.3432
47.07291
47.37975
47.11024
47.41703
47.14762
47.45598
47.18346
47.4932
47.22125
47.53046
47.25659
47.56843
47.29274
47.60285
47.32669
47.63705
47.35938
47.67332
47.39752
47.70967
47.42848
47.74666
47.46536
47.78096
47.49953
47.81567
47.5364
47.85066
47.56072
47.8884
47.59846
47.89738
47.63733
47.93335
47.66501
47.97008
47.70048
48.0065
47.7365
48.04127
47.77216
48.08002
47.80615
48.115
47.8433
48.14873
47.87834
48.18238
47.91053
48.21721
47.9473
48.25496
47.95626
48.28882
47.99233
48.32271
48.02797
48.35641
48.06086
48.38173
48.09745
48.38811
48.13405
48.42409
48.16507
48.43048
48.20007
48.46572
48.23779
48.49421
48.27331
48.52917
48.31116
48.5606
48.34776
48.59749
48.38351
48.62934
48.41806
48.66229
48.4492
48.69576
48.48574
48.73251
48.52029
48.76875
48.5532
48.80524
48.58931
48.84164
48.62843
48.87749
48.66529
48.91656
48.70204
48.95174
48.73865
48.98914
48.77403
49.02288
48.80926
49.05724
48.84496
49.09364
48.88144
49.12898
48.91901
49.16344
48.95177
49.19987
48.98476
49.23492
49.01953
49.26867
49.05609
49.30323
49.09196
49.33775
49.13081
49.37344
49.16505
49.4124
49.20157
49.45037
49.23456
49.48485
49.26635
49.51631
49.30528
49.55387
49.34115
49.59162
49.37735
49.62853
49.41233
49.66429
49.44569
49.69784
49.48246
49.73556
49.51954
49.77345
49.55655
49.81223
49.59551
49.84983
49.6298
49.88747
49.66517
49.92503
49.70216
49.96231
49.73486
49.99944
49.77245
50.03527
49.80474
50.07047
49.84295
50.10794
49.88031
50.14441
49.91887
50.18232
49.95617
50.22318
49.98917
50.25967
50.02402
50.29776
50.0593
50.33417
50.09602
50.37217
50.13418
50.40802
50.16958
50.44198
50.20513
50.47739
50.2404
50.51222
50.27397
50.54996
50.3076
50.58785
50.34256
50.62489
50.41714
50.66356
50.454
50.69908
50.49308
50.73768
50.56388
50.77473
50.595
50.81142
50.63021
50.84753
50.66562
50.88342
50.70226
50.91944
50.73862
50.95685
50.77382
50.99459
50.80687
51.03095
50.84332
51.06585
50.87991
51.1043
50.9147
51.14026
50.95372
51.17802
50.99036
51.2141
51.02617
51.25094
51.06314
51.28785
51.09932
51.32164
51.13539
51.36008
51.17339
51.3976
51.2087
51.43523
51.24548
51.47299
51.28054
51.48059
51.31513
51.5175
51.35315
51.55476
51.39304
51.5886
51.42904
51.62633
51.46609
51.66294
51.50438
51.70048
51.54149
51.73894
51.5806
51.77728
51.61712
51.81635
51.65539
51.85543
51.68948
51.89399
51.72561
51.93132
51.76436
51.9673
51.80115
52.00346
51.83811
52.04145
51.87374
52.07437
51.90561
52.11301
51.94452
52.15058
51.9826
52.18948
52.01774
52.22615
52.05384
52.26158
52.09112
52.30177
52.13052
52.33643
52.16293
52.36974
52.20201
52.40715
52.24074
52.44319
52.27647
52.48256
52.3141
52.5189
52.34814
52.55451
52.3803
52.59101
52.41888
52.62843
52.45497
52.6674
52.49284
52.70153
52.52771
52.73708
52.56544
52.77361
52.60123
52.8092
52.63887
52.84817
52.674
52.88781
52.71254
52.92625
52.74887
52.96364
52.78793
53.00242
52.8273
53.04246
52.86242
53.07998
52.90193
53.11682
52.93889
53.15638
52.97645
53.19361
53.01438
53.23287
53.05349
53.27073
53.08851
53.30859
53.1258
53.34429
53.16051
53.38087
53.1977
53.41636
53.23308
53.45267
53.27098
53.4905
53.30975
53.52976
53.34548
53.5685
53.38185
53.60595
53.41938
53.64561
53.45744
53.68395
53.49558
53.72467
53.53069
53.76338
53.56805
53.79998
53.60451
53.83815
53.64161
53.87483
53.71067
53.91286
53.74625
53.94946
53.77828
53.98494
53.78584
54.02167
53.82249
54.05941
53.86019
54.09525
53.8938
54.13302
53.92861
54.16801
53.96778
54.20621
54.00391
54.2433
54.03836
54.27688
54.07146
54.31374
54.10917
54.35129
54.14323
54.38871
54.17963
54.42322
54.21735
54.46215
54.25255
54.49994
54.29115
54.53745
54.32958
54.57566
54.36874
54.61483
54.40277
54.65391
54.4752
54.68908
54.50999
54.728
54.54281
54.75992
54.57979
54.79752
54.61734
54.83526
54.65416
54.87239
54.69111
54.90973
54.72764
54.94608
54.76514
54.98391
54.80186
55.01984
54.83981
55.05815
54.87645
55.0964
54.90882
55.13453
54.9457
55.16788
54.98071
55.20375
55.01227
55.24442
55.04793
55.2766
55.08339
55.31435
55.11703
55.35239
55.15317
55.3867
55.18901
55.42191
55.22734
55.45977
55.26272
55.49492
55.2957
55.52733
55.33278
55.56677
55.36941
55.60169
55.40542
55.63988
55.44256
55.67634
55.47866
55.71323
55.51587
55.75067
55.55017
55.78477
55.58788
55.82115
55.62404
55.85969
55.6603
55.89844
55.69734
55.9345
55.73392
55.96987
55.77038
56.00881
55.8079
56.04645
55.84547
56.08347
55.88177
56.12146
55.91816
56.15514
55.95565
56.19037
55.9925
56.22841
56.02967
56.26735
56.06705
56.30432
56.10318
56.34349
56.13795
56.3825
56.17256
56.41907
56.20921
56.45568
56.21814
56.49355
56.25491
56.52559
56.2942
56.56466
56.32965
56.60161
56.36532
56.63662
56.40352
56.67335
56.44033
56.71255
56.47681
56.74776
56.5118
56.78702
56.54893
56.82516
56.58459
56.86188
56.62048
56.89973
56.65879
56.93816
56.69356
56.97791
56.73056
57.01311
56.76905
57.05229
56.80405
57.08863
56.84221
57.12729
56.8805
57.16456
56.91129
57.20135
56.94832
57.23716
56.98597
57.27502
57.02344
57.31337
57.05841
57.34785
57.0937
57.38388
57.13176
57.42092
57.20362
57.45977
57.24279
57.4971
57.28022
57.53453
57.31601
57.57138
57.35367
57.6093
57.39131
57.64565
57.42432
57.68487
57.45776
57.71905
57.49313
57.75777
57.53123
57.79315
57.56527
57.83107
57.60344
57.86982
57.64129
57.90932
57.67641
57.94614
57.71391
57.98143
57.75162
58.01905
57.78782
58.05776
57.82562
58.09686
57.86197
58.13405
57.89996
58.17034
57.93607
58.20845
57.97368
58.246
58.01211
58.2842
58.05031
58.3229
58.08631
58.36041
58.12187
58.39741
58.15797
58.43395
58.19558
58.47205
58.23215
58.51009
58.26758
58.54774
58.30526
58.58529
58.34249
58.62285
58.38041
58.66066
58.41738
58.69838
58.44979
58.73695
58.51668
58.77375
58.55603
58.81192
58.59385
58.84886
58.62988
58.8895
58.66587
58.92529
58.69619
58.96182
58.74177
59.00054
58.77843
59.0365
58.81425
59.07431
58.85186
59.11272
58.88794
59.15117
58.92365
59.18798
58.96425
59.22437
59.00206
59.26321
59.0427
59.3009
59.08061
59.33879
59.11779
59.37714
59.15451
59.41504
59.19321
59.45365
59.23009
59.49218
59.26537
59.52919
59.3041
59.56778
59.34242
59.60612
59.38323
59.64577
59.42118
59.68519
59.46037
59.72488
59.49679
59.76236
59.5344
59.80208
59.57492
59.83978
59.61132
59.87917
59.64881
59.91705
59.68517
59.95576
59.72287
59.99225
59.76147
60.03021
59.79802
60.06948
59.83684
60.1087
59.87305
60.14663
59.94982
60.18601
59.98861
60.22472
60.02414
60.26341
60.06452
60.30303
60.10351
60.34227
60.1444
60.38271
60.18018
60.42213
60.21849
60.46092
60.25706
60.50021
60.29607
60.53878
60.33245
60.57847
60.36926
60.61344
60.40439
60.65196
60.44031
60.68976
60.47904
60.72751
60.5173
60.76414
60.55489
60.80067
60.59288
60.83767
60.63052
60.87665
60.66968
60.91463
60.70983
60.95299
60.74808
60.99123
60.78452
61.02978
60.81932
61.0672
60.85365
61.10309
60.88924
61.13902
60.9245
61.17767
60.96181
61.21507
60.99854
61.25421
61.03762
61.29186
61.07599
61.33118
61.11394
61.36859
61.15239
61.40768
61.18912
61.44468
61.22589
61.48101
61.25955
61.51876
61.29686
61.55632
61.33231
61.59407
61.36882
61.63032
61.40705
61.66751
61.44613
61.7058
61.4813
61.74489
61.51851
61.7827
61.55495
61.82177
61.59143
61.85643
61.62859
61.89555
61.6677
61.93312
61.70647
61.97233
61.74453
62.01114
61.78253
62.05036
61.82208
62.08963
61.86006
62.12824
61.8973
62.16647
61.9324
62.2039
61.96526
62.24013
62.00355
62.27679
62.0433
62.31339
62.07832
62.33906
62.11569
62.37474
62.15434
62.40493
62.19209
62.44147
62.23103
62.476
62.26123
62.51273
62.29681
62.54676
62.33396
62.58514
62.36889
62.62104
62.40712
62.65799
62.44333
62.6953
62.4818
62.73475
62.51839
62.77349
62.55557
62.81078
62.59363
62.84891
62.62918
62.8869
62.66586
62.92303
62.70391
62.9597
62.74193
62.99717
62.78033
63.0348
62.82031
63.07477
62.85739
63.11309
62.89485
63.15081
62.93225
63.18961
62.97216
63.2277
63.01006
63.26694
63.04929
63.30747
63.0848
63.34385
63.12416
63.38329
63.16357
63.42267
63.20088
63.46365
63.24186
63.50219
63.2784
63.54002
63.31513
63.57669
63.35329
63.61557
63.39246
63.65609
63.4309
63.69537
63.47044
63.73433
63.50686
63.77358
63.54681
63.81256
63.58508
63.85095
63.62115
63.89008
63.65893
63.92819
63.69645
63.96586
63.73478
64.00505
63.77275
64.04286
63.81158
64.08099
63.84941
64.12019
63.88631
64.15931
63.91994
64.19488
63.95816
64.23122
63.99284
64.26846
64.0319
64.30627
64.06795
64.34104
64.10411
64.37911
64.13744
64.41654
64.17652
64.45396
64.21573
64.49333
64.25138
64.53118
64.28622
64.56746
64.32478
64.6055
64.35946
64.64342
64.39688
64.68042
64.43394
64.72054
64.47366
64.75976
64.51146
64.79884
64.54905
64.83812
64.58836
64.87498
64.62611
64.91296
64.66478
64.94911
64.69969
64.9901
64.74008
65.02841
64.77621
65.06624
64.81366
65.10547
64.85082
65.14623
64.89088
65.18398
64.92861
65.22243
64.96773
65.2614
65.00542
65.29942
65.04408
65.33862
65.08077
65.37656
65.11747
65.41103
65.15533
65.45006
65.22609
65.48818
65.26383
65.52689
65.30089
65.56542
65.3398
65.60329
65.38057
65.64404
65.41953
65.68312
65.45589
65.72179
65.4911
65.75814
65.52073
65.79338
65.55709
65.82986
65.5927
65.86887
65.63105
65.90627
65.66965
65.94536
65.70909
65.9827
65.74705
66.02076
65.78587
66.05888
65.82481
66.09715
65.85947
66.13595
65.89567
66.17155
65.93379
66.20854
65.9702
66.24699
66.00826
66.28499
66.04707
66.32285
66.0862
66.36204
66.12277
66.39983
66.1609
66.43613
66.19788
66.47491
66.23299
66.51257
66.27218
66.55208
66.34784
66.59115
66.38596
66.63033
66.42362
66.66905
66.46187
66.7071
66.49876
66.74443
66.53638
66.78174
66.57568
66.82042
66.61222
66.85833
66.65285
66.89928
66.69106
66.93861
66.73104
66.97849
66.76892
67.01572
66.807
67.05373
66.84566
67.08963
66.88526
67.13058
66.92378
67.16647
66.96136
67.20593
67.00066
67.24517
67.03853
67.28439
67.07652
67.32473
67.11567
67.36361
67.15479
67.40202
67.1925
67.44028
67.22993
67.47897
67.26863
67.51489
67.30646
67.55391
67.34509
67.59307
67.38468
67.633
67.42201
67.67094
67.46149
67.71063
67.49957
67.74869
67.53812
67.78716
67.57542
67.82364
67.61324
67.86147
67.65002
67.89951
67.68793
67.93802
67.72713
67.97881
67.76471
68.01581
67.80378
68.05667
67.84292
68.09486
67.88139
68.1341
67.91893
68.17337
67.95981
68.21038
67.99545
68.24783
68.03439
68.28713
68.07494
68.32796
68.10937
68.36469
68.14774
68.40383
68.18693
68.44268
68.22429
68.48038
68.26354
68.51971
68.30219
68.55641
68.3391
68.59402
68.37589
68.63504
68.41467
68.67414
68.45294
68.71319
68.49043
68.75031
68.52631
68.78912
68.56319
68.82431
68.60013
68.86316
68.63927
68.90183
68.67463
68.9384
68.7154
68.97922
68.75161
69.01595
68.78857
69.05437
68.82669
69.09228
68.86576
69.13017
68.90487
69.167
68.94023
69.2053
68.9794
69.244
69.01868
69.28178
69.0519
69.31989
69.09126
69.35928
69.12962
69.39909
69.16855
69.43846
69.20734
69.47946
69.24618
69.5175
69.28397
69.55726
69.32333
69.59677
69.36266
69.63634
69.40247
69.67432
69.43967
69.71493
69.4809
69.75455
69.52036
69.7959
69.56059
69.83544
69.60011
69.87489
69.63991
69.91597
69.67931
69.95551
69.7178
69.99508
69.75702
70.03426
69.79615
70.07363
69.83549
70.11215
69.87482
70.15311
69.91541
70.19241
69.95467
70.23164
69.99319
70.27093
70.03236
70.31014
70.07149
70.34939
70.11086
70.38711
70.15118
70.42581
70.19043
70.46512
70.22978
70.50307
70.269
70.54144
70.30689
70.57976
70.34427
70.61774
70.38148
70.65558
70.4173
70.69455
70.45641
70.7343
70.49572
70.76873
70.53427
70.80916
70.57074
70.84597
70.60854
70.88426
70.64731
70.92216
70.68533
70.96305
70.72553
71.00042
70.76457
71.03857
70.80011
71.07701
70.83852
71.11535
70.87653
71.15295
70.91422
71.19012
70.95177
71.22811
70.99063
71.26659
71.02692
71.30603
71.0599
71.3344
71.09756
71.3698
71.13682
71.40752
71.17301
71.44277
71.20762
71.4772
71.24674
71.51525
71.28418
71.5522
71.32179
71.59113
71.35765
71.62973
71.39403
71.66761
71.42923
71.70528
71.46833
71.74603
71.50639
71.78352
71.54388
71.82004
71.58263
71.85863
71.61968
71.89576
71.65646
71.93455
71.69569
71.97229
71.72977
72.01157
71.76907
72.05099
71.81013
72.0904
71.84959
72.12925
71.88954
72.16527
71.9278
72.20489
71.96767
72.24598
72.0048
72.28542
72.04572
72.32418
72.08327
72.36354
72.12127
72.40457
72.16085
72.44326
72.2002
72.48244
72.23901
72.52102
72.27728
72.55846
72.31593
72.59742
72.35478
72.63582
72.39424
72.67446
72.43362
72.71552
72.47186
72.75508
72.51115
72.79363
72.54884
72.83177
72.58575
72.87034
72.62478
72.90784
72.66294
72.94697
72.70042
72.98596
72.73969
73.02223
72.7755
73.06033
72.81566
73.09827
72.8541
73.13909
72.89255
73.17638
72.92829
73.21289
72.96651
73.25204
73.00571
73.29034
73.0451
73.3293
73.08202
73.36742
73.12121
73.40373
73.15972
73.44312
73.19898
73.48379
73.23695
73.52232
73.27421
73.56134
73.31232
73.60027
73.35005
73.63812
73.3877
73.67736
73.42559
73.71657
73.46289
73.75338
73.50057
73.79272
73.57666
73.83183
73.61581
73.87117
73.65539
73.91096
73.69347
73.94801
73.73155
73.98714
73.76785
74.02593
73.80721
74.06683
73.84296
74.10226
73.88127
74.14083
73.91946
74.17847
73.95703
74.21712
73.99487
74.25626
74.03397
74.29488
74.07096
74.33202
74.10985
74.37092
74.14522
74.40939
74.18236
74.44735
74.21924
74.48431
74.25839
74.52254
74.29688
74.56175
74.33611
74.60107
74.37611
74.64104
74.41511
74.68001
74.45383
74.71949
74.49332
74.75783
74.52975
74.79774
74.56973
74.8342
74.60887
74.87339
74.64906
74.91352
74.68706
74.95253
74.72623
74.98823
74.76527
75.02724
74.80097
75.06581
74.83881
75.1017
74.8775
75.14086
74.9132
75.18011
74.95229
75.21761
74.9925
75.25533
75.03117
75.29505
75.06704
75.33324
75.10629
75.37042
75.14454
75.40734
75.18166
75.44533
75.22018
75.48411
75.25695
75.52202
75.33302
75.56199
75.37099
75.60069
75.40944
75.63992
75.44724
75.67867
75.48528
75.71677
75.5219
75.75225
75.56023
75.79013
75.59864
75.82822
75.63566
75.86698
75.67285
75.90295
75.70919
75.94185
75.74842
75.98113
75.78762
76.02026
75.82483
76.05877
75.86163
76.09449
75.89902
76.12933
75.93601
76.16834
75.97431
76.20644
76.01363
76.24538
76.05225
76.28371
76.08899
76.32198
76.1282
76.36097
76.16675
76.39933
76.20285
76.4386
76.23993
76.47787
76.27856
76.51623
76.31785
76.55547
76.35434
76.59357
76.39072
76.63171
76.46828
76.67102
76.50655
76.71032
76.54561
76.74606
76.58305
76.78516
76.61897
76.82427
76.65545
76.8613
76.69325
76.89871
76.73132
76.93455
76.76759
76.97266
76.80675
77.01037
76.84392
77.04958
76.88423
77.08875
76.92252
77.12589
76.9606
77.16525
76.99836
77.20432
77.03584
77.24146
77.07473
77.27943
77.11298
77.31856
77.1506
77.35647
77.18862
77.39315
77.22756
77.43237
77.266
77.47092
77.30268
77.5097
77.34165
77.54847
77.37923
77.58665
77.4186
77.62582
77.45724
77.66499
77.49552
77.703
77.53426
77.74252
77.57349
77.78167
77.61156
77.82001
77.6518
77.85788
77.69111
77.899
77.73151
77.93832
77.77084
77.97753
77.80896
78.01568
77.84694
78.05388
77.88459
78.0922
77.92265
78.13098
77.96261
78.16846
78.00111
78.2081
78.04053
78.24767
78.11875
78.28719
78.15846
78.32832
78.19676
78.36783
78.23598
78.40753
78.27142
78.44583
78.31081
78.4868
78.3502
78.52473
78.38953
78.56303
78.42902
78.602
78.46854
78.64109
78.50694
78.68063
78.54802
78.72182
78.58765
78.75923
78.62514
78.79911
78.66391
78.83881
78.70345
78.87909
78.74434
78.91872
78.78379
78.9582
78.8241
78.99739
78.86222
79.0368
78.90146
79.07618
78.9397
79.11547
78.97892
79.15358
79.01297
79.19192
79.05395
79.22865
79.08993
79.26812
79.12918
79.30726
79.16621
79.34534
79.20554
79.38412
79.24525
79.42348
79.28452
79.46442
79.3242
79.50215
79.35953
79.54063
79.43484
79.57766
79.47562
79.61639
79.5136
79.65572
79.55296
79.69495
79.59173
79.73405
79.63116
79.7734
79.67046
79.81271
79.70898
79.85137
79.74702
79.88867
79.78503
79.92735
79.8238
79.96701
79.8615
80.00646
79.90106
80.04619
79.94067
80.08573
79.98043
80.12547
80.01988
80.16451
80.05996
80.20425
80.09971
80.24487
80.13956
80.28463
80.17932
80.32581
80.22038
80.36568
80.26005
80.40697
80.30138
80.44617
80.3405
80.48749
80.38169
80.5271
80.42123
80.56744
80.46211
80.60655
80.50173
80.64603
80.54102
80.68549
80.58024
80.72503
80.61969
80.76433
80.66079
80.80315
80.70024
80.84281
80.73865
80.88251
80.77536
80.92201
80.81273
80.96048
80.8514
81.00012
80.89065
81.03893
80.92993
81.07742
80.96949
81.11678
81.00659
81.15598
81.04599
81.19462
81.12168
81.2339
81.1572
81.27319
81.19342
81.30844
81.2314
81.34585
81.26852
81.38405
81.30714
81.422
81.34463
81.46195
81.38385
81.4997
81.42282
81.53905
81.46231
81.57732
81.49863
81.61672
81.53654
81.65566
81.57571
81.69022
81.61362
81.73032
81.65114
81.76812
81.68925
81.80882
81.72846
81.84492
81.76663
81.88586
81.80553
81.92489
81.84504
81.96599
81.88165
82.00547
81.92038
82.04289
81.95992
82.08253
81.9994
82.1205
82.03925
82.1601
82.07942
82.19955
82.11916
82.2411
82.15931
82.28082
82.19868
82.3222
82.23885
82.3611
82.27795
82.39894
82.31747
82.43831
82.35677
82.47923
82.39609
82.5178
82.4353
82.55708
82.47506
82.59623
82.51285
82.63547
82.54922
82.67467
82.58791
82.71572
82.62521
82.75234
82.66138
82.7902
82.70086
82.82952
82.73816
82.8672
82.77775
82.90671
82.81673
82.94543
82.85614
82.98562
82.8939
83.02506
82.93198
83.06455
82.97317
83.10346
83.01263
83.13934
83.05132
83.17876
83.09034
83.21812
83.12905
83.25684
83.16846
83.29636
83.20787
83.33405
83.24725
83.37347
83.2866
83.41258
83.32596
83.45211
83.36398
83.48991
83.4026
83.52945
83.44006
83.56847
83.475
83.60792
83.51435
83.64589
83.55534
83.68358
83.59329
83.72331
83.63144
83.76273
83.67012
83.80299
83.70898
83.84015
83.74829
83.88088
83.78546
83.95469
83.82242
83.99284
83.86108
84.03122
83.90075
84.07228
83.94024
84.11161
83.97848
84.15114
84.01784
84.18809
84.05691
84.22844
84.09518
84.26584
84.1341
84.30492
84.17291
84.34351
84.2119
84.38335
84.24795
84.41994
84.28651
84.4585
84.32661
84.49752
84.36457
84.53587
84.4046
84.57697
84.44411
84.61594
84.48313
84.6553
84.52083
84.69246
84.5592
84.73045
84.5985
84.76979
84.63815
84.80931
84.67757
84.84751
84.71457
84.88663
84.75318
84.92616
84.79142
84.96457
84.82998
85.0041
84.86958
85.04362
84.9091
85.08262
84.94846
85.12218
84.98964
85.16234
85.02901
85.20177
85.06606
85.23966
85.10512
85.27925
85.14423
85.31898
85.18147
85.35692
85.22254
85.39638
85.26093
85.43568
85.30045
85.47531
85.33998
85.51495
85.37977
85.55595
85.41747
85.59572
85.45715
85.63647
85.49676
85.67621
85.53482
85.7159
85.57433
85.75552
85.61396
85.79515
85.65513
85.83483
85.69463
85.87446
85.73351
85.91516
85.77271
85.95483
85.81171
85.99503
85.84925
86.07315
85.88949
86.11261
85.92893
86.15328
85.96823
86.19202
86.00725
86.2318
86.04599
86.26893
86.08566
86.3077
86.12376
86.34735
86.16123
86.38635
86.19981
86.42592
86.23963
86.46428
86.27836
86.50283
86.31856
86.54237
86.35709
86.58213
86.39833
86.6216
86.43812
86.6616
86.47799
86.70138
86.5169
86.7421
86.5577
86.78158
86.59605
86.82104
86.6354
86.85896
86.67483
86.90012
86.71371
86.93971
86.75234
86.98074
86.79185
87.01945
86.83147
87.0605
86.8708
87.09886
86.9088
87.1386
86.94852
87.17701
86.98999
87.21814
87.02866
87.25784
87.06973
87.29653
87.10915
87.33559
87.14766
87.37414
87.18577
87.41353
87.22581
87.45308
87.2644
87.49268
87.3017
87.5319
87.34087
87.57189
87.37949
87.61032
87.41727
87.65057
87.45473
87.68822
87.49224
87.72653
87.53197
87.76626
87.57169
87.80672
87.61083
87.84661
87.65074
87.88676
87.68993
87.92632
87.73051
87.96577
87.76986
88.00452
87.80853
88.04228
87.84576
88.08073
87.8853
88.12029
87.92471
88.16154
87.9651
88.20115
88.00259
88.23949
88.04019
88.2777
88.07956
88.31721
88.11901
88.35684
88.15793
88.39438
88.19598
88.4318
88.23261
88.47121
88.27225
88.5108
88.31206
88.55211
88.35058
88.5875
88.38528
88.62522
88.42473
88.66444
88.46478
88.70372
88.5031
88.74361
88.54224
88.78236
88.58057
88.82166
88.61986
88.86101
88.65928
88.90123
88.6962
88.93839
88.73708
88.97751
88.77463
89.01669
88.81343
89.05654
88.85111
89.09556
88.89136
89.13644
88.9293
89.1739
88.96821
89.21369
89.006
89.25251
89.04391
89.29108
89.08278
89.33004
89.12209
89.3677
89.15861
89.40689
89.19724
89.44622
89.2377
89.48555
89.27639
89.5248
89.31524
89.56315
89.35438
89.60229
89.39107
89.64098
89.47154
89.67998
89.50974
89.71815
89.54788
89.75632
89.58527
89.79552
89.62417
89.83516
89.66267
89.87475
89.70229
89.9137
89.74022
89.95345
89.7803
89.99413
89.82191
90.03405
89.8613
90.07357
89.90278
90.11337
89.94242
90.15412
89.98282
90.19408
90.02179
90.23546
90.0627
90.27472
90.10194
90.31613
90.14167
90.35549
90.18065
90.39711
90.22156
90.43542
90.2612
90.47681
90.30022
90.51613
90.33947
90.55766
90.37859
90.59734
90.4184
90.63865
90.45758
90.67845
90.49758
90.71996
90.53635
90.75967
90.57763
90.79984
90.61668
90.83956
90.65805
90.88097
90.69775
90.92017
90.73751
90.95959
90.77724
90.99937
90.81566
91.03854
90.85358
91.07982
90.89493
91.11974
90.93465
91.16034
90.97459
91.20014
91.01428
91.24136
91.05556
91.28118
91.0952
91.32008
91.13496
91.35997
91.17384
91.40112
91.21349
91.44113
91.25346
91.48198
91.29485
91.52187
91.33459
91.56348
91.37438
91.60323
91.41581
91.64468
91.45565
91.68385
91.49546
91.72526
91.53521
91.76511
91.57621
91.80498
91.61573
91.8447
91.65545
91.88428
91.69499
91.92401
91.73457
91.96384
91.77407
92.00362
91.81413
92.04291
91.85361
92.08259
91.89477
92.12241
91.9342
92.16171
91.97504
92.20142
92.01418
92.24113
92.05539
92.28077
92.0911
92.32047
92.13063
92.36014
92.16972
92.39939
92.21062
92.43917
92.25043
92.47915
92.29024
92.51898
92.32892
92.55886
92.36864
92.59859
92.40835
92.63903
92.4479
92.67878
92.48846
92.71848
92.52821
92.75804
92.56692
92.79823
92.60639
92.83771
92.64617
92.87886
92.68578
92.91827
92.7249
92.95776
92.76422
92.99876
92.80483
93.03635
92.84181
93.0755
92.88169
93.11481
92.92106
93.15572
92.96053
93.19395
92.9997
93.23483
93.03892
93.27413
93.077
93.315
93.11602
93.35402
93.15572
93.39372
93.19476
93.43122
93.2318
93.47003
93.27044
93.50944
93.31033
93.54771
93.34822
93.58711
93.38903
93.62794
93.4285
93.6674
93.46946
93.70599
93.50758
93.74714
93.54736
93.78603
93.58704
93.82564
93.62757
93.86532
93.66736
93.90512
93.70663
93.94478
93.74524
93.98437
93.78488
94.02387
93.82453
94.06248
93.86385
94.10228
93.90488
94.14188
93.94473
94.18171
93.98602
94.22124
94.02569
94.2611
94.06553
94.30199
94.10529
94.34189
94.14666
94.38322
94.1866
94.4231
94.2273
94.46466
94.26704
94.50455
94.30774
94.54565
94.34662
94.58462
94.38634
94.62445
94.42545
94.66511
94.46578
94.70501
94.50564
94.74636
94.54712
94.78625
94.58714
94.82807
94.62849
94.86815
94.66838
94.9092
94.7082
94.94924
94.74954
94.99082
94.78917
95.03085
94.83035
95.0721
94.86989
95.11183
94.90901
95.1531
94.94834
95.19266
94.98878
95.23187
95.02703
95.26916
95.06657
95.31032
95.10574
95.34964
95.14664
95.38989
95.18598
95.42942
95.22639
95.4706
95.26591
95.51031
95.30698
95.5516
95.38514
95.59146
95.42492
95.63083
95.46455
95.67054
95.50439
95.70968
95.54558
95.74946
95.58499
95.7892
95.62479
95.82887
95.6635
95.86861
95.70316
95.90848
95.74149
95.9464
95.78111
95.98612
95.82042
96.02579
95.86015
96.06505
95.89995
96.10475
95.93941
96.14452
95.97886
96.18428
96.01747
96.22399
96.05682
96.26353
96.09555
96.30271
96.13393
96.34205
96.17218
96.38152
96.21275
96.42123
96.25246
96.46082
96.29205
96.50079
96.33356
96.52814
96.37363
96.55574
96.41137
96.57321
96.44416
96.58069
96.47118
96.58699
96.49175
96.59363
96.50714
96.60371
96.51401
96.61136
96.53984
96.62403
96.54641
96.63035
96.55412
96.63685
96.56059
96.64339
96.56735
96.65408
96.57391
96.66473
96.58188
96.67171
96.58874
96.6787
96.59572
96.68605
96.60219
96.69279
96.60877
96.69961
96.61544
96.70992
96.62234
96.71647
96.62914
96.72292
96.63618
96.73067
96.64324
96.74836
96.66113
96.75481
96.6676
96.76117
96.67414
96.7738
96.68978
96.78017
96.69741
96.78651
96.70748
96.79915
96.7353
96.80677
96.7416
96.81441
96.74796
96.82207
96.77071
96.82838
96.77829
96.83474
96.78835
96.85235
96.811
96.85867
96.81857
96.86497
96.84641
96.87758
96.8527
96.88385
96.85893
96.90402
96.86898
96.9103
96.87524
96.91661
96.90543
96.93178
96.92306
96.93803
96.92934
96.94423
96.93552
96.95681
96.94806
96.96305
96.9543
96.96931
96.97446
96.97676
96.98071
96.99438
96.98696
97.00063
96.99963
97.00686
97.00585
97.02235
97.01207
97.02857
97.03217
97.03481
97.03838
97.07266
97.05854
97.0789
97.0648
97.08515
97.07101
97.10025
97.09879
97.10645
97.10673
97.11267
97.132
97.15057
97.13818
97.15678
97.14438
97.16301
97.17952
97.1983
97.18578
97.20451
97.21853
97.21073
97.2285
97.23851
97.25874
97.24474
97.26492
97.25095
97.29262
97.27357
97.29881
97.28148
97.30499
97.31416
97.32259
97.32168
97.32873
97.35189
97.33487
97.35807
97.35745
97.3642
97.36359
97.3817
97.36975
97.38783
97.37965
97.39397
97.38576
97.40393
97.39188
97.41003
97.39925
97.41614
97.41927
97.43359
97.42538
97.43973
97.44753
97.45724
97.45998
97.46336
97.46608
97.46947
97.47222
97.49684
97.49978
97.50421
97.50591
97.52677
97.51203
97.53416
97.54472
97.54408
97.56976
97.58427
97.57596
97.59423
97.58215
97.61726
97.62251
97.62354
97.6638
97.65398
97.68006
97.66193
97.69122
97.67759
97.70983
97.68469
97.71734
97.69292
97.72487
97.69997
97.73228
97.70698
97.74673
97.71384
97.75386
97.722
97.76947
97.7289
97.77654
97.7357
97.78349
97.74348
97.78988
97.75014
97.79623
97.75663
97.80229
97.77078
97.81709
97.8179
97.82283
97.85726
97.82854
97.8979
97.86695
97.92705
97.90731
97.93223
97.94648
97.96891
97.9856
97.99815
98.02477
98.04961
98.06564
98.06102
98.08973
98.0713
98.09496
98.08769
98.1002
98.09283
98.13182
98.13472
98.13705
98.14356
98.14227
98.15994
98.1562
98.16629
98.16267
98.17519
98.18663
98.18667
98.19182
98.19303
98.19701
98.20829
98.22231
98.21853
98.23627
98.23888
98.24146
98.24776
98.24666
98.2693
98.26805
98.29843
98.27698
98.30476
98.29591
98.32617
98.30228
98.33128
98.33047
98.33639
98.33562
98.35364
98.34077
98.36001
98.36131
98.37513
98.36644
98.38022
98.38466
98.38531
98.38979
98.3904
98.41512
98.43112
98.42023
98.4362
98.42534
98.4413
98.4542
98.44947
98.4593
98.45457
98.4644
98.45966
98.47298
98.46599
98.47808
98.47109
98.48318
98.47619
98.49453
98.48251
98.49965
98.48885
98.50475
98.49906
98.51897
98.50418
98.52409
98.5223
98.52919
98.52742
98.53548
98.53765
98.5418
98.54277
98.54691
98.5479
98.55202
98.55423
98.55832
98.57082
98.56464
98.58228
98.57095
98.58741
98.57977
98.59544
98.58488
98.60057
98.58999
98.6057
98.59794
98.61082
98.60305
98.61595
98.60815
98.62231
98.61684
98.62743
98.62196
98.63256
98.62709
98.64281
98.63221
98.64794
98.6461
98.65306
98.65122
98.65942
98.65635
98.66455
98.67024
98.66967
98.67822
98.67764
98.69962
98.68277
98.70476
98.71091
98.70989
98.74178
98.73938
98.76713
98.74574
98.77225
98.77377
98.79164
98.77892
98.8094
98.78406
98.81452
98.80571
98.8324
98.81084
98.83751
98.81596
98.84911
98.83386
98.85423
98.83899
98.85934
98.84412
98.86818
98.86001
98.87331
98.86515
98.87843
98.87028
98.88353
98.87913
98.88864
98.88549
98.89499
98.89185
98.90132
98.89697
98.90767
98.90211
98.91653
98.91349
98.92165
98.91862
98.92677
98.92377
98.9319
98.93176
98.93703
98.94065
98.94216
98.94953
98.95362
98.95589
98.95875
98.96104
98.96387
98.96619
98.96899
98.9776
98.98564
98.98398
98.99712
98.99038
99.00225
98.99554
99.01279
99.00192
99.01915
99.01083
99.02428
99.02388
99.02943
99.03026
99.03579
99.03915
99.05163
99.04433
99.05676
99.04949
99.06564
99.06343
99.07452
99.08176
99.08509
99.09069
99.09024
99.10808
99.09539
99.11447
99.11182
99.1405
99.11694
99.14569
99.12209
99.15087
99.12846
99.15728
99.13483
99.17175
99.14123
99.17693
99.15261
99.18214
99.15776
99.19358
99.17332
99.19878
99.17847
99.20398
99.19998
99.20918
99.20515
99.21437
99.2103
99.21954
99.22424
99.23077
99.23454
99.23595
99.24348
99.24116
99.24988
99.24637
99.25624
99.25278
99.2614
99.25797
99.26655
99.26319
99.27297
99.26839
99.27935
99.27481
99.28966
99.28629
99.29604
99.29151
99.30758
99.29667
99.31275
99.30186
99.3179
99.30827
99.33063
99.32458
99.33578
99.33105
99.35921
99.34251
99.36436
99.35058
99.37835
99.35954
99.38712
99.36851
99.39517
99.37497
99.40155
99.38023
99.40794
99.38545
99.41433
99.39356
99.42322
99.4192
99.45704
99.44228
99.4786
99.46136
99.48496
99.46655
99.49131
99.4913
99.50522
99.49653
99.51037
99.50172
99.51553
99.52277
99.52692
99.52801
99.53209
99.53322
99.53725
99.54671
99.54887
99.55193
99.55527
99.55717
99.56166
99.5723
99.57056
99.57753
99.58709
99.58276
99.59371
99.60313
99.60644
99.60838
99.61282
99.61359
99.62559
99.62432
99.64478
99.62959
99.64997
99.63483
99.65514
99.64651
99.66405
99.65174
99.66922
99.65697
99.6744
99.67755
99.67958
99.68278
99.68594
99.688
99.69236
99.69323
99.7013
99.69966
99.70773
99.71114
99.71661
99.71637
99.72551
99.72161
99.7344
99.72687
99.73957
99.73329
99.74474
99.74223
99.75867
99.74863
99.7667
99.77119
99.77308
99.77928
99.78201
99.78826
99.78841
99.8073
99.80121
99.81563
99.80759
99.83308
99.83308
99.84112
99.842
99.85574
99.8567
99.86102
99.86192
99.8663
99.86836
99.87435
99.87477
99.87959
99.89159
99.89008
99.90054
99.89535
99.90694
99.9076
99.91336
99.91289
99.91978
99.91814
99.93017
99.92722
99.93538
99.9362
99.95094
99.95258
99.96528
99.95905
99.97047
99.96556
99.97567
99.97206
99.98589
99.98106
99.99232
99.99502
100.0012
100.0014
100.0076
100.0118
100.0241
100.017
100.0293
100.0223
100.0344
100.036
100.0438
100.0412
100.0527
100.0464
100.0667
100.0629
100.0719
100.0682
100.0771
100.0735
100.091
100.0901
100.0975
100.0954
100.1039
100.1007
100.1129
100.1215
100.1181
100.1281
100.1233
100.1346
100.1322
100.1462
100.1374
100.1515
100.1426
100.1568
100.1479
100.1634
100.1618
100.1699
100.2212
100.1866
100.2367
100.192
100.2432
100.1973
100.2496
100.2156
100.2561
100.2222
100.2666
100.2414
100.2718
100.248
100.2783
100.2546
100.2836
100.2623
100.2889
100.2714
100.2941
100.278
100.3006
100.2871
100.3059
100.2924
100.3111
100.2978
100.3201
100.306
100.3266
100.3113
100.3356
100.3167
100.347
100.3257
100.3534
100.3321
100.3623
100.341
100.3686
100.3499
100.3738
100.3551
100.3789
100.3603
100.3894
100.3666
100.3957
100.3754
100.402
100.3805
100.4084
100.3856
100.4172
100.408
100.426
100.4143
100.4406
100.4206
100.4456
100.4325
100.4507
100.4376
100.4595
100.4427
100.4658
100.4565
100.4784
100.4628
100.4873
100.4691
100.4936
100.4743
100.4987
100.4794
100.5038
100.4858
100.5089
100.4909
100.5141
100.496
100.5243
100.5071
100.5306
100.5123
100.537
100.5174
100.5421
100.5313
100.5473
100.5365
100.5524
100.5417
100.5654
100.5582
100.5706
100.5671
100.5757
100.5861
100.5846
100.5941
100.595
100.6151
100.618
100.6216
100.6269
100.6457
100.6484
100.651
100.6549
100.6563
100.6638
100.6723
100.6728
100.6876
100.6917
100.6929
100.6982
100.6982
100.7212
100.7199
100.7264
100.7264
100.7316
100.7355
100.7483
100.7496
100.7535
100.7549
100.7676
100.7602
100.7728
100.7743
100.778
100.7796
100.7961
100.785
100.8013
100.8087
100.8091
100.8153
100.8181
100.8243
100.8265
100.8308
100.8444
100.8398
100.8496
100.8529
100.8636
100.8581
100.8688
100.8634
100.874
100.8798
100.8804
100.8851
100.8856
100.8904
100.9061
100.9062
100.9113
100.9127
100.9165
100.9218
100.9254
100.9282
100.9306
100.9372
100.9358
100.9552
100.9481
100.9617
100.9545
100.9745
100.9667
100.9826
100.9757
100.9992
100.9846
101.0135
100.9898
101.0226
100.995
101.0404
101.0015
101.0495
101.0104
101.0586
101.04
101.0676
101.0465
101.0809
101.0666
101.0952
101.0781
101.1006
101.087
101.1168
101.0967
101.1258
101.1057
101.1323
101.1235
101.1413
101.1299
101.1505
101.1414
101.1595
101.1478
101.166
101.1643
101.175
101.1747
101.1886
101.1811
101.1951
101.1875
101.2166
101.199
101.2332
101.2158
101.2396
101.221
101.2692
101.2378
101.2887
101.2672
101.2978
101.2724
101.3168
101.3085
101.333
101.3329
101.3395
101.3562
101.3575
101.3651
101.3765
101.3869
101.3977
101.3934
101.4029
101.4073
101.4081
101.4151
101.4171
101.424
101.4261
101.4483
101.4404
101.4648
101.4469
101.4816
101.461
101.4931
101.4699
101.4995
101.4853
101.5059
101.4931
101.5149
101.5122
101.5213
101.5191
101.5265
101.5319
101.5316
101.5385
101.538
101.5475
101.5445
101.5528
101.5497
101.5581
101.5601
101.5646
101.5652
101.5812
101.5812
101.5892
101.5901
101.5982
101.5982
101.6072
101.6086
101.6138
101.6138
101.6243
101.619
101.6308
101.6254
101.6374
101.6369
101.6464
101.6459
101.6554
101.6547
101.6638
101.6734
101.68
101.6838
101.6892
101.6968
101.7026
101.7115
101.7092
101.7255
101.7182
101.7333
101.7268
101.7422
101.7405
101.7563
101.747
101.7666
101.7536
101.7755
101.7729
101.782
101.782
101.791
101.7911
101.7975
101.7977
101.808
101.8194
101.8235
101.8284
101.8389
101.8468
101.8494
101.8559
101.8672
101.8743
101.8802
101.8809
101.8891
101.9
101.8981
101.9065
101.9034
101.9206
101.9176
101.9259
101.9354
101.9313
101.9407
101.9404
101.9549
101.9494
101.9744
101.956
101.9835
101.9649
101.9899
101.9715
101.9952
101.9831
102.0005
101.9885
102.007
101.9939
102.0123
102.008
102.0176
102.0224
102.0241
102.0341
102.0293
102.0432
102.0346
102.0649
102.0411
102.0817
102.0546
102.0883
102.068
102.0965
102.0733
102.1074
102.0785
102.1166
102.0901
102.1258
102.1173
102.1324
102.1279
102.1391
102.1344
102.1533
102.1409
102.1626
102.1463
102.1718
102.1516
102.1877
102.1682
102.197
102.1748
102.2037
102.183
102.2155
102.1883
102.221
102.2024
102.2265
102.2115
102.2358
102.2181
102.2451
102.2338
102.2505
102.2404
102.2562
102.2458
102.2666
102.2513
102.2722
102.2676
102.2778
102.273
102.2897
102.2888
102.2965
102.298
102.3033
102.3114
102.3128
102.3323
102.3223
102.3433
102.3293
102.3488
102.335
102.3847
102.3407
102.3915
102.3516
102.4033
102.3611
102.4103
102.3682
102.4159
102.3777
102.4215
102.3847
102.4284
102.3918
102.4404
102.3989
102.4498
102.4085
102.4592
102.4181
102.4712
102.4252
102.477
102.4364
102.4829
102.4425
102.4924
102.4485
102.4982
102.4632
102.504
102.4705
102.5111
102.4766
102.5181
102.4827
102.5277
102.495
102.5348
102.5011
102.5406
102.5073
102.5465
102.5163
102.5537
102.5288
102.5609
102.5362
102.5681
102.5425
102.5741
102.5488
102.58
102.5615
102.5872
102.5679
102.5933
102.5756
102.5994
102.5857
102.6067
102.5921
102.6128
102.5986
102.6189
102.6064
102.6251
102.613
102.6312
102.6192
102.6412
102.6271
102.6474
102.6338
102.6536
102.6406
102.6639
102.6486
102.6741
102.6554
102.6804
102.6634
102.6868
102.6702
102.6934
102.6769
102.6998
102.6838
102.7076
102.6906
102.7155
102.6974
102.7221
102.7054
102.7288
102.7134
102.7355
102.7214
102.7435
102.7281
102.7515
102.7349
102.7595
102.7429
102.7691
102.7497
102.7758
102.7577
102.7826
102.7673
102.7906
102.7754
102.7985
102.7821
102.8053
102.7889
102.812
102.7957
102.8188
102.8025
102.8256
102.8093
102.8323
102.8173
102.8391
102.8241
102.8459
102.8309
102.8527
102.8377
102.8594
102.8445
102.8662
102.8513
102.8729
102.858
102.8797
102.8661
102.8865
102.8728
102.8932
102.8797
102.9
102.8866
102.9068
102.8934
102.9147
102.9064
102.9215
102.9133
102.9283
102.9201
102.935
102.9269
102.9418
102.9339
102.9486
102.9407
102.9553
102.9474
102.9621
102.9555
102.9689
102.9622
102.9756
102.969
102.9824
102.9759
102.9892
102.9827
102.9959
102.9895
103.0027
102.9963
103.0095
103.0031
103.0163
103.0099
103.023
103.0167
103.0298
103.0235
103.0366
103.0303
103.0433
103.0371
103.0501
103.0439
103.0569
103.0507
103.0636
103.0587
103.0704
103.0655
103.0772
103.0723
103.0839
103.0791
103.0907
103.0859
103.0975
103.0927
103.1043
103.0995
103.1148
103.1063
103.1215
103.1131
103.1283
103.1199
103.135
103.1267
103.1418
103.1335
103.1486
103.1403
103.1553
103.1471
103.1621
103.1539
103.1701
103.1607
103.1768
103.1675
103.1836
103.1743
103.1904
103.1811
103.1971
103.1879
103.2039
103.1947
103.2106
103.2015
103.2174
103.2083
103.2242
103.2151
103.2309
103.2219
103.2377
103.2287
103.2445
103.2355
103.2512
103.2424
103.258
103.2492
103.2648
103.256
103.2715
103.2627
103.2783
103.2695
103.2851
103.2763
103.2918
103.2831
103.2986
103.2899
103.3054
103.2967
103.3121
103.3034
103.3189
103.3102
103.3257
103.317
103.3324
103.3238
103.3392
103.3306
103.3459
103.3374
103.3527
103.3442
103.3594
103.351
103.3662
103.3578
103.3729
103.3645
103.3797
103.3713
103.3864
103.3781
103.3932
103.3849
103.4
103.3917
103.4067
103.3985
103.4135
103.4052
103.4202
103.412
103.427
103.4188
103.4337
103.4256
103.4405
103.4324
103.4473
103.4391
103.454
103.4459
103.4608
103.4527
103.4675
103.4595
103.4743
103.4663
103.481
103.473
103.4878
103.4798
103.4945
103.4866
103.5013
103.4933
103.508
103.5001
103.5148
103.5069
103.5215
103.5137
103.5283
103.5205
103.535
103.5272
103.5418
103.534
103.5485
103.5408
103.5553
103.5475
103.562
103.5543
103.5687
103.5611
103.5755
103.5679
103.5822
103.5746
103.589
103.5814
103.5957
103.5882
103.6025
103.5949
103.6092
103.6017
103.616
103.6085
103.6227
103.6152
103.6294
103.622
103.6362
103.6288
103.6429
103.6356
103.6497
103.6423
103.6564
103.6491
103.6631
103.6558
103.6699
103.6626
103.6766
103.6694
103.6833
103.6761
103.6901
103.6829
103.6968
103.6897
103.7036
103.6964
103.7103
103.7032
103.717
103.71
103.7238
103.7167
103.7305
103.7235
103.7373
103.7302
103.744
103.737
103.7507
103.7437
103.7575
103.7505
103.7642
103.7572
103.771
103.764
103.7777
103.7708
103.7844
103.7775
103.7912
103.7843
103.7979
103.791
103.8046
103.7978
103.8114
103.8045
103.8181
103.8113
103.8249
103.818
103.8316
103.8248
103.8383
103.8316
103.8451
103.8383
103.8518
103.845
103.8585
103.8518
103.8653
103.8585
103.872
103.8653
103.8787
103.872
103.8855
103.8788
103.8922
103.8855
103.8989
103.8923
103.9057
103.899
103.9124
103.9058
103.9192
103.9125
103.9259
103.9193
103.9326
103.926
103.9393
103.9328
103.9461
103.9395
103.9528
103.9463
103.9596
103.953
103.9663
103.9598
103.973
103.9665
103.9798
103.9733
103.9865
103.98
103.9932
103.9868
104
103.9935
104.0067
104.0003
104.0134
104.007
104.0202
104.0137
104.0269
104.0205
104.0336
104.0272
104.0404
104.034
104.0471
104.0407
104.0538
104.0475
104.0606
104.0542
104.0673
104.061
104.0741
104.0677
104.0808
104.0744
104.0875
104.0812
104.0943
104.0879
104.101
104.0947
104.1077
104.1014
104.1144
104.1082
104.1212
104.1149
104.1279
104.1217
104.1347
104.1284
104.1414
104.1352
104.1481
104.1419
104.1549
104.1487
104.1616
104.1554
104.1683
104.1622
104.1751
104.1689
104.1818
104.1757
104.1885
104.1824
104.1953
104.1892
104.202
104.1959
104.2087
104.2027
104.2155
104.2094
104.2222
104.2161
104.2289
104.2229
104.2357
104.2297
104.2424
104.2364
104.2491
104.2432
104.2559
104.2499
104.2626
104.2567
104.2693
104.2634
104.276
104.2702
104.2828
104.2769
104.2895
104.2837
104.2962
104.2904
104.3029
104.2972
104.3097
104.3039
104.3164
104.3107
104.3231
104.3174
104.3299
104.3242
104.3366
104.3309
104.3433
104.3377
104.35
104.3444
104.3568
104.3512
104.3635
104.3579
104.3702
104.3646
104.377
104.3714
104.3837
104.3781
104.3904
104.3849
104.3972
104.3916
104.4039
104.3984
104.4106
104.4052
104.4174
104.4119
104.4241
104.4186
104.4308
104.4254
104.4376
104.4322
104.4443
104.4389
104.451
104.4456
104.4578
104.4524
104.4645
104.4592
104.4712
104.4659
104.478
104.4726
104.4847
104.4794
104.4914
104.4862
104.4982
104.4929
104.5049
104.4997
104.5116
104.5064
104.5183
104.5132
104.5251
104.5199
104.5318
104.5267
104.5385
104.5334
104.5453
104.5402
104.552
104.5469
104.5587
104.5537
104.5655
104.5604
104.5722
104.5672
104.5789
104.5739
104.5857
104.5807
104.5924
104.5874
104.5991
104.5942
104.6059
104.6009
104.6126
104.6077
104.6193
104.6144
104.6261
104.6212
104.6328
104.6279
104.6395
104.6347
104.6463
104.6414
104.653
104.6481
104.6597
104.6549
104.6665
104.6616
104.6732
104.6684
104.6799
104.6751
104.6866
104.6818
104.6934
104.6886
104.7001
104.6953
104.7068
104.7021
104.7136
104.7088
104.7203
104.7156
104.727
104.7223
104.7338
104.729
104.7405
104.7358
104.7472
104.7425
104.754
104.7493
104.7607
104.756
104.7674
104.7627
104.7742
104.7695
104.7809
104.7762
104.7876
104.783
104.7943
104.7897
104.8011
104.7965
104.8078
104.8032
104.8146
104.81
104.8213
104.8167
104.828
104.8234
104.8347
104.8302
104.8415
104.8369
104.8482
104.8437
104.8549
104.8504
104.8617
104.8572
104.8684
104.8639
104.8751
104.8707
104.8819
104.8774
104.8886
104.8841
104.8953
104.8909
104.9021
104.8976
104.9088
104.9044
104.9155
104.9111
104.9223
104.9179
104.929
104.9246
104.9357
104.9314
104.9425
104.9381
104.9492
104.9448
104.9559
104.9516
104.9627
104.9583
104.9694
104.9651
104.9761
104.9718
104.9829
104.9786
104.9896
104.9853
104.9963
104.9921
105.0031
104.9988
105.0098
105.0055
105.0165
105.0123
105.0233
105.0191
105.03
105.0258
105.0367
105.0325
105.0435
105.0393
105.0502
105.046
105.0569
105.0528
105.0637
105.0595
105.0704
105.0663
105.0771
105.073
105.0839
105.0798
105.0906
105.0865
105.0973
105.0932
105.1041
105.1
105.1108
105.1067
105.1175
105.1135
105.1243
105.1202
105.131
105.127
105.1377
105.1337
105.1445
105.1405
105.1512
105.1472
105.158
105.154
105.1647
105.1607
105.1714
105.1675
105.1781
105.1742
105.1849
105.181
105.1916
105.1877
105.1983
105.1945
105.2051
105.2012
105.2118
105.208
105.2185
105.2147
105.2253
105.2215
105.232
105.2282
105.2387
105.2349
105.2455
105.2417
105.2522
105.2484
105.2589
105.2552
105.2657
105.2619
105.2724
105.2687
105.2792
105.2754
105.2859
105.2822
105.2926
105.2889
105.2993
105.2957
105.3061
105.3024
105.3128
105.3092
105.3195
105.3159
105.3263
105.3227
105.333
105.3294
105.3398
105.3362
105.3465
105.3429
105.3532
105.3496
105.3599
105.3564
105.3667
105.3631
105.3734
105.3699
105.3801
105.3766
105.3869
105.3834
105.3936
105.3901
105.4003
105.3969
105.4071
105.4036
105.4138
105.4103
105.4205
105.4171
105.4273
105.4238
105.434
105.4306
105.4407
105.4373
105.4475
105.4441
105.4542
105.4508
105.4609
105.4576
105.4677
105.4643
105.4744
105.471
105.4811
105.4778
105.4878
105.4845
105.4946
105.4913
105.5013
105.498
105.508
105.5048
105.5148
105.5115
105.5215
105.5183
105.5282
105.525
105.535
105.5318
105.5417
105.5385
105.5484
105.5452
105.5552
105.552
105.5619
105.5587
105.5686
105.5655
105.5754
105.5722
105.5821
105.579
105.5888
105.5857
105.5956
105.5925
105.6023
105.5992
105.609
105.606
105.6158
105.6127
105.6225
105.6195
105.6292
105.6262
105.6359
105.633
105.6427
105.6397
105.6494
105.6465
105.6561
105.6532
105.6629
105.66
105.6696
105.6667
105.6763
105.6735
105.6831
105.6802
105.6898
105.687
105.6965
105.6937
105.7033
105.7004
105.71
105.7072
105.7167
105.7139
105.7234
105.7207
105.7302
105.7274
105.7369
105.7342
105.7436
105.7409
105.7504
105.7477
105.7571
105.7544
105.7638
105.7611
105.7706
105.7679
105.7773
105.7746
105.784
105.7813
105.7907
105.7881
105.7975
105.7948
105.8042
105.8016
105.8109
105.8083
105.8176
105.8151
105.8244
105.8218
105.8311
105.8286
105.8378
105.8353
105.8446
105.8421
105.8513
105.8488
105.858
105.8556
105.8648
105.8623
105.8715
105.8691
105.8782
105.8758
105.885
105.8826
105.8917
105.8893
105.8984
105.8961
105.9052
105.9028
105.9119
105.9096
105.9186
105.9163
105.9254
105.923
105.9321
105.9298
105.9388
105.9365
105.9456
105.9433
105.9523
105.95
105.959
105.9568
105.9658
105.9635
105.9725
105.9703
105.9792
105.977
105.9859
105.9838
105.9927
105.9905
105.9994
105.9973
106.0061
106.004
106.0129
106.0107
106.0196
106.0175
106.0264
106.0242
106.0331
106.031
106.0398
106.0377
106.0465
106.0444
106.0533
106.0512
106.06
106.0579
106.0667
106.0647
106.0735
106.0714
106.0802
106.0781
106.0869
106.0849
106.0937
106.0916
106.1004
106.0983
106.1071
106.1051
106.1139
106.1118
106.1206
106.1186
106.1273
106.1253
106.134
106.132
106.1408
106.1388
106.1475
106.1455
106.1543
106.1522
106.161
106.159
106.1677
106.1657
106.1744
106.1725
106.1812
106.1792
106.1879
106.186
106.1946
106.1927
106.2013
106.1994
106.2081
106.2062
106.2148
106.2129
106.2215
106.2197
106.2283
106.2264
106.235
106.2332
106.2417
106.2399
106.2485
106.2467
106.2552
106.2534
106.2619
106.2602
106.2686
106.2669
106.2754
106.2737
106.2821
106.2804
106.2888
106.2871
106.2956
106.2939
106.3023
106.3006
106.309
106.3074
106.3158
106.3141
106.3225
106.3209
106.3292
106.3276
106.336
106.3344
106.3427
106.3411
106.3494
106.3478
106.3562
106.3546
106.3629
106.3613
106.3696
106.3681
106.3764
106.3748
106.3831
106.3816
106.3898
106.3883
106.3966
106.3951
106.4033
106.4018
106.41
106.4085
106.4168
106.4153
106.4235
106.422
106.4302
106.4287
106.437
106.4355
106.4437
106.4422
106.4504
106.449
106.4571
106.4557
106.4639
106.4625
106.4706
106.4692
106.4773
106.476
106.4841
106.4827
106.4908
106.4894
106.4975
106.4962
106.5043
106.5029
106.511
106.5097
106.5177
106.5164
106.5245
106.5231
106.5312
106.5299
106.5379
106.5366
106.5446
106.5434
106.5514
106.5501
106.5581
106.5569
106.5648
106.5636
106.5715
106.5704
106.5783
106.5771
106.585
106.5838
106.5917
106.5906
106.5985
106.5973
106.6052
106.6041
106.6119
106.6108
106.6187
106.6176
106.6254
106.6243
106.6321
106.6311
106.6389
106.6378
106.6456
106.6445
106.6523
106.6513
106.6591
106.6581
106.6658
106.6648
106.6725
106.6715
106.6793
106.6783
106.686
106.6851
106.6927
106.6918
106.6995
106.6985
106.7062
106.7053
106.7129
106.712
106.7197
106.7188
106.7264
106.7255
106.7331
106.7323
106.7399
106.739
106.7466
106.7458
106.7533
106.7525
106.7601
106.7592
106.7668
106.766
106.7735
106.7727
106.7803
106.7795
106.787
106.7862
106.7937
106.793
106.8005
106.7997
106.8072
106.8065
106.8139
106.8132
106.8207
106.82
106.8274
106.8267
106.8341
106.8335
106.8409
106.8402
106.8476
106.847
106.8543
106.8537
106.861
106.8605
106.8678
106.8672
106.8745
106.874
106.8812
106.8807
106.888
106.8875
106.8947
106.8942
106.9014
106.901
106.9081
106.9077
106.9149
106.9145
106.9216
106.9212
106.9283
106.9279
106.9351
106.9347
106.9418
106.9414
106.9485
106.9482
106.9553
106.9549
106.962
106.9617
106.9687
106.9684
106.9754
106.9752
106.9822
106.9819
106.9889
106.9886
106.9956
106.9954
107.0024
107.0021
107.0091
107.0089
107.0158
107.0156
107.0226
107.0224
107.0293
107.0291
107.036
107.0358
107.0427
107.0426
107.0495
107.0493
107.0562
107.0561
107.0629
107.0628
107.0697
107.0695
107.0764
107.0763
107.0831
107.083
107.0899
107.0898
107.0966
107.0965
107.1033
107.1033
107.11
107.11
107.1168
107.1168
107.1235
107.1235
107.1302
107.1302
107.137
107.137
107.1437
107.1437
107.1504
107.1505
107.1572
107.1572
107.1639
107.164
107.1706
107.1707
107.1774
107.1774
107.1841
107.1842
107.1908
107.1909
107.1976
107.1977
107.2043
107.2044
107.211
107.2112
107.2178
107.2179
107.2245
107.2247
107.2312
107.2314
107.2379
107.2382
107.2447
107.2449
107.2514
107.2516
107.2581
107.2584
107.2648
107.2652
107.2716
107.2719
107.2783
107.2786
107.285
107.2854
107.2917
107.2921
107.2985
107.2989
107.3052
107.3056
107.3119
107.3124
107.3186
107.3191
107.3254
107.3259
107.3321
107.3326
107.3388
107.3394
107.3456
107.3461
107.3523
107.3529
107.359
107.3596
107.3658
107.3664
107.3725
107.3731
107.3792
107.3799
107.3859
107.3866
107.3927
107.3934
107.3994
107.4001
107.4061
107.4069
107.4128
107.4136
107.4196
107.4204
107.4263
107.4271
107.433
107.4339
107.4398
107.4406
107.4465
107.4473
107.4532
107.4541
107.46
107.4608
107.4667
107.4676
107.4734
107.4743
107.4801
107.4811
107.4869
107.4878
107.4936
107.4946
107.5003
107.5013
107.507
107.508
107.5138
107.5148
107.5205
107.5215
107.5272
107.5283
107.534
107.535
107.5407
107.5417
107.5474
107.5485
107.5542
107.5552
107.5609
107.562
107.5676
107.5687
107.5743
107.5755
107.5811
107.5822
107.5878
107.589
107.5945
107.5957
107.6013
107.6024
107.608
107.6092
107.6147
107.6159
107.6215
107.6227
107.6282
107.6294
107.6349
107.6361
107.6416
107.6429
107.6484
107.6496
107.6551
107.6563
107.6618
107.6631
107.6685
107.6698
107.6753
107.6766
107.682
107.6833
107.6887
107.69
107.6955
107.6968
107.7022
107.7035
107.7089
107.7103
107.7157
107.717
107.7224
107.7238
107.7291
107.7305
107.7358
107.7373
107.7426
107.744
107.7493
107.7507
107.756
107.7575
107.7628
107.7642
107.7695
107.771
107.7762
107.7777
107.783
107.7845
107.7897
107.7912
107.7964
107.798
107.8031
107.8047
107.8099
107.8114
107.8166
107.8182
107.8233
107.8249
107.8301
107.8317
107.8368
107.8384
107.8435
107.8452
107.8503
107.8519
107.857
107.8587
107.8637
107.8654
107.8704
107.8722
107.8772
107.8789
107.8839
107.8857
107.8906
107.8924
107.8974
107.8992
107.9041
107.9059
107.9108
107.9127
107.9175
107.9194
107.9243
107.9262
107.931
107.9329
107.9377
107.9397
107.9445
107.9464
107.9512
107.9532
107.9579
107.9599
107.9646
107.9667
107.9714
107.9734
107.9781
107.9801
107.9848
107.9869
107.9915
107.9936
107.9983
108.0004
108.005
108.0071
108.0117
108.0139
108.0185
108.0206
108.0252
108.0274
108.0319
108.0341
108.0386
108.0409
108.0453
108.0476
108.0521
108.0544
108.0588
108.0611
108.0655
108.0678
108.0723
108.0746
108.079
108.0814
108.0857
108.0881
108.0924
108.0948
108.0992
108.1016
108.1059
108.1084
108.1126
108.1151
108.1193
108.1218
108.1261
108.1286
108.1328
108.1353
108.1395
108.1421
108.1463
108.1488
108.153
108.1556
108.1597
108.1623
108.1665
108.1691
108.1732
108.1758
108.1799
108.1826
108.1866
108.1893
108.1934
108.1961
108.2001
108.2028
108.2068
108.2096
108.2135
108.2163
108.2203
108.2231
108.227
108.2298
108.2337
108.2366
108.2405
108.2433
108.2472
108.2501
108.2539
108.2568
108.2607
108.2636
108.2674
108.2703
108.2741
108.2771
108.2808
108.2838
108.2876
108.2906
108.2943
108.2973
108.301
108.3041
108.3077
108.3108
108.3145
108.3176
108.3212
108.3243
108.3279
108.331
108.3347
108.3378
108.3414
108.3445
108.3481
108.3513
108.3548
108.358
108.3616
108.3648
108.3683
108.3715
108.375
108.3783
108.3817
108.385
108.3885
108.3917
108.3952
108.3985
108.4019
108.4052
108.4087
108.412
108.4154
108.4187
108.4221
108.4254
108.4289
108.4322
108.4356
108.4389
108.4423
108.4457
108.4491
108.4524
108.4558
108.4592
108.4625
108.4659
108.4692
108.4726
108.476
108.4794
108.4827
108.4861
108.4894
108.4929
108.4961
108.4996
108.5029
108.5063
108.5096
108.5131
108.5163
108.5198
108.5231
108.5266
108.5298
108.5333
108.5365
108.54
108.5433
108.5468
108.55
108.5535
108.5567
108.5602
108.5635
108.567
108.5702
108.5737
108.5769
108.5805
108.5836
108.5872
108.5904
108.5939
108.5971
108.6007
108.6039
108.6074
108.6106
108.6142
108.6173
108.6209
108.624
108.6276
108.6308
108.6344
108.6375
108.6411
108.6442
108.6479
108.651
108.6546
108.6577
108.6614
108.6644
108.6681
108.6712
108.6748
108.6779
108.6816
108.6846
108.6883
108.6914
108.6951
108.6981
108.7018
108.7048
108.7085
108.7115
108.7153
108.7183
108.722
108.725
108.7288
108.7317
108.7355
108.7384
108.7422
108.7452
108.749
108.7519
108.7557
108.7587
108.7625
108.7654
108.7692
108.7721
108.776
108.7788
108.7827
108.7856
108.7895
108.7923
108.7962
108.799
108.8029
108.8057
108.8097
108.8125
108.8164
108.8192
108.8232
108.8259
108.8299
108.8326
108.8366
108.8394
108.8434
108.8461
108.8501
108.8528
108.8569
108.8596
108.8636
108.8663
108.8703
108.873
108.8771
108.8798
108.8838
108.8865
108.8906
108.8932
108.8973
108.8999
108.9041
108.9067
108.9108
108.9134
108.9176
108.9201
108.9243
108.9268
108.9311
108.9336
108.9378
108.9403
108.9445
108.947
108.9513
108.9538
108.958
108.9605
108.9648
108.9672
108.9715
108.974
108.9783
108.9807
108.985
108.9874
108.9918
108.9941
108.9985
109.0009
109.0053
109.0076
109.012
109.0143
109.0188
109.021
109.0255
109.0278
109.0323
109.0345
109.039
109.0412
109.0458
109.048
109.0525
109.0547
109.0592
109.0614
109.066
109.0682
109.0727
109.0749
109.0795
109.0816
109.0862
109.0883
109.093
109.0951
109.0997
109.1018
109.1065
109.1085
109.1132
109.1153
109.12
109.122
109.1267
109.1287
109.1335
109.1355
109.1402
109.1422
109.147
109.1489
109.1537
109.1556
109.1605
109.1624
109.1672
109.1691
109.174
109.1758
109.1807
109.1825
109.1874
109.1893
109.1942
109.196
109.2009
109.2027
109.2077
109.2095
109.2144
109.2162
109.2212
109.2229
109.2279
109.2296
109.2347
109.2364
109.2414
109.2431
109.2482
109.2498
109.255
109.2565
109.2617
109.2633
109.2684
109.27
109.2752
109.2767
109.2819
109.2834
109.2887
109.2902
109.2954
109.2969
109.3022
109.3036
109.3089
109.3104
109.3157
109.3171
109.3224
109.3238
109.3292
109.3306
109.3359
109.3373
109.3427
109.344
109.3494
109.3508
109.3562
109.3575
109.3629
109.3642
109.3697
109.3709
109.3764
109.3777
109.3832
109.3844
109.3899
109.3911
109.3967
109.3979
109.4034
109.4046
109.4101
109.4113
109.4169
109.4181
109.4236
109.4248
109.4304
109.4315
109.4371
109.4382
109.4439
109.445
109.4506
109.4517
109.4574
109.4584
109.4641
109.4652
109.4708
109.4719
109.4776
109.4786
109.4843
109.4854
109.4911
109.4921
109.4978
109.4988
109.5046
109.5055
109.5113
109.5123
109.5181
109.519
109.5248
109.5257
109.5315
109.5324
109.5383
109.5392
109.545
109.5459
109.5518
109.5526
109.5585
109.5593
109.5652
109.5661
109.572
109.5728
109.5787
109.5795
109.5855
109.5863
109.5922
109.593
109.599
109.5997
109.6057
109.6064
109.6125
109.6132
109.6192
109.6199
109.626
109.6266
109.6327
109.6333
109.6395
109.6401
109.6462
109.6468
109.6529
109.6535
109.6597
109.6603
109.6664
109.667
109.6732
109.6737
109.6799
109.6805
109.6867
109.6872
109.6934
109.6939
109.7002
109.7006
109.7069
109.7074
109.7136
109.7141
109.7204
109.7208
109.7271
109.7276
109.7338
109.7343
109.7406
109.741
109.7473
109.7478
109.7541
109.7545
109.7608
109.7612
109.7675
109.768
109.7743
109.7747
109.781
109.7814
109.7878
109.7881
109.7945
109.7949
109.8012
109.8016
109.808
109.8083
109.8147
109.8151
109.8215
109.8218
109.8282
109.8285
109.8349
109.8353
109.8417
109.842
109.8484
109.8487
109.8552
109.8554
109.8619
109.8622
109.8687
109.8689
109.8754
109.8756
109.8821
109.8824
109.8889
109.8891
109.8956
109.8958
109.9024
109.9026
109.9091
109.9093
109.9158
109.916
109.9226
109.9228
109.9293
109.9295
109.9361
109.9362
109.9428
109.9429
109.9496
109.9497
109.9563
109.9564
109.9631
109.9632
109.9698
109.9699
109.9765
109.9766
109.9833
109.9833
109.99
109.9901
109.9968
109.9968
110.0035
110.0035
