10.0099
10.00988
10.01549
10.01554
10.02108
10.02118
10.02666
10.02686
10.03227
10.03257
10.03789
10.03827
10.04353
10.04399
10.04919
10.04971
10.05481
10.05542
10.06046
10.06112
10.06614
10.06689
10.073
10.07265
10.07868
10.07838
10.08434
10.08417
10.09005
10.08993
10.09576
10.0957
10.10153
10.10157
10.10732
10.10751
10.11309
10.1134
10.11884
10.11928
10.12462
10.12516
10.13043
10.1311
10.13618
10.1382
10.14196
10.14411
10.14776
10.14996
10.15353
10.15584
10.15932
10.16173
10.16511
10.16759
10.17086
10.17343
10.17669
10.17934
10.18251
10.18525
10.18836
10.19124
10.19423
10.19714
10.20008
10.2031
10.2059
10.20902
10.21175
10.21497
10.21758
10.22089
10.22465
10.22681
10.23048
10.23272
10.23633
10.23864
10.24214
10.24455
10.24802
10.25052
10.25385
10.25641
10.25971
10.26232
10.26557
10.26828
10.27137
10.27421
10.27727
10.28012
10.28309
10.28606
10.28895
10.29191
10.29476
10.29785
10.30062
10.30377
10.3077
10.30968
10.31356
10.3156
10.3194
10.32151
10.32528
10.32737
10.33116
10.33329
10.33702
10.33922
10.34293
10.34511
10.34877
10.35107
10.35462
10.35699
10.36049
10.36289
10.36636
10.36879
10.37221
10.3747
10.3781
10.38064
10.38397
10.38653
10.38978
10.39251
10.39563
10.39846
10.40147
10.4044
10.40735
10.41038
10.41317
10.41629
10.42019
10.42218
10.42602
10.42806
10.4319
10.43395
10.43781
10.43988
10.44368
10.44586
10.44953
10.45178
10.45532
10.45779
10.46118
10.46375
10.46704
10.46964
10.4729
10.47554
10.47879
10.48147
10.48461
10.48744
10.49047
10.49334
10.49632
10.49925
10.5022
10.50516
10.50802
10.51394
10.51386
10.51987
10.51971
10.52585
10.52558
10.53181
10.53146
10.53771
10.53734
10.54359
10.54319
10.54949
10.54906
10.55547
10.55493
10.5614
10.56081
10.56731
10.57371
10.57323
10.57953
10.57919
10.59124
10.58508
10.60875
10.59103
10.6146
10.59694
10.62043
10.60284
10.62627
10.60883
10.63214
10.61479
10.638
10.62075
10.64389
10.62666
10.64977
10.63253
10.65562
10.63855
10.66151
10.64444
10.66738
10.65039
10.67326
10.65629
10.67911
10.66221
10.68498
10.66813
10.69085
10.67402
10.69785
10.67992
10.70373
10.68587
10.70955
10.69183
10.71542
10.69778
10.72126
10.70367
10.7272
10.7096
10.73304
10.71555
10.73891
10.72149
10.74474
10.72749
10.75062
10.73712
10.75644
10.74305
10.76455
10.74902
10.77041
10.75495
10.78222
10.76097
10.79393
10.76695
10.81762
10.77294
10.82363
10.77889
10.82961
10.7848
10.8355
10.79076
10.84138
10.79668
10.84732
10.80269
10.85928
10.80865
10.86518
10.8146
10.87113
10.82053
10.87708
10.8265
10.88295
10.83253
10.88886
10.83863
10.89476
10.8446
10.90065
10.85063
10.90659
10.8566
10.91255
10.86255
10.91846
10.86853
10.92441
10.8746
10.93032
10.88055
10.93653
10.88667
10.94242
10.89267
10.94844
10.89875
10.95442
10.90479
10.96047
10.91094
10.9665
10.91696
10.97254
10.92306
10.97856
10.92908
10.98462
10.9351
10.99065
10.94113
10.99673
10.9472
11.00275
10.95329
11.00877
10.95939
11.01551
10.96549
11.02151
10.97152
11.02756
10.97765
11.03371
10.98368
11.04097
10.98977
11.04708
10.99584
11.0532
11.00196
11.05925
11.00803
11.0653
11.01426
11.07257
11.0203
11.07865
11.02644
11.08472
11.03252
11.09085
11.03864
11.09982
11.04479
11.10736
11.05094
11.11345
11.0571
11.11964
11.06325
11.12583
11.06939
11.13202
11.07558
11.13832
11.08185
11.14453
11.0881
11.15073
11.09422
11.15718
11.10042
11.16337
11.10655
11.16961
11.11273
11.17589
11.11893
11.18209
11.12516
11.18847
11.13131
11.19475
11.13757
11.20099
11.1437
11.20747
11.15366
11.21384
11.1598
11.22034
11.166
11.22678
11.17218
11.23304
11.17846
11.23963
11.18466
11.24596
11.19095
11.25253
11.19713
11.2592
11.20339
11.26571
11.20958
11.27243
11.21581
11.27902
11.22206
11.28568
11.22829
11.29224
11.23453
11.29897
11.24085
11.30555
11.24712
11.31228
11.25343
11.319
11.25975
11.32573
11.26607
11.33242
11.27242
11.33913
11.27877
11.34585
11.28504
11.35258
11.29134
11.35931
11.29763
11.36604
11.30409
11.37276
11.3104
11.37949
11.3168
11.38622
11.32309
11.39967
11.32952
11.40638
11.33589
11.41306
11.34237
11.41974
11.34897
11.42645
11.35529
11.43314
11.36172
11.43975
11.3694
11.44642
11.37585
11.45298
11.38234
11.45966
11.38883
11.46626
11.3953
11.47299
11.40176
11.47961
11.40816
11.48633
11.41459
11.49306
11.42099
11.49979
11.42752
11.50651
11.43397
11.51324
11.44032
11.51997
11.44686
11.52669
11.45322
11.53342
11.45973
11.54015
11.46615
11.54687
11.47262
11.55359
11.47908
11.56032
11.48554
11.56705
11.49219
11.57377
11.49867
11.58051
11.50522
11.58723
11.51188
11.59396
11.51844
11.60069
11.52506
11.60741
11.53173
11.61414
11.53845
11.62086
11.54518
11.62759
11.5519
11.63431
11.55864
11.64103
11.56536
11.64775
11.57209
11.65447
11.57881
11.6612
11.58554
11.66792
11.59227
11.67464
11.59899
11.68136
11.60572
11.68809
11.61245
11.69481
11.61918
11.70155
11.62591
11.70827
11.63263
11.715
11.63936
11.72173
11.64609
11.72845
11.65281
11.73519
11.65954
11.74191
11.66627
11.74864
11.67299
11.75659
11.67972
11.76331
11.68645
11.77004
11.69318
11.77676
11.6999
11.78349
11.70663
11.79021
11.71336
11.79694
11.72009
11.80367
11.72682
11.81039
11.73355
11.81712
11.74028
11.82384
11.74701
11.83057
11.75374
11.83729
11.76047
11.84402
11.7672
11.85075
11.77392
11.85747
11.78064
11.8642
11.78736
11.87093
11.79409
11.87766
11.80082
11.88438
11.80755
11.89111
11.81427
11.89783
11.821
11.90455
11.82773
11.91127
11.83446
11.918
11.84119
11.92472
11.84792
11.93145
11.85465
11.93817
11.86138
11.94489
11.8681
11.95161
11.87483
11.95833
11.88156
11.96506
11.88828
11.97179
11.89501
11.97851
11.90174
11.98524
11.90965
11.99197
11.91638
11.99869
11.92311
12.00542
11.92983
12.01214
11.93656
12.01886
11.94329
12.02559
11.95001
12.03232
11.95673
12.03904
11.96346
12.04576
11.97019
12.05249
11.97692
12.05921
11.98365
12.06594
11.99037
12.07266
11.9971
12.07938
12.00383
12.08611
12.01056
12.09284
12.01729
12.09956
12.02402
12.10628
12.03074
12.11301
12.03747
12.11973
12.04419
12.12646
12.05091
12.13318
12.05764
12.13991
12.06437
12.14663
12.07109
12.15335
12.07782
12.16008
12.08455
12.16681
12.09128
12.17353
12.09801
12.18025
12.10474
12.18698
12.11147
12.1937
12.1182
12.20043
12.12492
12.20715
12.13165
12.21389
12.13838
12.22061
12.14511
12.22733
12.15183
12.23405
12.15856
12.24077
12.16529
12.24749
12.17202
12.25422
12.17875
12.26094
12.18548
12.26767
12.19221
12.27439
12.19893
12.28111
12.20566
12.28784
12.21239
12.29456
12.21912
12.30129
12.22584
12.30801
12.23257
12.31473
12.23929
12.32146
12.24603
12.32818
12.25276
12.3349
12.25949
12.34162
12.26622
12.34835
12.27295
12.35507
12.27968
12.3618
12.28641
12.36852
12.29314
12.37525
12.29987
12.38197
12.3066
12.3887
12.31333
12.39542
12.32006
12.40215
12.32679
12.40887
12.33352
12.4156
12.34025
12.42232
12.34698
12.42905
12.35371
12.43577
12.36044
12.4425
12.36718
12.44922
12.37391
12.45595
12.38063
12.46267
12.38737
12.46939
12.3941
12.47612
12.40082
12.48284
12.40755
12.48957
12.41428
12.49629
12.421
12.50301
12.42773
12.50974
12.43446
12.51646
12.44118
12.52318
12.44791
12.52991
12.45463
12.53663
12.46136
12.54335
12.46808
12.55008
12.47481
12.5568
12.48154
12.56352
12.48827
12.57024
12.495
12.57697
12.50172
12.58369
12.50845
12.59041
12.51518
12.59714
12.52191
12.60386
12.52864
12.61058
12.53537
12.6173
12.5421
12.62403
12.54882
12.63075
12.55555
12.63748
12.56227
12.6442
12.569
12.65092
12.57573
12.65765
12.58245
12.66437
12.58918
12.67108
12.59591
12.6778
12.60263
12.68453
12.60935
12.69126
12.61608
12.69798
12.6228
12.70471
12.62953
12.71143
12.63625
12.71815
12.64298
12.72487
12.6497
12.7316
12.65643
12.73832
12.66316
12.74504
12.66988
12.75176
12.67661
12.75848
12.68333
12.7652
12.69006
12.77192
12.69679
12.77864
12.70352
12.78536
12.71024
12.79208
12.71697
12.79881
12.72369
12.80553
12.73042
12.81225
12.73714
12.81898
12.74387
12.8257
12.7506
12.83243
12.75732
12.83915
12.76405
12.84587
12.77078
12.8526
12.77751
12.85933
12.78423
12.86605
12.79096
12.87277
12.79769
12.87949
12.80441
12.88622
12.81113
12.89294
12.81786
12.89966
12.82458
12.90639
12.83131
12.91311
12.83804
12.91984
12.84476
12.92656
12.85149
12.93328
12.85822
12.94001
12.86494
12.94673
12.87167
12.95345
12.8784
12.96017
12.88512
12.9669
12.89185
12.97362
12.89858
12.98034
12.9053
12.98706
12.91203
12.99377
12.91876
13.0005
12.92548
13.00722
12.93221
13.01395
12.93893
13.02067
12.94566
13.02739
12.95238
13.03412
12.95911
13.04084
12.96584
13.04756
12.97257
13.05428
12.97929
13.061
12.98602
13.06772
12.99275
13.07444
12.99948
13.08117
13.0062
13.08789
13.01293
13.09461
13.01966
13.10134
13.02638
13.10806
13.03311
13.11478
13.03984
13.1215
13.04656
13.12822
13.05329
13.13495
13.06002
13.14167
13.06674
13.14839
13.07347
13.15511
13.0802
13.16184
13.08693
13.16856
13.09365
13.17528
13.10038
13.18201
13.10711
13.18873
13.11383
13.19545
13.12056
13.20218
13.12728
13.20891
13.13401
13.21562
13.14073
13.22234
13.14745
13.22907
13.15417
13.23579
13.16089
13.24251
13.16762
13.24924
13.17434
13.25596
13.18107
13.26269
13.1878
13.26941
13.19453
13.27614
13.20125
13.28287
13.20798
13.28959
13.21471
13.29631
13.22144
13.30304
13.22817
13.30977
13.23489
13.31649
13.24162
13.32322
13.24834
13.32995
13.25507
13.33667
13.2618
13.3434
13.26853
13.35013
13.27526
13.35686
13.28198
13.36358
13.28871
13.3703
13.29544
13.37703
13.30217
13.38375
13.3089
13.39048
13.31562
13.3972
13.32235
13.40393
13.32908
13.41065
13.3358
13.41738
13.34253
13.4241
13.34926
13.43082
13.35599
13.43755
13.36272
13.44428
13.36945
13.451
13.37617
13.45772
13.38291
13.46445
13.38963
13.47118
13.39636
13.4779
13.40309
13.48462
13.40981
13.49135
13.41654
13.49807
13.42327
13.50479
13.43
13.51152
13.43673
13.51824
13.44346
13.52497
13.45019
13.53169
13.45692
13.53841
13.46364
13.54513
13.47037
13.55185
13.4771
13.55857
13.48383
13.5653
13.49055
13.57203
13.49728
13.57876
13.50401
13.58549
13.51074
13.59222
13.51747
13.59894
13.5242
13.60567
13.53093
13.6124
13.53765
13.61912
13.54438
13.62585
13.5511
13.63257
13.55782
13.63929
13.56455
13.64601
13.57128
13.65273
13.57801
13.65946
13.58473
13.6674
13.59147
13.67534
13.59819
13.68206
13.60492
13.68879
13.61165
13.69552
13.61838
13.70343
13.6251
13.71016
13.63183
13.71689
13.63856
13.72362
13.64529
13.73035
13.65201
13.73708
13.65874
13.74381
13.66669
13.75054
13.67462
13.75726
13.68134
13.76399
13.68807
13.77072
13.6948
13.77744
13.70152
13.78417
13.70825
13.7909
13.71498
13.79763
13.7217
13.80436
13.72842
13.81109
13.73515
13.81783
13.74306
13.82456
13.74979
13.83129
13.75652
13.83802
13.76327
13.84476
13.77
13.85149
13.77673
13.85822
13.78346
13.86495
13.79019
13.87168
13.79692
13.87841
13.80365
13.88514
13.81038
13.89807
13.81711
13.9048
13.82384
13.91153
13.83057
13.91827
13.8373
13.925
13.84403
13.93174
13.85076
13.93847
13.86117
13.9452
13.8679
13.95193
13.87463
13.95987
13.88258
13.9666
13.88931
13.97334
13.89604
13.98007
13.90277
13.98798
13.90951
13.99592
13.91625
14.0039
13.92298
14.01063
13.92971
14.01736
13.93645
14.02409
13.94686
14.03204
13.95359
14.03877
13.96032
14.04551
13.96706
14.05224
13.97502
14.06267
13.98175
14.0694
13.98848
14.07613
14.00143
14.08286
14.00816
14.08959
14.01489
14.09632
14.02162
14.10305
14.02835
14.10977
14.03628
14.1165
14.04301
14.12441
14.04974
14.13113
14.05647
14.13786
14.06321
14.1446
14.07112
14.15133
14.07785
14.15805
14.08458
14.16478
14.0913
14.18019
14.10084
14.18692
14.10757
14.19365
14.1143
14.20038
14.12972
14.21082
14.13645
14.21754
14.14937
14.22428
14.1561
14.23101
14.16283
14.23893
14.16956
14.24565
14.17629
14.25238
14.18582
14.25911
14.19375
14.26583
14.20048
14.27257
14.20721
14.2793
14.21394
14.28603
14.22067
14.29276
14.2274
14.29949
14.23412
14.30743
14.24202
14.31415
14.24874
14.32088
14.2554
14.32881
14.2635
14.33675
14.26999
14.34346
14.27649
14.37788
14.28662
14.38461
14.29305
14.39752
14.29948
14.40425
14.30971
14.41097
14.31624
14.4177
14.32652
14.42564
14.3331
14.43909
14.33971
14.44582
14.34635
14.45255
14.35299
14.46719
14.35966
14.47391
14.36639
14.48064
14.37312
14.48737
14.37985
14.49529
14.38776
14.50202
14.39449
14.50875
14.40122
14.51839
14.40794
14.52511
14.41588
14.53184
14.42261
14.53857
14.42933
14.5453
14.4422
14.55321
14.44893
14.55994
14.45566
14.56667
14.46238
14.5734
14.47031
14.58634
14.47704
14.59306
14.48377
14.59979
14.4942
14.60652
14.50214
14.61325
14.50887
14.61997
14.5156
14.6267
14.52233
14.63464
14.52905
14.64808
14.53579
14.66154
14.54252
14.66947
14.54925
14.67619
14.55598
14.69637
14.56271
14.71776
14.57065
14.72449
14.57738
14.73122
14.58411
14.74468
14.59204
14.75142
14.60159
14.75932
14.61203
14.77639
14.61996
14.78312
14.62669
14.78984
14.63342
14.80452
14.65134
14.81125
14.65806
14.81798
14.66479
14.83835
14.67522
14.84508
14.68195
14.85182
14.68868
14.85855
14.70397
14.86528
14.71056
14.87313
14.71706
14.88092
14.72706
14.88864
14.73339
14.89626
14.73969
14.9038
14.74597
14.91641
14.75219
14.9227
14.75841
14.92898
14.76467
14.93515
14.77451
14.94259
14.78059
14.95002
14.78662
14.95623
14.7939
14.96243
14.79994
14.97482
14.80601
14.98105
14.81828
14.98722
14.82433
14.9935
14.83041
14.99973
14.83655
15.00597
14.84271
15.01217
14.84883
15.01841
14.85623
15.0247
14.86243
15.031
14.86862
15.03851
14.87618
15.04606
14.88255
15.05235
14.88892
15.05871
14.89533
15.07401
14.90295
15.08055
14.90942
15.08704
14.91596
15.09359
14.92248
15.10023
14.92898
15.10677
14.93554
15.11952
14.9508
15.12735
14.96103
15.1377
14.97129
15.14438
14.97779
15.1511
14.9844
15.15784
14.99222
15.16457
14.99999
15.17248
15.0103
15.18701
15.01697
15.19373
15.02367
15.20047
15.0303
15.20719
15.04321
15.21764
15.04994
15.22437
15.05667
15.2311
15.06462
15.23783
15.07136
15.24456
15.07809
15.2513
15.08603
15.25802
15.09276
15.26757
15.0995
15.2743
15.10623
15.28103
15.11295
15.28776
15.11968
15.2957
15.12641
15.30243
15.13315
15.30916
15.14357
15.31709
15.1503
15.32503
15.15703
15.33295
15.16496
15.33967
15.17169
15.34641
15.17842
15.35313
15.18633
15.35987
15.19306
15.37031
15.19979
15.37705
15.21023
15.38377
15.21696
15.3905
15.22367
15.39723
15.2304
15.40516
15.23713
15.42307
15.25251
15.4298
15.25924
15.43652
15.26879
15.44325
15.2755
15.45119
15.28222
15.45912
15.29253
15.46705
15.30296
15.47378
15.31067
15.48051
15.31734
15.48835
15.32407
15.49629
15.33068
15.50418
15.3411
15.51371
15.34783
15.52165
15.35456
15.52836
15.36129
15.53509
15.36802
15.54182
15.37843
15.55222
15.38886
15.56015
15.39559
15.56688
15.4023
15.57361
15.41274
15.58904
15.41947
15.59576
15.4262
15.60249
15.43571
15.60917
15.44608
15.61959
15.45402
15.62632
15.46075
15.63304
15.46748
15.64345
15.48544
15.65018
15.49326
15.66057
15.50357
15.67101
15.52043
15.68054
15.52706
15.7239
15.53362
15.73063
15.54889
15.73726
15.55549
15.75263
15.56203
15.76606
15.56857
15.77393
15.58627
15.78433
15.59274
15.79101
15.60044
15.79774
15.60814
15.81062
15.61837
15.81735
15.62499
15.82409
15.63155
15.832
15.64194
15.83996
15.65239
15.84949
15.65906
15.85623
15.6658
15.86296
15.67253
15.86969
15.68459
15.87762
15.69132
15.88554
15.69803
15.89349
15.70599
15.90142
15.71641
15.90814
15.72434
15.91487
15.73478
15.9216
15.74518
15.93363
15.75192
15.94155
15.75865
15.94948
15.76539
15.9599
15.77212
15.96663
15.78005
15.97336
15.798
15.98379
15.80594
15.99051
15.81388
15.99724
15.82181
16.00765
15.82854
16.0272
15.83528
16.03393
15.84202
16.04066
15.84875
16.04857
15.85548
16.05651
15.86222
16.06444
15.87511
16.07117
15.88184
16.0779
15.88857
16.0883
15.8953
16.09503
15.90203
16.10177
15.90877
16.10851
15.9155
16.11643
15.92223
16.12436
15.93931
16.13109
15.94605
16.14576
15.95278
16.15249
15.95951
16.15923
15.96744
16.16719
15.97541
16.17393
15.98214
16.18066
15.98888
16.18858
15.99562
16.199
16.00356
16.20695
16.0231
16.21368
16.03353
16.22042
16.0515
16.22715
16.05823
16.24755
16.06496
16.25428
16.0804
16.26101
16.08713
16.28395
16.09386
16.29436
16.10919
16.30229
16.11583
16.30902
16.12243
16.31576
16.14012
16.33355
16.14674
16.34012
16.1533
16.35211
16.16354
16.35866
16.16995
16.36512
16.17929
16.37152
16.18946
16.38348
16.19715
16.3898
16.20351
16.39614
16.2099
16.40248
16.21622
16.41748
16.22621
16.42388
16.23371
16.43801
16.24115
16.44431
16.25112
16.4506
16.266
16.45686
16.27217
16.46434
16.27838
16.47062
16.29077
16.47809
16.29691
16.48552
16.3031
16.49549
16.31538
16.50287
16.32149
16.51936
16.32763
16.52555
16.34729
16.53173
16.35614
16.54906
16.36587
16.55895
16.3805
16.57622
16.38773
16.58595
16.39736
16.59199
16.407
16.60084
16.41667
16.61553
16.42383
16.62278
16.42978
16.63493
16.43573
16.64212
16.45534
16.65436
16.46491
16.66152
16.47075
16.68122
16.48789
16.6872
16.49379
16.70184
16.4997
16.70783
16.51682
16.71384
16.52275
16.72352
16.52866
16.73072
16.54326
16.73793
16.54925
16.74766
16.5552
16.7624
16.57236
16.76846
16.57957
16.77453
16.60172
16.7918
16.61046
16.79784
16.6177
16.80391
16.62741
16.81619
16.63337
16.82349
16.64307
16.84071
16.66022
16.84962
16.66622
16.85945
16.67225
16.87682
16.68124
16.88298
16.69014
16.88915
16.6975
16.89898
16.70734
16.90888
16.71473
16.9263
16.72459
16.93257
16.73196
16.93886
16.73815
16.94634
16.74435
16.95381
16.7517
16.96129
16.75909
16.97127
16.76817
16.97757
16.77563
16.98518
16.78555
16.99269
16.7955
16.99911
16.80304
17.00553
16.81302
17.01481
16.8231
17.02996
16.8381
17.0378
16.84449
17.05556
16.85458
17.06217
16.8622
17.06885
16.86865
17.07925
16.87507
17.0859
16.89023
17.09379
16.89669
17.11328
16.90318
17.12
16.91083
17.12663
16.92098
17.13958
16.93025
17.14629
16.94538
17.15668
16.95177
17.16711
16.95816
17.17498
16.97335
17.19198
16.98342
17.19977
16.99848
17.2101
17.00607
17.22034
17.03021
17.23066
17.04887
17.24344
17.05641
17.25119
17.06645
17.2614
17.07386
17.28821
17.08376
17.29467
17.09368
17.30108
17.11257
17.31864
17.12241
17.3287
17.14718
17.34861
17.16683
17.35477
17.17403
17.38202
17.19776
17.39683
17.20372
17.40291
17.20962
17.40897
17.2167
17.44114
17.22262
17.44707
17.22853
17.45307
17.24285
17.46522
17.24872
17.47117
17.25457
17.47709
17.27076
17.49166
17.27784
17.49874
17.2874
17.51746
17.29446
17.52615
17.30155
17.53325
17.30857
17.54539
17.31566
17.55132
17.32521
17.55719
17.34476
17.56931
17.35064
17.57522
17.3565
17.5812
17.36857
17.59766
17.37567
17.60869
17.39276
17.61581
17.39992
17.63042
17.40953
17.63641
17.41549
17.64234
17.42142
17.64949
17.43333
17.66669
17.45977
17.67382
17.46688
17.69257
17.50262
17.69831
17.51121
17.70404
17.52063
17.72834
17.56574
17.73508
17.58638
17.76417
17.59706
17.77235
17.61604
17.80387
17.62252
17.80913
17.64529
17.81439
17.65054
17.83717
17.65577
17.84521
17.68211
17.86663
17.69515
17.87184
17.70035
17.87704
17.71339
17.89501
17.71981
17.90392
17.72623
17.92724
17.74009
17.93244
17.7453
17.94258
17.75051
17.94899
17.76378
17.96797
17.76899
17.9744
17.7742
18.00334
17.79311
18.0164
17.79834
18.02286
17.82228
18.04605
17.82873
18.08513
17.84768
18.12318
17.85525
18.16185
17.88599
18.19393
17.90619
18.21985
17.93022
18.22924
17.96542
18.26358
17.99841
18.26937
18.00759
18.27518
18.03561
18.29723
18.04114
18.31931
18.07894
18.32643
18.10541
18.35599
18.12884
18.36475
18.13573
18.39191
18.17217
18.40155
18.20018
18.42499
18.20969
18.45012
18.24781
18.45964
18.25724
18.4843
18.28565
18.49388
18.29263
18.51603
18.30208
18.52191
18.32411
18.52784
18.33111
18.5425
18.3381
18.54839
18.35922
18.57302
18.36865
18.59324
18.41197
18.6184
18.43161
18.62435
18.43955
18.63026
18.45411
18.65484
18.48754
18.66446
18.50411
18.69353
18.50993
18.70305
18.51574
18.71006
18.53525
18.73164
18.55216
18.74109
18.55791
18.76298
18.57728
18.78992
18.6092
18.7993
18.61867
18.81621
18.64307
18.84281
18.65242
18.84997
18.6718
18.87415
18.67746
18.88357
18.69684
18.90545
18.7112
18.91488
18.71809
18.94199
18.74508
18.96976
18.76576
18.97552
18.77394
18.9813
18.79586
19.00509
18.81471
19.01211
18.84112
19.04147
18.8903
19.06361
18.91947
19.09459
18.94578
19.11845
18.96802
19.12806
18.97763
19.15775
18.99232
19.16746
18.99955
19.19204
19.01894
19.19923
19.02497
19.22646
19.03098
19.24365
19.05443
19.25339
19.06157
19.2632
19.08643
19.28301
19.10261
19.30035
19.11235
19.30655
19.13463
19.31268
19.16198
19.33012
19.18434
19.33748
19.19172
19.36023
19.22647
19.37012
19.26051
19.39993
19.26785
19.40986
19.29741
19.44115
19.30471
19.46257
19.32691
19.46988
19.33669
19.48649
19.36141
19.51619
19.39739
19.54751
19.40936
19.55341
19.44042
19.55931
19.45432
19.58385
19.46391
19.59235
19.49098
19.60185
19.50044
19.61884
19.52994
19.62821
19.53851
19.65776
19.55796
19.66714
19.56483
19.68365
19.59422
19.69213
19.61509
19.72655
19.62198
19.75264
19.64632
19.78265
19.67061
19.80605
19.70725
19.83272
19.73901
19.85698
19.76645
19.86546
19.79161
19.89094
19.81497
19.90028
19.84654
19.92943
19.86823
19.96059
19.87518
19.99285
19.88948
20.00892
19.89519
20.04094
19.90096
20.07416
19.92448
20.09427
19.96055
20.11437
19.99905
20.12019
20.02352
20.12599
20.03332
20.14303
20.05548
20.15259
20.06512
20.18208
20.09575
20.19153
20.12477
20.21599
20.15711
20.24407
20.16405
20.26578
20.20341
20.27129
20.2459
20.30281
20.27345
20.33805
20.29487
20.37842
20.30386
20.41561
20.33889
20.45007
20.36582
20.4853
20.39599
20.51089
20.40241
20.53451
20.43928
20.54089
20.46833
20.56476
20.47474
20.58898
20.50904
20.59699
20.52558
20.6134
20.53199
20.62233
20.55834
20.64559
20.58612
20.66448
20.59504
20.69705
20.63409
20.72755
20.663
20.75531
20.67195
20.77954
20.69716
20.80474
20.73483
20.84161
20.77287
20.8798
20.81339
20.91877
20.85124
20.95228
20.88271
20.98846
20.92173
21.02275
20.95566
21.0517
21.00003
21.05818
21.03171
21.0922
21.06364
21.10757
21.07272
21.11406
21.10107
21.13949
21.10772
21.1448
21.14309
21.16056
21.1522
21.16955
21.17073
21.20057
21.17798
21.20962
21.20717
21.24123
21.24354
21.27397
21.28145
21.31154
21.30864
21.34068
21.34447
21.37543
21.36835
21.41178
21.37921
21.44336
21.41766
21.47485
21.4444
21.48138
21.47814
21.51743
21.51221
21.55228
21.57427
21.58944
21.59763
21.61356
21.61359
21.62244
21.61882
21.65583
21.62403
21.66101
21.65047
21.66619
21.67422
21.70271
21.6814
21.72212
21.71184
21.73099
21.71823
21.7674
21.74095
21.80267
21.77921
21.82276
21.79432
21.8279
21.81769
21.8454
21.82285
21.85339
21.82801
21.88226
21.85491
21.90755
21.88364
21.93888
21.89249
21.96857
21.91522
21.99369
21.93661
22.00257
21.99476
22.01322
22.02288
22.02832
22.02938
22.03725
22.05975
22.06119
22.06864
22.07009
22.09171
22.07647
22.10853
22.08785
22.11494
22.09303
22.12886
22.09822
22.13527
22.11583
22.15262
22.13212
22.15783
22.15474
22.17446
22.19113
22.19877
22.20013
22.23669
22.23583
22.26307
22.26426
22.28776
22.27099
22.29416
22.30407
22.31587
22.31301
22.32112
22.34265
22.34629
22.38106
22.36904
22.38754
22.37431
22.41859
22.40086
22.44364
22.43859
22.47665
22.47356
22.51527
22.50983
22.54793
22.54415
22.58517
22.57865
22.61862
22.61589
22.62517
22.65428
22.65861
22.69048
22.66511
22.72486
22.69178
22.75894
22.72597
22.7917
22.74829
22.82682
22.77491
22.83336
22.79217
22.86774
22.81497
22.89176
22.85034
22.91956
22.8732
22.92626
22.90603
22.95803
22.9239
22.96721
22.93062
22.99973
22.96189
23.00769
22.99989
23.04262
23.00864
23.05181
23.04448
23.08812
23.0699
23.12149
23.10296
23.15989
23.14228
23.19332
23.17771
23.21751
23.20613
23.25023
23.2153
23.2782
23.24642
23.28751
23.26306
23.31426
23.29264
23.33471
23.31776
23.34144
23.35449
23.36422
23.38731
23.41773
23.41616
23.44952
23.42535
23.47344
23.46046
23.5029
23.48221
23.53341
23.5093
23.56933
23.53999
23.60117
23.56876
23.61055
23.60046
23.63391
23.60726
23.67069
23.64488
23.69995
23.65412
23.70919
23.68878
23.74255
23.72392
23.77548
23.7572
23.81287
23.76541
23.84096
23.79623
23.84894
23.81917
23.8694
23.8258
23.87489
23.85842
23.88038
23.87863
23.91681
23.905
23.95139
23.91413
23.98013
23.9495
24.01473
23.9822
24.02382
24.02023
24.05709
24.04084
24.09267
24.04722
24.10167
24.07608
24.13305
24.10162
24.15904
24.10672
24.16787
24.1338
24.20315
24.17063
24.22994
24.17891
24.23624
24.19725
24.25381
24.20233
24.2589
24.20741
24.26398
24.23864
24.28542
24.24681
24.29049
24.26756
24.31163
24.28541
24.3204
24.29421
24.33422
24.30794
24.34964
24.31541
24.35472
24.33671
24.36099
24.35077
24.37227
24.35708
24.39194
24.36339
24.39825
24.37829
24.41071
24.3871
24.41702
24.40093
24.44076
24.41904
24.44587
24.42553
24.4647
24.4468
24.47105
24.45315
24.4891
24.47993
24.51056
24.49619
24.51741
24.50137
24.54266
24.50654
24.56523
24.52782
24.58836
24.54525
24.60781
24.55169
24.61426
24.57934
24.64926
24.61385
24.65774
24.64585
24.68217
24.65362
24.71412
24.67994
24.74163
24.70983
24.7651
24.7188
24.78546
24.74908
24.79077
24.76995
24.7961
24.78659
24.8118
24.79317
24.81835
24.80221
24.845
24.8269
24.86475
24.85335
24.8701
24.86246
24.89595
24.89265
24.90505
24.91469
24.92942
24.92007
24.95817
24.9387
24.97751
24.96116
24.98414
24.96654
25.00597
24.97191
25.03209
25.00354
25.04117
25.03439
25.07473
25.06446
25.10513
25.09473
25.13681
25.10381
25.1459
25.13072
25.16494
25.14527
25.17294
25.15187
25.19703
25.17096
25.20359
25.17633
25.23571
25.18169
25.24229
25.21148
25.26272
25.23809
25.2707
25.24719
25.29687
25.27308
25.3035
25.29838
25.32356
25.30498
25.33014
25.33541
25.35925
25.36454
25.38693
25.38884
25.40853
25.41368
25.44349
25.43649
25.4705
25.4432
25.48712
25.46442
25.49373
25.47354
25.51386
25.50162
25.52053
25.51077
25.54784
25.53203
25.557
25.55309
25.58248
25.55857
25.59083
25.56405
25.61376
25.59059
25.62043
25.62566
25.64497
25.65838
25.68024
25.69335
25.70957
25.71708
25.73629
25.75048
25.7596
25.78207
25.78724
25.78746
25.81732
25.79283
25.84334
25.82035
25.86973
25.84502
25.88922
25.85153
25.89452
25.87055
25.89978
25.89489
25.92337
25.91755
25.93236
25.95291
25.9663
25.98971
25.99511
26.02197
26.01847
26.03096
26.05414
26.06609
26.07932
26.09731
26.11734
26.13035
26.15106
26.16171
26.17904
26.18165
26.21457
26.2113
26.24243
26.22015
26.24874
26.25696
26.27266
26.26206
26.27776
26.27585
26.28287
26.29476
26.30169
26.30358
26.30679
26.32237
26.31188
26.32867
26.32707
26.33741
26.33588
26.35513
26.34466
26.36144
26.36592
26.38254
26.37475
26.40128
26.39353
26.40762
26.40237
26.43123
26.41012
26.43759
26.41896
26.45896
26.43807
26.48525
26.47055
26.50215
26.47822
26.50864
26.51314
26.52506
26.54338
26.53392
26.55124
26.56284
26.57774
26.58321
26.58658
26.59075
26.60986
26.61252
26.64493
26.62135
26.65006
26.64671
26.65518
26.671
26.68023
26.67733
26.68785
26.69122
26.71878
26.74759
26.73879
26.75392
26.76008
26.77157
26.76904
26.80822
26.78663
26.82312
26.8017
26.83143
26.80687
26.85402
26.83076
26.86199
26.85832
26.87962
26.87983
26.9047
26.88869
26.92245
26.9065
26.951
26.91165
26.97837
26.9168
26.98475
26.9444
27.0162
26.96895
27.04816
27.00593
27.05457
27.03492
27.08257
27.05522
27.09018
27.08038
27.12301
27.11183
27.15486
27.12078
27.17877
27.15606
27.20406
27.18446
27.21054
27.21894
27.24407
27.25058
27.25058
27.25856
27.28074
27.28944
27.34565
27.32246
27.35095
27.35031
27.35628
27.38823
27.38295
27.42373
27.41208
27.4552
27.44712
27.48435
27.48063
27.51779
27.51678
27.53247
27.55186
27.54072
27.58438
27.57628
27.61387
27.60441
27.64695
27.63684
27.67991
27.67413
27.71333
27.70692
27.74831
27.73925
27.75722
27.77167
27.78911
27.80552
27.81939
27.83058
27.85497
27.86786
27.89099
27.89883
27.92087
27.92908
27.95576
27.9482
27.98997
27.97296
27.99632
27.97925
28.01987
28.00815
28.02868
28.02642
28.05432
28.03523
28.06064
28.06817
28.087
28.07701
28.09346
28.10086
28.11479
28.13166
28.12363
28.16472
28.13616
28.18473
28.16895
28.21305
28.19448
28.21817
28.22724
28.24355
28.24836
28.26496
28.2803
28.29098
28.31729
28.32367
28.35033
28.33251
28.38489
28.36667
28.41435
28.39585
28.4457
28.42895
28.4635
28.45159
28.46861
28.48541
28.50606
28.49292
28.54097
28.53045
28.57713
28.56144
28.60677
28.59265
28.63522
28.60144
28.64394
28.63568
28.67802
28.66495
28.70782
28.67122
28.71289
28.70588
28.71796
28.71213
28.73504
28.73421
28.74331
28.73927
28.75837
28.74434
28.77768
28.7754
28.78275
28.79003
28.78781
28.79633
28.81122
28.80959
28.83612
28.81586
28.84238
28.82455
28.8614
28.84144
28.87899
28.84952
28.88527
28.8812
28.89993
28.90063
28.91657
28.90688
28.92471
28.92581
28.94614
28.93211
28.95494
28.95255
28.9767
28.97465
28.98298
28.98094
29.00718
28.99911
29.01466
29.00538
29.02994
29.02611
29.03979
29.04544
29.04486
29.05051
29.04993
29.05559
29.06403
29.08249
29.0874
29.10827
29.10556
29.12576
29.11184
29.14888
29.14412
29.17293
29.17153
29.18173
29.2012
29.21564
29.20628
29.23389
29.21136
29.2414
29.2366
29.26267
29.26107
29.2901
29.2766
29.3102
29.31031
29.31768
29.33285
29.35232
29.34165
29.37061
29.37146
29.37811
29.38024
29.38693
29.40756
29.39205
29.4164
29.39716
29.43642
29.42221
29.46118
29.42978
29.4698
29.45366
29.47614
29.47458
29.49733
29.48092
29.50369
29.48977
29.52003
29.51479
29.53872
29.52113
29.54384
29.54002
29.54896
29.55804
29.57378
29.56686
29.59336
29.59322
29.60216
29.61594
29.63183
29.63222
29.65481
29.63731
29.66111
29.65114
29.68177
29.6587
29.68806
29.67874
29.72103
29.68753
29.74068
29.71344
29.74577
29.71971
29.75086
29.73607
29.76961
29.74237
29.79264
29.75766
29.80917
29.76275
29.81426
29.76784
29.81936
29.78375
29.83574
29.79005
29.84085
29.80873
29.84594
29.81383
29.8545
29.83157
29.8723
29.83786
29.89843
29.85384
29.90692
29.85895
29.92024
29.86406
29.93528
29.87661
29.94411
29.89745
29.96279
29.90626
29.97989
29.92623
29.99574
29.94394
30.00206
29.96626
30.02796
29.99147
30.05613
30.02003
30.08919
30.04967
30.10973
30.05845
30.131
30.08528
30.13947
30.09188
30.15481
30.11738
30.16109
30.12366
30.18185
30.14724
30.18694
30.15352
30.21138
30.17505
30.22997
30.1862
30.25354
30.19497
30.27419
30.2036
30.28233
30.22411
30.291
30.2478
30.31064
30.25289
30.31919
30.25798
30.33479
30.28535
30.34364
30.30995
30.37625
30.33432
30.38419
30.34314
30.4188
30.37977
30.44818
30.406
30.47779
30.43222
30.48666
30.4401
30.50048
30.464
30.52551
30.47035
30.534
30.50295
30.56171
30.52657
30.58308
30.55321
30.59193
30.58333
30.61601
30.60263
30.64067
30.60892
30.66674
30.6287
30.69776
30.64985
30.73006
30.68602
30.73634
30.71028
30.76767
30.71658
30.78643
30.73799
30.79273
30.74679
30.81778
30.77596
30.82661
30.78729
30.84289
30.79612
30.84799
30.826
30.8728
30.83861
30.90487
30.84504
30.9253
30.86641
30.94537
30.88775
30.96783
30.90743
30.98038
30.91632
30.9867
30.94237
31.00304
30.96742
31.01187
30.99094
31.03795
31.02238
31.07077
31.04122
31.10481
31.05008
31.13363
31.07487
31.15656
31.08382
31.18789
31.11772
31.22724
31.14149
31.2538
31.15045
31.28291
31.17959
31.31254
31.18805
31.34279
31.22584
31.35054
31.2562
31.38206
31.29344
31.41312
31.32636
31.44557
31.36149
31.48034
31.39358
31.51266
31.42917
31.55
31.46501
31.5879
31.49746
31.61947
31.53613
31.62724
31.56812
31.65995
31.60009
31.69599
31.63286
31.72621
31.63816
31.75928
31.67033
31.79479
31.70131
31.82576
31.73575
31.83477
31.76416
31.86586
31.79912
31.90085
31.82617
31.93536
31.86094
31.96793
31.89528
32.00101
31.93112
32.03807
31.94
32.04683
31.96403
32.07874
31.97042
32.11254
32.00417
32.14763
32.06281
32.18188
32.12614
32.21126
32.14857
32.24604
32.18073
32.28188
32.20602
32.3145
32.23867
32.34616
32.29677
32.37973
32.32806
32.40751
32.35204
32.41595
32.36015
32.44209
32.3816
32.46434
32.39062
32.47268
32.41103
32.49386
32.42003
32.50201
32.44054
32.52543
32.45921
32.53451
32.46428
32.55312
32.4696
32.57208
32.49299
32.57834
32.50051
32.60566
32.51426
32.61256
32.5197
32.63847
32.54749
32.65824
32.57303
32.68767
32.5817
32.72182
32.60905
32.75427
32.64515
32.78458
32.70881
32.79333
32.71767
32.8273
32.74872
32.85356
32.75415
32.88265
32.75922
32.90387
32.79078
32.91994
32.81995
32.92516
32.84973
32.93021
32.85598
32.94935
32.88934
32.95441
32.89791
32.95963
32.91576
32.97318
32.92081
32.97838
32.92601
32.99941
32.95609
33.02106
32.96868
33.02938
32.97664
33.05936
32.99179
33.08
33.0215
33.10142
33.02777
33.10997
33.04708
33.13582
33.05215
33.15269
33.05722
33.16853
33.07702
33.17482
33.09093
33.19296
33.09723
33.20109
33.12418
33.22114
33.15199
33.23527
33.18127
33.24407
33.20328
33.27486
33.20956
33.29383
33.23735
33.30009
33.24576
33.31876
33.26543
33.32381
33.27398
33.32904
33.29287
33.3532
33.29919
33.37892
33.30802
33.40166
33.34172
33.42761
33.36438
33.45016
33.36946
33.4591
33.37456
33.4769
33.39898
33.49452
33.40528
33.51914
33.43034
33.53257
33.43913
33.55342
33.46076
33.58251
33.47912
33.61371
33.5127
33.65086
33.54699
33.67915
33.58088
33.68717
33.61391
33.72268
33.64837
33.75385
33.6851
33.78968
33.69363
33.796
33.7294
33.82967
33.76466
33.85601
33.79726
33.86353
33.82813
33.89626
33.84948
33.92972
33.87481
33.96247
33.89553
33.99012
33.93016
33.9952
33.94883
34.02228
33.95761
34.05677
33.99487
34.09116
34.00119
34.12155
34.03583
34.13034
34.05574
34.14922
34.06419
34.18344
34.08785
34.21155
34.1096
34.23564
34.11728
34.26645
34.14112
34.29263
34.16245
34.3247
34.19755
34.34729
34.22949
34.35524
34.26039
34.38159
34.2947
34.41541
34.33003
34.44277
34.36308
34.47062
34.385
34.47951
34.42134
34.51309
34.44729
34.54871
34.48264
34.57996
34.5149
34.61498
34.55011
34.64529
34.58122
34.67669
34.61771
34.6837
34.65245
34.72016
34.6844
34.75113
34.7076
34.78287
34.71394
34.81865
34.74608
34.84821
34.76853
34.8739
34.79105
34.8802
34.79734
34.91356
34.82991
34.92236
34.86003
34.95279
34.87595
34.98514
34.88478
34.9938
34.91575
35.01905
34.94142
35.02534
34.96008
35.03418
34.99722
35.05994
35.01936
35.07679
35.02803
35.09682
35.05684
35.1242
35.07071
35.12931
35.08822
35.15693
35.09454
35.16572
35.10088
35.19943
35.1273
35.22988
35.15606
35.26744
35.18381
35.30633
35.20541
35.3127
35.23107
35.34835
35.25888
35.38027
35.26648
35.38668
35.30524
35.41521
35.33229
35.4497
35.33873
35.48615
35.36906
35.52275
35.40429
35.55522
35.41328
35.58786
35.44845
35.62523
35.4837
35.66191
35.52091
35.69643
35.55685
35.73272
35.59051
35.76611
35.62437
35.79844
35.65982
35.83375
35.69353
35.87176
35.72951
35.9038
35.76587
35.9379
35.79693
35.97271
35.83213
36.01006
35.86425
36.04602
35.90182
36.08175
35.93697
36.11352
35.97322
36.14526
36.00332
36.18036
36.0368
36.21764
36.06897
36.25039
36.10464
36.27633
36.13929
36.28281
36.17265
36.30409
36.20674
36.34303
36.24414
36.37844
36.27965
36.41299
36.31663
36.45222
36.35045
36.48529
36.3853
36.51642
36.41776
36.55278
36.45314
36.58904
36.49
36.62003
36.51913
36.64907
36.54991
36.68285
36.58218
36.71977
36.59107
36.74979
36.62105
36.78115
36.62741
36.78749
36.65929
36.81255
36.68901
36.8442
36.71967
36.87727
36.72854
36.91503
36.76372
36.92018
36.78711
36.92532
36.79596
36.94666
36.83283
36.97834
36.86835
37.01322
36.90209
37.04876
36.93304
37.08195
36.96872
37.11412
37.0012
37.14713
37.03629
37.18044
37.07138
37.21479
37.10362
37.24831
37.1357
37.28043
37.16993
37.3154
37.17892
37.34504
37.21219
37.38037
37.24546
37.41441
37.28024
37.44918
37.31667
37.48752
37.35145
37.52223
37.38641
37.55944
37.42323
37.59375
37.45671
37.62738
37.49021
37.65892
37.52197
37.6934
37.55722
37.72998
37.5898
37.76499
37.62812
37.79995
37.6659
37.83625
37.71059
37.87209
37.74519
37.90818
37.78016
37.94309
37.81354
37.97302
37.84687
38.0107
37.87995
38.04641
37.91887
38.08236
37.95684
38.11969
37.99208
38.15677
38.0264
38.18322
38.05999
38.21662
38.09349
38.25214
38.12933
38.28828
38.16079
38.31915
38.19072
38.3402
38.22323
38.36967
38.25845
38.40265
38.29287
38.43644
38.32568
38.46996
38.35883
38.50691
38.39449
38.53611
38.42686
38.56811
38.45917
38.60443
38.49413
38.64059
38.52645
38.67406
38.5579
38.71088
38.59007
38.80885
38.62665
38.81517
38.66158
38.85406
38.70039
38.88296
38.7295
38.90039
38.76802
38.90549
38.79589
38.9106
38.82338
38.94948
38.85713
38.98196
38.89105
39.0064
38.92347
39.03523
38.95718
39.0649
38.99482
39.10185
39.02548
39.13591
39.05493
39.1704
39.0638
39.20312
39.10079
39.22899
39.13122
39.26206
39.1663
39.29325
39.19791
39.32355
39.2323
39.35626
39.26704
39.39244
39.29907
39.39755
39.33703
39.43404
39.36402
39.46522
39.39802
39.49925
39.43187
39.53526
39.46603
39.57307
39.50387
39.6078
39.53629
39.64459
39.57488
39.67546
39.60712
39.71067
39.64238
39.74319
39.67892
39.77979
39.70959
39.81281
39.74809
39.8475
39.78447
39.88526
39.81934
39.92364
39.85216
39.95807
39.88663
39.98932
39.92171
40.02671
39.95818
40.06454
39.96592
40.10104
40.00351
40.13904
40.03883
40.16947
40.06912
40.20246
40.1036
40.2415
40.13939
40.2761
40.17739
40.30763
40.20822
40.33919
40.23904
40.37264
40.27078
40.4092
40.30906
40.43934
40.34344
40.47427
40.37336
40.50894
40.40107
40.5429
40.43145
40.57792
40.46584
40.61426
40.50193
40.65503
40.53953
40.69276
40.56843
40.72414
40.59984
40.75055
40.63427
40.75964
40.6608
40.79583
40.69385
40.83521
40.73206
40.87119
40.76657
40.90635
40.79802
40.94483
40.8345
40.982
40.87082
41.0193
40.90269
41.05271
40.93904
41.08972
40.97584
41.12609
41.00493
41.16396
41.04325
41.19835
41.07187
41.22713
41.10571
41.26199
41.13872
41.29848
41.17069
41.30727
41.20987
41.34236
41.24524
41.37944
41.28285
41.417
41.31298
41.45284
41.34117
41.48943
41.34627
41.51868
41.35139
41.54171
41.38758
41.56422
41.41389
41.60034
41.44732
41.62967
41.48238
41.66667
41.51651
41.70274
41.55272
41.73739
41.62582
41.77376
41.66202
41.80774
41.69637
41.83899
41.73256
41.87091
41.76759
41.90501
41.80234
41.93792
41.8281
41.96341
41.83565
41.9961
41.8684
42.01613
41.8998
42.05396
41.90492
42.08891
41.91006
42.11443
41.94436
42.12199
41.98011
42.15874
42.01515
42.19634
42.04915
42.23094
42.08617
42.23854
42.11848
42.26894
42.13889
42.30311
42.1453
42.33957
42.18342
42.36596
42.22033
42.38702
42.25557
42.41353
42.29115
42.43995
42.31699
42.46099
42.35102
42.4912
42.3832
42.5256
42.4181
42.56287
42.45499
42.60049
42.48788
42.63462
42.52634
42.66986
42.56079
42.70373
42.5964
42.74279
42.63428
42.77903
42.6698
42.81553
42.70246
42.8535
42.74002
42.89085
42.77616
42.92711
42.81036
42.96321
42.84472
42.99661
42.88254
43.03364
42.95383
43.07158
42.98956
43.10736
43.0271
43.14261
43.06359
43.17897
43.10048
43.21453
43.13267
43.25176
43.16887
43.28534
43.20541
43.32356
43.24183
43.36021
43.2802
43.39553
43.31728
43.42953
43.3539
43.46553
43.38924
43.50298
43.42584
43.54237
43.49506
43.57355
43.52716
43.60504
43.53601
43.63269
43.56786
43.64153
43.57666
43.67485
43.59794
43.69535
43.60863
43.70043
43.61373
43.70553
43.63255
43.71686
43.64018
43.73028
43.64899
43.73661
43.65778
43.7737
43.67908
43.79584
43.68758
43.82518
43.71151
43.83149
43.73274
43.86034
43.73907
43.86914
43.76415
43.90305
43.78672
43.93788
43.82431
43.96179
43.8615
43.97068
43.89802
44.00792
43.93593
44.046
43.97085
44.08497
44.00746
44.11922
44.03157
44.15991
44.03677
44.19501
44.042
44.23289
44.08055
44.27031
44.1134
44.30476
44.15003
44.34076
44.18795
44.37715
44.22311
44.40872
44.2597
44.44564
44.32713
44.48386
44.36446
44.51997
44.40123
44.55459
44.43694
44.59151
44.47034
44.62872
44.50504
44.66658
44.54311
44.69963
44.57718
44.73255
44.61304
44.76881
44.64559
44.80621
44.67915
44.84435
44.71649
44.88183
44.75353
44.9178
44.78872
44.95085
44.82583
44.95979
44.8636
44.99727
44.90042
45.03029
44.93035
45.06418
44.95973
45.10093
44.9965
45.13753
45.03227
45.16935
45.06617
45.20515
45.10215
45.23979
45.13087
45.27304
45.13977
45.31212
45.16563
45.34848
45.20453
45.38499
45.24136
45.41393
45.27722
45.42287
45.31411
45.46154
45.34998
45.49465
45.38259
45.53
45.41868
45.56438
45.45629
45.60344
45.49255
45.63681
45.52503
45.67284
45.56377
45.70254
45.59977
45.74106
45.63531
45.77425
45.67182
45.81117
45.70663
45.84778
45.73992
45.88357
45.77623
45.92244
45.80597
45.95889
45.84092
45.99138
45.87124
46.02364
45.90806
46.05616
45.94093
46.08767
45.97645
46.12672
46.01363
46.15929
46.05016
46.19099
46.0888
46.2291
46.1237
46.26469
46.16132
46.30183
46.19664
46.33877
46.23274
46.37251
46.26781
46.40714
46.3023
46.44268
46.33592
46.48076
46.37286
46.51611
46.40917
46.55311
46.44383
46.59003
46.48066
46.62486
46.51842
46.66392
46.55541
46.6937
46.5874
46.72765
46.62125
46.76361
46.65586
46.79853
46.69278
46.83298
46.7249
46.87122
46.75867
46.9079
46.79797
46.94176
46.83319
46.97565
46.86025
47.01341
46.90613
47.04683
46.93801
47.08188
46.97362
47.11892
47.00972
47.15385
47.04335
47.19273
47.07458
47.2239
47.11282
47.26136
47.1484
47.29918
47.18583
47.33636
47.22572
47.36795
47.26378
47.39789
47.29321
47.43188
47.32481
47.46854
47.35991
47.49629
47.397
47.53528
47.43328
47.57199
47.46866
47.60661
47.50669
47.64613
47.54292
47.68106
47.58592
47.71656
47.62442
47.74881
47.65783
47.78406
47.68897
47.81834
47.72105
47.84964
47.75817
47.88498
47.79317
47.91738
47.82384
47.95188
47.86163
47.98133
47.88457
47.99022
47.89094
48.02867
47.9272
48.06389
47.9596
48.09512
47.99479
48.12896
48.02849
48.16647
48.06397
48.20186
48.09808
48.22696
48.13565
48.26383
48.16365
48.2975
48.2015
48.335
48.23141
48.37022
48.23785
48.40827
48.27441
48.43866
48.30789
48.47351
48.37416
48.50814
48.40988
48.54211
48.44545
48.5794
48.48086
48.61494
48.5025
48.6425
48.51129
48.65136
48.54268
48.68572
48.58164
48.72463
48.61973
48.75855
48.63882
48.78781
48.66517
48.81041
48.69717
48.84678
48.7272
48.88467
48.76343
48.91885
48.8
48.95648
48.83816
48.99411
48.87495
49.02927
48.91196
49.06451
48.94678
49.10284
48.98186
49.13927
49.01889
49.17805
49.05832
49.21471
49.09361
49.24842
49.13063
49.28614
49.16846
49.32248
49.20905
49.35977
49.24126
49.39627
49.27925
49.43126
49.3517
49.46911
49.38826
49.50817
49.4274
49.54767
49.46152
49.58206
49.49815
49.61597
49.53268
49.65097
49.57191
49.68812
49.60828
49.72594
49.64763
49.76273
49.68489
49.80023
49.72147
49.83802
49.76015
49.8775
49.80096
49.91618
49.83452
49.95207
49.87153
49.98977
49.90858
50.0249
49.94521
50.06268
49.98199
50.0972
50.01907
50.13577
50.05884
50.16989
50.09671
50.20884
50.13409
50.24787
50.17331
50.28477
50.20493
50.31935
50.24236
50.35447
50.27995
50.39014
50.31472
50.4273
50.3516
50.46228
50.38641
50.5012
50.42553
50.53717
50.46302
50.57312
50.50024
50.61001
50.57319
50.64805
50.6102
50.68146
50.64378
50.71472
50.67971
50.74937
50.71772
50.78759
50.75401
50.82381
50.79081
50.86036
50.82903
50.89455
50.8549
50.92268
50.88361
50.94279
50.9144
50.98191
50.94058
51.01104
50.97476
51.04584
50.99967
51.07602
51.0353
51.11065
51.07341
51.14843
51.11014
51.18293
51.14651
51.19036
51.17786
51.21926
51.19001
51.23275
51.19516
51.23909
51.20658
51.26801
51.22717
51.30414
51.25625
51.33974
51.2891
51.37404
51.32341
51.39525
51.35638
51.41594
51.38531
51.44388
51.39419
51.47607
51.42333
51.5024
51.46295
51.51991
51.48752
51.52626
51.5151
51.56515
51.53667
51.574
51.54423
51.60452
51.56055
51.6335
51.56691
51.64233
51.5983
51.67622
51.62783
51.70812
51.66432
51.74552
51.70108
51.7805
51.7371
51.81946
51.74598
51.85846
51.78251
51.89403
51.82152
51.92867
51.85576
51.96292
51.89046
51.98815
51.92496
51.99457
51.9641
52.03357
51.99849
52.07071
52.03645
52.10586
52.0755
52.14244
52.11055
52.18153
52.15059
52.2194
52.18964
52.25545
52.22935
52.29376
52.2651
52.32763
52.29997
52.36519
52.33915
52.40424
52.37209
52.44291
52.40981
52.48063
52.44689
52.5184
52.48656
52.55763
52.52585
52.59535
52.56326
52.63316
52.60055
52.67149
52.63698
52.70801
52.67531
52.74671
52.71529
52.78507
52.75043
52.82313
52.78848
52.85655
52.82554
52.89709
52.86409
52.93471
52.90136
52.97561
52.94002
53.01408
52.98002
53.05519
53.01669
53.09296
53.05747
53.13043
53.09674
53.16799
53.13353
53.20337
53.17234
53.23926
53.21008
53.27778
53.24753
53.3152
53.28673
53.35316
53.3237
53.39086
53.36238
53.42868
53.39584
53.46608
53.434
53.50467
53.47213
53.5434
53.5092
53.58014
53.54572
53.61663
53.58305
53.65181
53.62032
53.68899
53.65705
53.7244
53.73186
53.76011
53.76376
53.7967
53.79918
53.83079
53.83395
53.8671
53.87307
53.90426
53.90943
53.93632
53.94685
53.97156
53.9851
54.00957
54.02278
54.04657
54.05465
54.08301
54.0879
54.11607
54.12087
54.15398
54.15856
54.18563
54.19309
54.22173
54.22415
54.25844
54.26071
54.29098
54.26954
54.32628
54.30844
54.36056
54.34269
54.39732
54.36973
54.43606
54.37605
54.46943
54.41238
54.47828
54.44865
54.51506
54.48555
54.54867
54.51075
54.57512
54.54721
54.60769
54.57102
54.61282
54.6101
54.65
54.63426
54.67824
54.66444
54.71762
54.70282
54.74644
54.73927
54.75279
54.7678
54.79237
54.80471
54.82813
54.84372
54.8668
54.88165
54.9012
54.91825
54.94004
54.95623
54.97445
54.99382
55.0123
55.02705
55.0434
55.06359
55.11647
55.10246
55.15411
55.13856
55.19049
55.17556
55.22939
55.21408
55.25993
55.24472
55.30051
55.28184
55.33284
55.32005
55.36271
55.35684
55.39619
55.39209
55.43245
55.42353
55.46823
55.46265
55.50366
55.49855
55.5399
55.53633
55.57804
55.57377
55.61406
55.61165
55.65356
55.64884
55.6867
55.68468
55.72512
55.72027
55.7609
55.75866
55.79676
55.79488
55.86953
55.83197
55.90588
55.86552
55.9433
55.90289
55.97771
55.94112
56.01508
55.97905
56.05049
56.01574
56.08942
56.05291
56.12695
56.09117
56.16394
56.12915
56.20179
56.16557
56.23797
56.19893
56.27203
56.23674
56.30766
56.27167
56.3414
56.30863
56.37708
56.34324
56.4447
56.37967
56.47586
56.41423
56.50695
56.4496
56.5448
56.48224
56.55365
56.52041
56.58754
56.55835
56.62278
56.59394
56.66182
56.62678
56.69623
56.66331
56.72774
56.69614
56.7644
56.73342
56.80273
56.77171
56.84002
56.80775
56.87102
56.8416
56.90918
56.87908
56.9468
56.91737
56.98088
56.95346
57.01836
56.98833
57.0529
57.02505
57.08958
57.0619
57.12741
57.1
57.16658
57.13792
57.20338
57.17406
57.2345
57.2038
57.27137
57.24102
57.31048
57.28011
57.3412
57.31506
57.37633
57.35026
57.40891
57.38319
57.44633
57.41994
57.48706
57.45704
57.51941
57.496
57.59446
57.53424
57.6305
57.56898
57.66785
57.60458
57.70171
57.64228
57.73528
57.67606
57.76815
57.71209
57.80788
57.74682
57.84688
57.78266
57.88213
57.82044
57.9209
57.85826
57.95506
57.89236
57.98867
57.92768
58.02139
57.9614
58.05572
57.99978
58.09161
58.0365
58.12672
58.07161
58.16563
58.11085
58.20356
58.14808
58.27753
58.18478
58.31034
58.22314
58.34588
58.25755
58.37879
58.29222
58.40985
58.32863
58.44492
58.36484
58.48384
58.39997
58.52191
58.43436
58.56053
58.47253
58.59486
58.50824
58.60374
58.54296
58.64291
58.58158
58.67771
58.6172
58.71604
58.65421
58.75054
58.69014
58.78379
58.72542
58.81744
58.76189
58.85509
58.79459
58.89325
58.83255
58.9266
58.86688
58.96295
58.90105
58.99694
58.93896
59.03368
58.97643
59.07221
59.01479
59.10585
59.05466
59.14072
59.09136
59.17585
59.12905
59.21407
59.16386
59.25299
59.20074
59.28446
59.23517
59.31961
59.27004
59.35785
59.30917
59.39511
59.34721
59.4318
59.38326
59.46945
59.42202
59.50463
59.45998
59.54099
59.49671
59.5798
59.53188
59.61783
59.5727
59.65647
59.60913
59.69371
59.6465
59.7314
59.68566
59.76973
59.72585
59.80612
59.76005
59.84278
59.79884
59.87991
59.83338
59.91637
59.87259
59.95429
59.90772
59.99408
59.94673
60.03099
59.98468
60.06894
60.02224
60.10691
60.06176
60.14737
60.10092
60.18651
60.13894
60.22397
60.17382
60.25854
60.21198
60.29905
60.25119
60.33837
60.28731
60.37698
60.32788
60.41474
60.36708
60.4539
60.40766
60.49372
60.44674
60.53288
60.48576
60.57116
60.52377
60.60597
60.56036
60.64555
60.59851
60.68239
60.63597
60.71946
60.67524
60.7585
60.71236
60.79829
60.75055
60.83419
60.78638
60.86974
60.82469
60.90585
60.86106
60.94098
60.89707
60.97549
60.93202
61.01023
60.96679
61.04662
61.00518
61.08564
61.04465
61.12501
61.07916
61.16216
61.10863
61.19773
61.1475
61.23669
61.18292
61.27239
61.21784
61.30761
61.25562
61.34673
61.29383
61.38026
61.33017
61.41943
61.36933
61.45861
61.40763
61.49456
61.44447
61.53207
61.48277
61.56901
61.52014
61.60767
61.55668
61.64473
61.59544
61.68175
61.63089
61.71958
61.668
61.75588
61.70524
61.79218
61.74237
61.83026
61.77844
61.86745
61.81625
61.9054
61.85448
61.94374
61.89357
61.98085
61.92839
62.01813
61.96851
62.05337
62.00309
62.09135
62.04127
62.12617
62.07548
62.16125
62.11078
62.19904
62.14784
62.23812
62.18351
62.27408
62.2218
62.31219
62.26033
62.34605
62.298
62.38543
62.33622
62.42199
62.37022
62.46108
62.409
62.49892
62.44482
62.53619
62.48142
62.57403
62.51937
62.61316
62.55779
62.65125
62.597
62.69064
62.63672
62.7285
62.67243
62.76498
62.71041
62.806
62.74839
62.84535
62.78724
62.8842
62.82504
62.92109
62.86294
62.96059
62.90307
62.99987
62.9415
63.03896
62.98023
63.07834
63.01929
63.11659
63.05702
63.15701
63.09636
63.19652
63.13749
63.23611
63.17447
63.275
63.21553
63.31619
63.25499
63.35479
63.29512
63.39453
63.33471
63.43418
63.37352
63.47549
63.41249
63.51455
63.45207
63.55567
63.49269
63.59522
63.53214
63.63627
63.57334
63.67588
63.61297
63.71672
63.65398
63.75619
63.6937
63.79742
63.73494
63.83704
63.77454
63.87822
63.81581
63.91788
63.85539
63.95737
63.89335
63.9968
63.9328
64.03563
63.97308
64.07654
64.01244
64.1148
64.05183
64.15401
64.09096
64.19118
64.12958
64.23048
64.16802
64.26953
64.20527
64.30668
64.24219
64.34427
64.27909
64.38345
64.31821
64.42046
64.35632
64.45741
64.39177
64.49644
64.42813
64.52862
64.46603
64.59984
64.50372
64.60871
64.53152
64.63984
64.5695
64.66518
64.60642
64.67403
64.63798
64.70119
64.67587
64.73815
64.70895
64.76839
64.74406
64.80543
64.78018
64.84193
64.81876
64.877
64.85786
64.91459
64.89452
64.94704
64.93229
64.98495
64.96783
65.01794
65.00069
65.0546
65.03983
65.09252
65.078
65.13136
65.11605
65.16927
65.15379
65.20809
65.19288
65.24588
65.23164
65.28375
65.27088
65.32455
65.3101
65.36387
65.34844
65.40195
65.38741
65.44107
65.42668
65.47837
65.46388
65.51571
65.50087
65.55429
65.54015
65.59219
65.57893
65.63114
65.61761
65.67021
65.65562
65.70914
65.69508
65.74863
65.73434
65.78745
65.77369
65.82683
65.8139
65.86615
65.85213
65.90588
65.89027
65.94444
65.92859
65.98428
65.96746
66.02269
66.00701
66.06394
66.04824
66.10357
66.08799
66.14415
66.12909
66.18393
66.16885
66.22501
66.20895
66.26405
66.24834
66.30003
66.28703
66.33926
66.32491
66.37812
66.36334
66.41702
66.4015
66.45499
66.4398
66.49068
66.476
66.52971
66.5141
66.56777
66.55236
66.60442
66.5897
66.63839
66.62592
66.67615
66.66503
66.71243
66.70085
66.75164
66.7417
66.7908
66.77817
66.82858
66.81694
66.86742
66.85612
66.9085
66.89713
66.94736
66.93515
66.98629
66.97048
67.021
67.00973
67.06032
67.0491
67.09843
67.08842
67.1367
67.12686
67.17522
67.16534
67.21323
67.20333
67.25182
67.24268
67.28992
67.28093
67.32714
67.31822
67.3649
67.35689
67.40221
67.39494
67.44155
67.43423
67.48172
67.47518
67.521
67.51411
67.5603
67.55331
67.59948
67.59225
67.63927
67.63058
67.67578
67.66588
67.71236
67.70458
67.74832
67.74195
67.78711
67.7808
67.82578
67.8195
67.86414
67.85776
67.90338
67.89685
67.9427
67.93616
67.98194
67.9754
68.0212
68.01461
68.05722
68.05148
68.09647
68.08953
68.13353
68.12625
68.17133
68.16383
68.21041
68.20266
68.24889
68.24135
68.28812
68.28048
68.32514
68.31874
68.36424
68.35636
68.40351
68.39555
68.44133
68.43332
68.47935
68.47214
68.51778
68.50896
68.55649
68.54769
68.59536
68.58624
68.63481
68.62568
68.67406
68.66391
68.71346
68.70285
68.75267
68.74197
68.79198
68.78027
68.82845
68.81901
68.86784
68.85766
68.90639
68.897
68.94563
68.93575
68.98471
68.97552
69.02395
69.01418
69.06216
69.05087
69.10031
69.08861
69.13877
69.12848
69.17694
69.16779
69.21555
69.20603
69.25451
69.2454
69.29256
69.28478
69.33207
69.32417
69.37155
69.36324
69.41158
69.40109
69.45001
69.43959
69.48826
69.47804
69.52686
69.51727
69.56442
69.55331
69.60078
69.58807
69.6376
69.62758
69.66514
69.63641
69.7037
69.67547
69.74279
69.71481
69.76888
69.73965
69.79642
69.77734
69.81863
69.81644
69.84732
69.85551
69.88004
69.89449
69.91893
69.9297
69.95606
69.96463
69.9925
70.00376
70.02997
70.04322
70.0693
70.08103
70.10716
70.11916
70.14734
70.14466
70.18639
70.15353
70.21915
70.18993
70.2582
70.19719
70.29739
70.23632
70.33466
70.26278
70.37275
70.29754
70.40998
70.3347
70.44912
70.36635
70.48497
70.40496
70.52405
70.44254
70.56226
70.48206
70.59872
70.52053
70.60768
70.56113
70.64493
70.6002
70.68358
70.6394
70.72018
70.67719
70.75705
70.71369
70.79428
70.74914
70.83039
70.78812
70.86956
70.82907
70.90778
70.86629
70.94656
70.90546
70.98707
70.94407
71.0246
70.98215
71.06161
71.02063
71.09899
71.0594
71.13795
71.09826
71.17699
71.13762
71.21231
71.17561
71.25148
71.21223
71.2907
71.25142
71.33054
71.2905
71.36982
71.32899
71.40668
71.36803
71.44595
71.40743
71.48524
71.44672
71.52282
71.48576
71.55756
71.52298
71.59695
71.56002
71.63621
71.59792
71.67567
71.63825
71.71606
71.67754
71.75549
71.71702
71.79516
71.7544
71.83409
71.79503
71.87153
71.83432
71.90954
71.87231
71.94846
71.91148
71.98833
71.95029
72.02692
71.99136
72.06708
72.03074
72.10551
72.07059
72.14644
72.10695
72.18564
72.14796
72.22424
72.18624
72.26277
72.22562
72.30088
72.26374
72.34026
72.30478
72.37967
72.34216
72.41779
72.38297
72.45663
72.42227
72.49617
72.46133
72.53503
72.50032
72.5719
72.53812
72.61111
72.57816
72.64964
72.61688
72.68837
72.65644
72.72968
72.696
72.76927
72.7365
72.80905
72.77612
72.84869
72.81553
72.88898
72.85516
72.9271
72.89473
72.96744
72.93384
73.00592
72.97475
73.04638
73.01411
73.08608
73.05455
73.12691
73.0939
73.16673
73.13501
73.20618
73.17479
73.2476
73.21604
73.2861
73.25498
73.32692
73.29563
73.36648
73.3353
73.40631
73.37489
73.44565
73.4156
73.48663
73.45523
73.52615
73.49606
73.56544
73.53556
73.60373
73.57575
73.64079
73.61218
73.67999
73.65185
73.7201
73.6889
73.75929
73.72746
73.79571
73.76665
73.83318
73.80715
73.87247
73.84554
73.91178
73.88564
73.95132
73.92493
73.98904
73.96285
74.02817
74.00186
74.06784
74.04002
74.10696
74.0788
74.14385
74.11794
74.18175
74.15904
74.22238
74.19843
74.26141
74.23833
74.30239
74.27757
74.34026
74.31699
74.37935
74.35646
74.41874
74.39485
74.45692
74.43192
74.49609
74.47182
74.53435
74.51121
74.57455
74.55067
74.61401
74.58801
74.65326
74.62508
74.69254
74.66435
74.732
74.70356
74.76894
74.74249
74.80812
74.78128
74.84708
74.82072
74.88551
74.86018
74.92487
74.90098
74.96581
74.94037
75.00507
74.97793
75.04313
75.01669
75.08241
75.05623
75.11903
75.09433
75.15694
75.13377
75.19412
75.17294
75.23179
75.21136
75.27097
75.2506
75.3103
75.28687
75.34918
75.32487
75.38571
75.36072
75.4248
75.39284
75.46427
75.43111
75.50148
75.46919
75.53995
75.50647
75.57631
75.54488
75.61517
75.58281
75.65538
75.62216
75.69337
75.66183
75.73198
75.69887
75.77057
75.73662
75.80768
75.77415
75.84694
75.81348
75.88531
75.85188
75.92374
75.89104
75.96054
75.9275
75.99928
75.96742
76.03744
75.99809
76.06641
76.02962
76.0966
76.03848
76.11773
76.06494
76.15035
76.09142
76.17072
76.12615
76.17709
76.15598
76.19845
76.19172
76.23747
76.21822
76.2614
76.25568
76.29378
76.28819
76.33021
76.31598
76.36622
76.35401
76.40094
76.39139
76.43743
76.42858
76.47292
76.46554
76.50861
76.50056
76.54387
76.535
76.5817
76.57401
76.62043
76.61046
76.65617
76.64716
76.69403
76.68568
76.73022
76.72391
76.76685
76.75977
76.80362
76.79836
76.84156
76.83604
76.87646
76.87087
76.91235
76.90832
76.95071
76.94495
76.98901
76.98056
77.02702
77.01933
77.06555
77.05273
77.10451
77.08443
77.14532
77.12367
77.18468
77.1631
77.21912
77.20248
77.25312
77.2393
77.29163
77.27557
77.33041
77.31358
77.3688
77.35271
77.40751
77.39152
77.44675
77.4309
77.4861
77.46941
77.52538
77.50866
77.56461
77.54788
77.60063
77.58552
77.63733
77.62285
77.67612
77.66019
77.71396
77.69921
77.75172
77.73638
77.79069
77.77428
77.82862
77.81332
77.86784
77.85259
77.90723
77.89268
77.94576
77.9307
77.98418
77.97099
78.02278
78.00958
78.06008
78.04936
78.09946
78.08883
78.13869
78.12872
78.17693
78.16805
78.21617
78.20773
78.25356
78.2457
78.29299
78.28407
78.3297
78.32489
78.3683
78.4013
78.40712
78.441
78.44678
78.48219
78.48673
78.52187
78.52502
78.56226
78.56602
78.60166
78.60298
78.64046
78.64227
78.67913
78.67908
78.71744
78.71592
78.75285
78.75395
78.79351
78.79282
78.83256
78.83001
78.87063
78.86819
78.90981
78.90515
78.94904
78.94312
78.98459
78.98138
79.02371
79.01734
79.06215
79.05804
79.09877
79.09333
79.13474
79.132
79.17146
79.17065
79.20896
79.20759
79.24797
79.2455
79.28574
79.28318
79.32668
79.31869
79.36432
79.35577
79.40234
79.39355
79.44154
79.43095
79.48011
79.46764
79.51678
79.50682
79.55542
79.54613
79.59473
79.58498
79.63324
79.6244
79.67271
79.66306
79.71347
79.70213
79.75298
79.74142
79.79424
79.78092
79.83212
79.81962
79.86971
79.85851
79.90866
79.89832
79.94809
79.93594
79.98837
79.97464
80.02796
80.01273
80.06921
80.05292
80.10884
80.09235
80.15006
80.1331
80.18918
80.1717
80.22744
80.21284
80.26717
80.25246
80.30846
80.29163
80.34747
80.33098
80.38879
80.37062
80.42851
80.41088
80.46876
80.4504
80.50834
80.48919
80.54617
80.52732
80.58538
80.56618
80.62524
80.60529
80.66367
80.64226
80.7028
80.68151
80.74089
80.71959
80.78046
80.75874
80.81916
80.79759
80.85862
80.83492
80.89569
80.87276
80.93497
80.91129
80.97353
80.95059
81.01166
80.98936
81.05
81.02606
81.08857
81.06448
81.12803
81.10379
81.1661
81.14475
81.20492
81.18049
81.2418
81.21925
81.28088
81.25751
81.32046
81.29781
81.35897
81.33656
81.39727
81.37605
81.43664
81.41481
81.47471
81.45142
81.5098
81.49235
81.54871
81.52846
81.58681
81.56461
81.62503
81.60092
81.66005
81.64065
81.70022
81.67867
81.74104
81.7183
81.78051
81.75766
81.8194
81.79691
81.85696
81.83472
81.89429
81.87427
81.93233
81.90991
81.97346
81.9488
82.012
81.98806
82.05288
82.02741
82.09251
82.06602
82.13192
82.1056
82.17046
82.1468
82.20893
82.18388
82.24798
82.22319
82.28646
82.26202
82.32584
82.29865
82.3641
82.33759
82.40256
82.37816
82.4418
82.41702
82.47944
82.45641
82.51892
82.49556
82.55762
82.53392
82.59691
82.57217
82.63788
82.61102
82.67735
82.64736
82.71545
82.68668
82.75404
82.72623
82.79348
82.76572
82.83193
82.80235
82.86989
82.84084
82.91001
82.87952
82.94932
82.91814
82.99017
82.95715
83.02818
82.99541
83.06763
83.03153
83.10543
83.07138
83.14635
83.11013
83.18172
83.14745
83.22006
83.18536
83.25932
83.22333
83.30025
83.25989
83.33952
83.29916
83.37449
83.33703
83.41264
83.37545
83.45048
83.41221
83.4899
83.45149
83.52888
83.48947
83.56676
83.52748
83.60562
83.56477
83.64559
83.60289
83.68469
83.64072
83.72069
83.67915
83.75853
83.71593
83.79526
83.75304
83.83434
83.79223
83.86922
83.82541
83.9082
83.86324
83.94574
83.90087
83.985
83.93968
84.02155
83.97656
84.06125
84.01331
84.09948
84.0502
84.1368
84.08732
84.17378
84.12524
84.21306
84.16213
84.2524
84.20091
84.29033
84.23881
84.32805
84.27757
84.36729
84.31688
84.40824
84.3546
84.44582
84.39386
84.48444
84.4324
84.52287
84.47083
84.56216
84.50939
84.60056
84.54745
84.63889
84.58602
84.67625
84.62495
84.71521
84.66332
84.75443
84.70208
84.79378
84.74081
84.83015
84.77947
84.86954
84.81635
84.90892
84.85528
84.94827
84.89466
84.98678
84.93342
85.02383
84.97044
85.06467
85.00983
85.10414
85.05
85.14429
85.08854
85.18265
85.1289
85.22195
85.16755
85.26157
85.20684
85.30277
85.24786
85.34222
85.32479
85.37895
85.3636
85.41854
85.40454
85.45633
85.4429
85.49712
85.48251
85.53531
85.52073
85.57504
85.56051
85.61458
85.59872
85.65519
85.63483
85.68974
85.67191
85.72717
85.7108
85.76566
85.75018
85.80602
85.78951
85.845
85.82887
85.88383
85.86624
85.92226
85.90469
85.96027
85.94167
85.99981
85.98129
86.03688
86.01819
86.07354
86.05768
86.11308
86.09705
86.15263
86.13657
86.19209
86.17534
86.22984
86.21492
86.26929
86.25094
86.30833
86.28948
86.34779
86.32825
86.38707
86.36694
86.42378
86.40631
86.46333
86.44585
86.5023
86.48698
86.5434
86.52589
86.58191
86.56537
86.62146
86.60305
86.66068
86.64256
86.70049
86.68201
86.74013
86.72214
86.77917
86.76036
86.82054
86.80064
86.86016
86.84016
86.90068
86.88014
86.93993
86.91967
86.97974
86.95796
87.01944
86.99659
87.06072
87.03615
87.1002
87.0769
87.13992
87.11637
87.17918
87.15534
87.21883
87.19444
87.25708
87.2344
87.29829
87.27412
87.33803
87.31178
87.37771
87.35138
87.41753
87.39056
87.45674
87.42994
87.49734
87.46965
87.53702
87.50842
87.57829
87.54785
87.61722
87.58751
87.65857
87.62717
87.69842
87.66672
87.73846
87.7065
87.77828
87.74617
87.81955
87.78599
87.85926
87.82561
87.89857
87.86433
87.9379
87.90281
87.97547
87.93996
88.01302
87.9796
88.05285
88.01819
88.08995
88.05894
88.12939
88.09694
88.16857
88.1372
88.20652
88.1748
88.24509
88.21456
88.28432
88.25255
88.32314
88.29198
88.36124
88.32883
88.39725
88.36724
88.43578
88.40682
88.47687
88.44418
88.51631
88.48271
88.55435
88.52069
88.59295
88.56138
88.63293
88.60057
88.67213
88.64032
88.71219
88.67679
88.74908
88.71371
88.78709
88.75105
88.82782
88.78853
88.86539
88.82759
88.90337
88.89111
88.94123
88.92928
88.9795
88.96076
89.01724
88.99386
89.05689
89.03018
89.09097
89.06595
89.12979
89.10275
89.16917
89.14101
89.20988
89.17979
89.24796
89.21381
89.2858
89.25301
89.32545
89.29193
89.36361
89.33122
89.40209
89.36945
89.44077
89.40807
89.47927
89.44704
89.51878
89.48493
89.55987
89.52435
89.59931
89.56273
89.63824
89.60107
89.67786
89.64104
89.71774
89.68019
89.75681
89.72029
89.79704
89.75951
89.83651
89.79964
89.87772
89.83878
89.91736
89.88005
89.95618
89.9179
89.99482
89.95634
90.03323
89.99722
90.07406
90.03377
90.11244
90.07114
90.15012
90.10882
90.18683
90.143
90.22253
90.17326
90.2378
90.19128
90.24417
90.19765
90.27063
90.21916
90.29592
90.22553
90.31207
90.24951
90.32597
90.25588
90.33113
90.27509
90.33629
90.30672
90.35935
90.3156
90.38084
90.33713
90.40488
90.34228
90.42884
90.37861
90.45535
90.40956
90.46425
90.44666
90.50108
90.48653
90.53921
90.52222
90.57649
90.56233
90.61399
90.60017
90.65327
90.63639
90.69192
90.67564
90.72996
90.71472
90.7679
90.75351
90.80499
90.78497
90.84158
90.82285
90.88079
90.86221
90.92005
90.89932
90.95731
90.93874
90.99458
90.97632
91.03255
91.01358
91.07264
91.05298
91.11005
91.09221
91.14993
91.13321
91.18674
91.17024
91.22723
91.21084
91.26614
91.25025
91.30606
91.28985
91.34518
91.32879
91.38483
91.36765
91.42385
91.40894
91.46204
91.44858
91.50159
91.4884
91.54111
91.52795
91.58163
91.56743
91.62106
91.60699
91.65977
91.64813
91.6996
91.68793
91.73953
91.72711
91.77921
91.767
91.81638
91.80804
91.85616
91.84655
91.89613
91.88576
91.93575
91.92535
91.97623
91.96642
92.01575
92.00478
92.0554
92.04434
92.09437
92.08375
92.13389
92.12336
92.17147
92.16455
92.21214
92.20324
92.25049
92.24175
92.29019
92.2813
92.33111
92.32111
92.37082
92.36086
92.41034
92.40212
92.45008
92.44163
92.49081
92.48135
92.52959
92.52097
92.56918
92.56046
92.60815
92.59901
92.64907
92.63883
92.68856
92.67841
92.72791
92.71806
92.76723
92.75773
92.80682
92.79667
92.84588
92.8364
92.8853
92.87605
92.92478
92.91568
92.96445
92.95483
93.00409
92.99445
93.0436
93.03417
93.08322
93.07397
93.12157
93.11373
93.16117
93.15221
93.20065
93.19184
93.24059
93.23167
93.28024
93.27107
93.32143
93.31162
93.36106
93.35136
93.40066
93.39187
93.44028
93.43159
93.48174
93.47249
93.52068
93.51122
93.56114
93.55091
93.60086
93.5906
93.6405
93.63181
93.67994
93.67056
93.71905
93.71009
93.75868
93.74855
93.79822
93.78815
93.83777
93.82772
93.87589
93.86658
93.91532
93.90622
93.95485
93.94516
93.99441
93.98477
94.03263
94.02431
94.07223
94.06551
94.11176
94.1044
94.15131
94.14563
94.19093
94.18521
94.23005
94.22559
94.26948
94.26521
94.30978
94.30616
94.34935
94.34579
94.38886
94.38541
94.42847
94.42507
94.46872
94.46589
94.50831
94.50565
94.54792
94.54535
94.58742
94.58495
94.62707
94.62409
94.66678
94.6639
94.70657
94.70372
94.74618
94.73845
94.7809
94.77808
94.82052
94.81792
94.86037
94.85755
94.90168
94.89741
94.94139
94.93713
94.98097
94.9765
95.02083
95.01615
95.06213
95.05589
95.1017
95.09572
95.14143
95.13544
95.18098
95.1753
95.21594
95.21552
95.25574
95.25537
95.29541
95.2964
95.33541
95.33131
95.37524
95.37133
95.41535
95.4128
95.45506
95.45284
95.49634
95.49402
95.53622
95.53393
95.5752
95.57545
95.61256
95.61529
95.65399
95.6563
95.69405
95.69633
95.73441
95.73758
95.77461
95.77763
95.81628
95.81936
95.85631
95.85675
95.89772
95.89801
95.93752
95.93791
95.97812
95.97936
96.0178
96.01923
96.05854
96.059
96.09836
96.09879
96.13315
96.14025
96.17303
96.18024
96.21403
96.22
96.23872
96.25737
96.24588
96.29236
96.28596
96.33231
96.31935
96.37225
96.35925
96.41396
96.40075
96.44643
96.44069
96.48043
96.48218
96.51794
96.52216
96.55959
96.55994
96.59438
96.59982
96.63329
96.64141
96.67328
96.68141
96.7149
96.72292
96.7548
96.76244
96.79726
96.80309
96.8381
96.84327
96.87912
96.88378
96.91747
96.92382
96.95786
96.93037
96.99691
96.9696
97.03443
97.00723
97.07375
97.04488
97.11406
97.08504
97.15491
97.12522
97.19495
97.1657
97.23414
97.20403
97.27371
97.24415
97.31404
97.28358
97.35274
97.32246
97.39097
97.36104
97.42564
97.3994
97.46135
97.43436
97.50048
97.47179
97.52197
97.48066
97.55014
97.5193
97.55909
97.54755
97.59665
97.55648
97.62239
97.59295
97.63126
97.61858
97.65776
97.64762
97.674
97.67141
97.67913
97.67783
97.68427
97.70188
97.69696
97.71074
97.72602
97.72715
97.73235
97.73229
97.75069
97.73743
97.76694
97.74597
97.77483
97.75483
97.78779
97.77296
97.79292
97.77932
97.79803
97.79572
97.81113
97.8021
97.81623
97.81102
97.82134
97.82771
97.83169
97.83404
97.8368
97.84294
97.84193
97.85906
97.86338
97.86541
97.87222
97.89413
97.88107
97.90051
97.88738
97.90684
97.9063
97.91317
97.91262
97.92197
97.92872
97.92829
97.93504
97.9346
97.95316
97.94093
97.95952
97.94974
97.96584
97.95858
97.97215
97.97216
97.98097
97.97849
97.99435
98.00166
98.0007
98.01057
98.00959
98.02398
98.03075
98.02911
98.03588
98.03423
98.04981
98.04059
98.05495
98.04696
98.0601
98.05334
98.06898
98.05971
98.07413
98.06863
98.07928
98.07501
98.09329
98.08391
98.09845
98.09787
98.10361
98.10434
98.10878
98.11073
98.12508
98.11716
98.13026
98.12234
98.13545
98.12753
98.14661
98.13273
98.1518
98.14167
98.157
98.14687
98.16583
98.15207
98.17226
98.15728
98.17747
98.16372
98.18268
98.17268
98.1879
98.18579
98.1983
98.19228
98.20351
98.19873
98.20874
98.20518
98.21398
98.21413
98.22482
98.22057
98.23006
98.22581
98.23528
98.23104
98.24426
98.24506
98.25072
98.25156
98.25596
98.25802
98.26118
98.26326
98.27631
98.26849
98.28281
98.27491
98.28922
98.28549
98.29565
98.29072
98.3036
98.29592
98.31003
98.31239
98.31645
98.31758
98.32287
98.32278
98.32804
98.33906
98.33324
98.34711
98.34122
98.356
98.34641
98.36238
98.35159
98.36877
98.35676
98.37767
98.36193
98.38284
98.3735
98.38801
98.37865
98.39317
98.3876
98.39956
98.39276
98.40475
98.40311
98.40992
98.40826
98.41631
98.41343
98.4227
98.4186
98.42912
98.42377
98.4343
98.42893
98.43947
98.4341
98.44462
98.43928
98.4498
98.44444
98.45493
98.45083
98.46011
98.45979
98.46526
98.46619
98.47042
98.47134
98.47559
98.47651
98.48197
98.48167
98.48713
98.48684
98.49229
98.49201
98.49744
98.49717
98.50259
98.50233
98.50906
98.50749
98.51546
98.51781
98.52061
98.52298
98.52577
98.52813
98.53094
98.53329
98.5361
98.53844
98.54123
98.5436
98.54762
98.54999
98.55278
98.55892
98.55795
98.5653
98.5631
98.57046
98.56824
98.57562
98.57966
98.58078
98.58602
98.59219
98.60007
98.59734
98.60523
98.61009
98.61039
98.61525
98.63186
98.6204
98.64072
98.64346
98.6603
98.6486
98.66547
98.65376
98.67062
98.67088
98.69052
98.68882
98.69691
98.69396
98.70328
98.69911
98.70844
98.71172
98.71358
98.71686
98.72243
98.72201
98.72878
98.72839
98.74268
98.73352
98.74783
98.73867
98.75545
98.74774
98.76057
98.75287
98.77066
98.758
98.77579
98.76434
98.78091
98.77066
98.78728
98.77699
98.7924
98.78211
98.79753
98.78722
98.80267
98.79238
98.80901
98.79876
98.81415
98.80386
98.81927
98.80898
98.82439
98.81409
98.83074
98.81921
98.83708
98.82435
98.8422
98.82948
98.84732
98.83459
98.85245
98.83971
98.85881
98.84486
98.86395
98.85
98.86909
98.85515
98.87422
98.86027
98.87936
98.86539
98.8845
98.87051
98.88963
98.87566
98.89477
98.88078
98.89989
98.88589
98.90503
98.89224
98.91016
98.8986
98.91652
98.90495
98.92166
98.91007
98.9268
98.91521
98.93197
98.92034
98.94336
98.92745
98.9485
98.93632
98.95365
98.94144
98.96002
98.94659
98.97143
98.95171
98.97658
98.96062
98.98173
98.96697
98.98811
98.97585
98.99628
98.98471
99.00144
98.99107
99.0066
98.99619
99.01175
99.00131
99.01691
99.01404
99.02698
99.01918
99.03338
99.02431
99.04227
99.03318
99.04743
99.03831
99.05258
99.04343
99.06017
99.05212
99.06533
99.05848
99.0705
99.06487
99.07938
99.07122
99.08454
99.07634
99.0897
99.08147
99.09607
99.09034
99.10499
99.09547
99.11012
99.10061
99.11526
99.10576
99.12164
99.11211
99.128
99.11726
99.13313
99.1224
99.13826
99.12753
99.14461
99.13387
99.14974
99.13902
99.15488
99.14417
99.16002
99.14931
99.16516
99.15821
99.17152
99.16335
99.17829
99.16849
99.18468
99.17501
99.1898
99.18015
99.19495
99.1853
99.2001
99.19045
99.20644
99.19801
99.2128
99.20316
99.2192
99.20829
99.22556
99.21343
99.23071
99.21856
99.23587
99.2237
99.24101
99.22884
99.24743
99.23518
99.25259
99.24036
99.25774
99.24552
99.26289
99.25439
99.26804
99.25955
99.2732
99.26844
99.27958
99.27734
99.28732
99.28369
99.29247
99.28883
99.30257
99.29398
99.30894
99.30034
99.31532
99.3067
99.32047
99.31184
99.32687
99.31699
99.33575
99.32726
99.34091
99.33241
99.3461
99.33756
99.35126
99.34458
99.35644
99.35096
99.36529
99.35983
99.382
99.37741
99.38715
99.39249
99.39235
99.39766
99.41566
99.40787
99.42085
99.41306
99.42603
99.41822
99.43983
99.43118
99.44501
99.43635
99.45018
99.44151
99.46181
99.4516
99.467
99.45676
99.47215
99.46193
99.48242
99.47061
99.48758
99.47949
99.49274
99.48466
99.49792
99.48981
99.50816
99.49741
99.51332
99.50257
99.51847
99.50774
99.52364
99.51291
99.52881
99.51808
99.53396
99.52322
99.54278
99.53094
99.54794
99.53609
99.55312
99.54124
99.56229
99.54762
99.56745
99.56013
99.57262
99.56528
99.57777
99.57043
99.58295
99.57677
99.58813
99.58193
99.59332
99.58709
99.59847
99.59421
99.60363
99.5994
99.61253
99.60458
99.61772
99.60979
99.62287
99.61866
99.62804
99.62383
99.6332
99.629
99.63837
99.63417
99.64357
99.63934
99.64996
99.64449
99.65635
99.64966
99.66273
99.66015
99.66791
99.66531
99.6731
99.67049
99.67998
99.68102
99.68516
99.68618
99.69035
99.69134
99.70049
99.69653
99.70569
99.7075
99.71088
99.71523
99.73045
99.72905
99.7356
99.73669
99.74078
99.74563
99.7472
99.75203
99.75359
99.7572
99.76432
99.76237
99.76951
99.77018
99.7747
99.7766
99.77988
99.78178
99.78628
99.78696
99.79145
99.79589
99.79664
99.80225
99.80782
99.80747
99.81422
99.81263
99.81941
99.81782
99.82579
99.82423
99.83097
99.8294
99.83614
99.83458
99.84132
99.84359
99.84651
99.84875
99.85537
99.85392
99.86056
99.85909
99.86574
99.86428
99.87093
99.87068
99.87611
99.87705
99.88129
99.88223
99.88647
99.8874
99.89444
99.89257
99.90224
99.89895
99.90741
99.90533
99.9126
99.91051
99.91777
99.91569
99.92294
99.92206
99.92976
99.92725
99.93496
99.93244
99.94014
99.93884
99.94653
99.94405
99.95171
99.94922
99.9569
99.9556
99.96207
99.96079
99.96844
99.966
99.97363
99.97124
99.9788
99.97763
99.9852
99.98402
99.99159
99.98923
99.9968
99.99445
100.002
99.99963
100.0084
100.006
100.0136
100.0112
100.0188
100.0164
100.0241
100.0217
100.0293
100.0269
100.0345
100.0321
100.0397
100.0373
100.0449
100.0425
100.0501
100.0489
100.0554
100.0553
100.0618
100.0605
100.0708
100.0658
100.0773
100.071
100.0837
100.0799
100.0889
100.0864
100.0942
100.0929
100.0994
100.0982
100.1073
100.1034
100.1125
100.1124
100.1178
100.1176
100.1243
100.1228
100.1295
100.1281
100.1347
100.1345
100.1411
100.1427
100.1464
100.1479
100.1516
100.1532
100.158
100.1596
100.1645
100.1685
100.1734
100.1737
100.1786
100.1788
100.1838
100.184
100.1889
100.1903
100.1941
100.1954
100.1992
100.2005
100.2044
100.2069
100.2095
100.212
100.2158
100.2171
100.2221
100.2259
100.231
100.2322
100.2372
100.243
100.2436
100.248
100.2521
100.2531
100.2572
100.2582
100.2623
100.2633
100.2703
100.2696
100.2754
100.2747
100.2805
100.2797
100.2856
100.2848
100.2939
100.2899
100.299
100.2962
100.304
100.3012
100.3091
100.3063
100.3142
100.3114
100.3193
100.3197
100.3243
100.3248
100.3307
100.3298
100.3357
100.3349
100.3408
100.3438
100.3459
100.3488
100.3544
100.354
100.3595
100.3603
100.3646
100.3654
100.3697
100.3705
100.3748
100.3756
100.3799
100.3839
100.3862
100.389
100.3913
100.3954
100.3964
100.4017
100.4027
100.408
100.4112
100.4132
100.4176
100.4183
100.424
100.4246
100.4291
100.4297
100.4342
100.4349
100.4394
100.44
100.4457
100.4452
100.4509
100.4504
100.456
100.4567
100.4612
100.4632
100.4675
100.4683
100.4727
100.4735
100.4778
100.4799
100.483
100.4862
100.4881
100.4914
100.4946
100.4966
100.5023
100.5017
100.5075
100.5069
100.5126
100.5199
100.5216
100.5251
100.5268
100.534
100.532
100.5392
100.5372
100.5456
100.5424
100.5508
100.5476
100.556
100.5528
100.5612
100.5618
100.5738
100.5707
100.579
100.5759
100.5842
100.5823
100.5981
100.5912
100.6033
100.5964
100.6085
100.6017
100.6174
100.6164
100.6227
100.6216
100.6278
100.6268
100.6375
100.6332
100.6427
100.6396
100.6479
100.6448
100.6568
100.65
100.662
100.6564
100.6672
100.6616
100.6724
100.6669
100.6801
100.6721
100.6865
100.6801
100.6917
100.6853
100.6969
100.6905
100.7021
100.6994
100.7073
100.7046
100.7124
100.7098
100.7176
100.7187
100.724
100.7239
100.7292
100.7291
100.7344
100.7343
100.7396
100.7407
100.7448
100.7459
100.7512
100.7511
100.7564
100.7563
100.7616
100.7615
100.7668
100.7667
100.772
100.7731
100.7772
100.7783
100.7824
100.7835
100.7888
100.79
100.794
100.7952
100.7992
100.8004
100.8044
100.8056
100.8095
100.812
100.8159
100.8172
100.8211
100.8224
100.8263
100.8277
100.8316
100.8407
100.8367
100.8459
100.8449
100.8511
100.8502
100.8563
100.8553
100.8709
100.8668
100.8761
100.8732
100.8813
100.881
100.8866
100.8863
100.8955
100.8915
100.9034
100.8979
100.9086
100.9031
100.9137
100.9083
100.919
100.9172
100.9254
100.9224
100.9359
100.9276
100.9411
100.9398
100.9463
100.9462
100.9539
100.9526
100.9616
100.9665
100.9706
100.973
100.9782
100.9806
100.99
100.987
100.9964
100.9934
101.0028
100.9999
101.008
101.0051
101.0132
101.0102
101.0196
101.0167
101.0248
101.0256
101.03
101.0308
101.0364
101.036
101.0453
101.0424
101.0532
101.0476
101.0609
101.0528
101.066
101.0592
101.0712
101.0656
101.0764
101.0707
101.0816
101.0759
101.0867
101.0848
101.0919
101.0912
101.0971
101.0964
101.1023
101.1016
101.1074
101.1081
101.1163
101.1132
101.1215
101.1184
101.1267
101.1248
101.1331
101.1324
101.1383
101.1376
101.1434
101.1427
101.1498
101.1503
101.1562
101.1567
101.1625
101.1618
101.1689
101.167
101.179
101.1749
101.1842
101.1813
101.1893
101.1864
101.1957
101.1916
101.2058
101.1968
101.2134
101.2057
101.2186
101.2145
101.2238
101.2209
101.229
101.2261
101.2354
101.2312
101.2434
101.2376
101.2498
101.2428
101.2562
101.2479
101.2651
101.2569
101.2715
101.2621
101.2779
101.2736
101.2843
101.2826
101.292
101.2902
101.3021
101.2966
101.3099
101.3018
101.3189
101.3158
101.3265
101.3234
101.3379
101.3299
101.3431
101.3351
101.3483
101.3402
101.3535
101.3454
101.3599
101.3506
101.3651
101.3558
101.3702
101.3622
101.3766
101.3686
101.3818
101.3737
101.387
101.3789
101.3921
101.3841
101.3985
101.3893
101.4049
101.3944
101.4101
101.4008
101.4153
101.4072
101.4217
101.4188
101.4269
101.424
101.4321
101.4304
101.4384
101.4368
101.4473
101.442
101.4538
101.4472
101.4602
101.4524
101.4653
101.4576
101.4717
101.464
101.477
101.4704
101.4822
101.4756
101.4874
101.4808
101.4925
101.4885
101.4977
101.4937
101.5029
101.4989
101.5081
101.5041
101.517
101.5093
101.5235
101.5194
101.5287
101.5258
101.5351
101.531
101.5403
101.5362
101.5467
101.5452
101.5548
101.5516
101.5613
101.5647
101.5665
101.5699
101.5717
101.5763
101.5781
101.5815
101.5859
101.5867
101.5912
101.5931
101.5964
101.5984
101.6028
101.6036
101.6093
101.6088
101.6158
101.614
101.6234
101.6255
101.6299
101.6344
101.6388
101.6408
101.6452
101.646
101.6517
101.6525
101.657
101.6605
101.6622
101.6669
101.6687
101.6721
101.6776
101.6773
101.6841
101.6825
101.6893
101.6877
101.6945
101.6929
101.7035
101.6982
101.7087
101.7071
101.714
101.7124
101.7192
101.7176
101.7245
101.7273
101.7309
101.7325
101.7399
101.7377
101.7451
101.7442
101.7504
101.7494
101.7581
101.7546
101.7633
101.7598
101.7686
101.7651
101.775
101.7715
101.7802
101.7768
101.7855
101.782
101.7907
101.7872
101.7972
101.7924
101.8024
101.7977
101.8077
101.8029
101.8158
101.8094
101.821
101.8146
101.8263
101.8198
101.8315
101.8251
101.8405
101.8303
101.8457
101.8356
101.851
101.8408
101.8599
101.8461
101.8652
101.8513
101.8705
101.8578
101.8757
101.863
101.8809
101.8735
101.8898
101.8825
101.902
101.889
101.9072
101.8942
101.9125
101.8995
101.919
101.9169
101.9294
101.9222
101.9347
101.9274
101.9399
101.9355
101.9464
101.9419
101.9579
101.9472
101.9631
101.9525
101.9696
101.959
101.9749
101.9654
101.9801
101.9719
101.9866
101.9784
101.9956
101.9837
102.0009
101.9889
102.0073
101.9954
102.0126
102.0018
102.0179
102.0083
102.0244
102.0136
102.0296
102.0188
102.0348
102.024
102.0413
102.0293
102.0466
102.0345
102.0518
102.0397
102.0571
102.0462
102.0623
102.0527
102.0676
102.0591
102.0741
102.0644
102.0831
102.0697
102.0895
102.0749
102.0948
102.0802
102.1001
102.0884
102.1054
102.0937
102.1106
102.099
102.1159
102.1043
102.1211
102.1108
102.1301
102.1161
102.1354
102.1214
102.1406
102.1267
102.1459
102.132
102.1512
102.1372
102.1577
102.1425
102.1642
102.1489
102.1695
102.1542
102.1748
102.1594
102.1813
102.1647
102.1865
102.1712
102.1918
102.1765
102.2009
102.1818
102.2062
102.1871
102.2115
102.1923
102.2168
102.2041
102.2258
102.2094
102.2349
102.2213
102.2479
102.2279
102.2532
102.2332
102.2639
102.2385
102.2722
102.245
102.2775
102.2673
102.2828
102.2757
102.2933
102.2848
102.3034
102.2902
102.3099
102.2955
102.3165
102.3071
102.3231
102.3137
102.3347
102.3275
102.3413
102.3341
102.3479
102.3407
102.3533
102.349
102.3587
102.3556
102.3653
102.3647
102.3707
102.3701
102.3761
102.3755
102.3879
102.382
102.3932
102.3902
102.3987
102.3995
102.4104
102.4049
102.4196
102.4103
102.434
102.4158
102.4394
102.4212
102.4449
102.4304
102.4516
102.4359
102.4584
102.4414
102.4639
102.447
102.4695
102.4562
102.4762
102.4617
102.483
102.4673
102.4887
102.4767
102.4943
102.4822
102.5037
102.4891
102.5093
102.4959
102.5151
102.5015
102.5245
102.5072
102.5301
102.5141
102.5359
102.5198
102.5416
102.5255
102.551
102.5312
102.5568
102.5369
102.5626
102.5439
102.5684
102.5496
102.5742
102.5554
102.5812
102.5649
102.5908
102.572
102.5967
102.5778
102.6026
102.5836
102.6085
102.5933
102.6156
102.6046
102.6254
102.6118
102.6327
102.6215
102.6426
102.6275
102.6525
102.6336
102.6599
102.6396
102.6673
102.647
102.6736
102.6617
102.6798
102.6715
102.6872
102.6856
102.6972
102.6931
102.7047
102.6994
102.711
102.7119
102.7172
102.7182
102.7236
102.7258
102.7338
102.7335
102.7403
102.7411
102.7468
102.7478
102.7533
102.7542
102.76
102.7607
102.7702
102.7673
102.7781
102.7776
102.7848
102.7843
102.7914
102.7909
102.798
102.7989
102.8047
102.8057
102.8114
102.8124
102.8181
102.8192
102.8249
102.826
102.8316
102.834
102.8384
102.8408
102.8452
102.8476
102.852
102.8544
102.86
102.8612
102.8668
102.8679
102.8736
102.8747
102.8803
102.8815
102.8871
102.8883
102.8939
102.895
102.9007
102.9018
102.9074
102.9086
102.9142
102.9154
102.921
102.9221
102.9278
102.9289
102.9358
102.937
102.9426
102.9449
102.9493
102.9517
102.9574
102.9585
102.9641
102.9665
102.9709
102.9733
102.9777
102.98
102.9845
102.9868
102.9925
102.9936
102.9993
103.0003
103.006
103.0071
103.0157
103.0139
103.0225
103.0207
103.0292
103.0287
103.036
103.0355
103.0428
103.0423
103.0508
103.049
103.0576
103.0558
103.0643
103.0626
103.0723
103.0693
103.0791
103.0773
103.0859
103.0841
103.0926
103.0909
103.0994
103.0976
103.1062
103.1044
103.1129
103.1111
103.1197
103.1179
103.1265
103.1247
103.1332
103.1314
103.14
103.1382
103.1468
103.1462
103.1536
103.153
103.1603
103.1597
103.1671
103.1665
103.1739
103.1733
103.1806
103.18
103.1874
103.1868
103.1942
103.1936
103.201
103.2071
103.2077
103.2139
103.2145
103.2206
103.2213
103.2274
103.2281
103.2342
103.2348
103.2409
103.2416
103.2477
103.2484
103.2544
103.2552
103.2612
103.2619
103.268
103.2687
103.2747
103.2755
103.2815
103.2823
103.2883
103.289
103.2951
103.2958
103.3018
103.3026
103.3086
103.3093
103.3154
103.3173
103.3221
103.3241
103.3357
103.3309
103.3424
103.3376
103.3492
103.3444
103.356
103.3512
103.3627
103.358
103.3695
103.3648
103.3763
103.3715
103.383
103.3783
103.3898
103.3851
103.3966
103.3919
103.4034
103.3986
103.4101
103.4054
103.4169
103.4122
103.4237
103.419
103.4304
103.4257
103.4372
103.4325
103.444
103.4393
103.4507
103.4461
103.4575
103.4528
103.4643
103.4596
103.471
103.4664
103.4778
103.4732
103.4846
103.4799
103.4913
103.4867
103.4981
103.4934
103.5049
103.5002
103.5117
103.507
103.5184
103.5137
103.5252
103.5205
103.532
103.5273
103.5387
103.5341
103.5455
103.5408
103.5522
103.5476
103.559
103.5544
103.5658
103.5612
103.5725
103.5679
103.5793
103.5747
103.5861
103.5815
103.5928
103.5883
103.5996
103.595
103.6063
103.6018
103.6131
103.6086
103.6199
103.6154
103.6266
103.6221
103.6333
103.6289
103.6401
103.6357
103.6468
103.6424
103.6536
103.6492
103.6604
103.656
103.6671
103.6627
103.6739
103.6695
103.6806
103.6763
103.6874
103.683
103.6941
103.6898
103.7009
103.6965
103.7076
103.7033
103.7144
103.71
103.7212
103.7168
103.7279
103.7235
103.7347
103.7303
103.7414
103.7371
103.7482
103.7438
103.755
103.7506
103.7617
103.7573
103.7685
103.7641
103.7752
103.7708
103.782
103.7776
103.7887
103.7843
103.7955
103.7911
103.8022
103.7979
103.809
103.8046
103.8157
103.8114
103.8225
103.8181
103.8292
103.8249
103.836
103.8316
103.8427
103.8384
103.8495
103.8468
103.8562
103.8536
103.863
103.8603
103.8697
103.8671
103.8765
103.8738
103.8832
103.8806
103.89
103.8873
103.8967
103.8941
103.9035
103.9008
103.9102
103.9076
103.917
103.9143
103.9238
103.9211
103.9305
103.9278
103.9372
103.9346
103.944
103.9413
103.9508
103.9481
103.9575
103.9548
103.9642
103.9616
103.971
103.9684
103.9777
103.9751
103.9845
103.9819
103.9912
103.9886
103.998
103.9954
104.0047
104.0021
104.0115
104.0089
104.0182
104.0156
104.025
104.0224
104.0317
104.0291
104.0385
104.0359
104.0452
104.0426
104.052
104.0494
104.0587
104.0562
104.0655
104.0629
104.0722
104.0697
104.079
104.0764
104.0857
104.0832
104.0925
104.0899
104.0992
104.0967
104.106
104.1034
104.1127
104.1102
104.1195
104.1169
104.1262
104.1236
104.133
104.1304
104.1397
104.1371
104.1465
104.1439
104.1532
104.1506
104.16
104.1574
104.1667
104.1641
104.1735
104.1709
104.1802
104.1777
104.187
104.1844
104.1937
104.1911
104.2004
104.1979
104.2072
104.2047
104.2139
104.2114
104.2207
104.2181
104.2274
104.2249
104.2342
104.2317
104.2409
104.2384
104.2477
104.2451
104.2544
104.2519
104.2611
104.2586
104.2679
104.2654
104.2746
104.2721
104.2814
104.2789
104.2881
104.2856
104.2948
104.2924
104.3016
104.2991
104.3083
104.3059
104.3151
104.3126
104.3218
104.3194
104.3286
104.3261
104.3353
104.3329
104.342
104.3396
104.3488
104.3464
104.3555
104.3531
104.3623
104.3598
104.369
104.3666
104.3757
104.3733
104.3825
104.3801
104.3892
104.3868
104.396
104.3936
104.4027
104.4003
104.4095
104.4071
104.4162
104.4138
104.423
104.4205
104.4297
104.4273
104.4364
104.434
104.4432
104.4408
104.4499
104.4475
104.4567
104.4542
104.4634
104.461
104.4702
104.4677
104.4769
104.4745
104.4837
104.4812
104.4904
104.488
104.4971
104.4947
104.5039
104.5015
104.5106
104.5082
104.5174
104.515
104.5241
104.5217
104.5309
104.5284
104.5376
104.5352
104.5443
104.5419
104.5511
104.5487
104.5579
104.5554
104.5646
104.5622
104.5713
104.5689
104.5781
104.5757
104.5848
104.5824
104.5916
104.5891
104.5983
104.5959
104.6051
104.6026
104.6118
104.6094
104.6186
104.6161
104.6253
104.6229
104.6321
104.6296
104.6388
104.6364
104.6456
104.6431
104.6523
104.6499
104.6591
104.6566
104.6658
104.6634
104.6726
104.6701
104.6793
104.6769
104.6861
104.6836
104.6928
104.6904
104.6996
104.6971
104.7063
104.7038
104.7131
104.7106
104.7198
104.7173
104.7265
104.7241
104.7333
104.7308
104.74
104.7375
104.7468
104.7443
104.7535
104.751
104.7603
104.7578
104.767
104.7645
104.7738
104.7713
104.7805
104.778
104.7873
104.7847
104.794
104.7915
104.8008
104.7982
104.8075
104.805
104.8142
104.8117
104.821
104.8185
104.8277
104.8252
104.8345
104.832
104.8412
104.8387
104.848
104.8455
104.8547
104.8522
104.8615
104.859
104.8682
104.8657
104.8749
104.8725
104.8817
104.8792
104.8884
104.886
104.8952
104.8927
104.9019
104.8995
104.9087
104.9062
104.9154
104.913
104.9222
104.9197
104.9289
104.9265
104.9357
104.9332
104.9424
104.94
104.9492
104.9467
104.9559
104.9535
104.9627
104.9602
104.9694
104.967
104.9762
104.9737
104.9829
104.9805
104.9896
104.9872
104.9964
104.994
105.0031
105.0007
105.0099
105.0074
105.0166
105.0142
105.0234
105.021
105.0301
105.0277
105.0369
105.0344
105.0436
105.0412
105.0503
105.0479
105.0571
105.0547
105.0638
105.0614
105.0706
105.0682
105.0773
105.0749
105.0841
105.0817
105.0908
105.0884
105.0976
105.0952
105.1043
105.1019
105.1111
105.1086
105.1178
105.1154
105.1245
105.1221
105.1313
105.1289
105.138
105.1356
105.1448
105.1424
105.1515
105.1491
105.1582
105.1559
105.165
105.1626
105.1717
105.1694
105.1785
105.1761
105.1852
105.1829
105.192
105.1896
105.1987
105.1964
105.2055
105.2031
105.2122
105.2098
105.2189
105.2166
105.2257
105.2234
105.2324
105.2301
105.2392
105.2368
105.2459
105.2436
105.2527
105.2503
105.2594
105.2571
105.2662
105.2638
105.2729
105.2706
105.2796
105.2774
105.2864
105.2841
105.2931
105.2908
105.2999
105.2976
105.3066
105.3043
105.3134
105.3111
105.3201
105.3178
105.3269
105.3246
105.3336
105.3313
105.3403
105.3381
105.3471
105.3448
105.3538
105.3516
105.3606
105.3583
105.3673
105.3651
105.3741
105.3718
105.3808
105.3786
105.3875
105.3853
105.3943
105.3921
105.401
105.3988
105.4078
105.4056
105.4145
105.4123
105.4212
105.4191
105.428
105.4258
105.4347
105.4326
105.4415
105.4393
105.4482
105.4461
105.4549
105.4528
105.4617
105.4596
105.4685
105.4663
105.4752
105.4731
105.4819
105.4798
105.4887
105.4865
105.4954
105.4933
105.5022
105.5001
105.5089
105.5068
105.5157
105.5135
105.5224
105.5203
105.5292
105.527
105.5359
105.5338
105.5427
105.5405
105.5494
105.5473
105.5562
105.554
105.5629
105.5608
105.5696
105.5675
105.5764
105.5743
105.5831
105.581
105.5899
105.5878
105.5966
105.5945
105.6034
105.6013
105.6101
105.608
105.6168
105.6148
105.6236
105.6215
105.6303
105.6283
105.6371
105.635
105.6438
105.6418
105.6505
105.6485
105.6573
105.6553
105.664
105.662
105.6708
105.6688
105.6775
105.6755
105.6842
105.6823
105.691
105.689
105.6977
105.6957
105.7044
105.7025
105.7112
105.7093
105.7179
105.716
105.7246
105.7227
105.7314
105.7295
105.7381
105.7362
105.7449
105.743
105.7516
105.7497
105.7583
105.7565
105.7651
105.7632
105.7718
105.77
105.7786
105.7767
105.7853
105.7835
105.7921
105.7902
105.7988
105.797
105.8055
105.8037
105.8123
105.8105
105.819
105.8172
105.8258
105.824
105.8325
105.8307
105.8393
105.8374
105.846
105.8442
105.8528
105.851
105.8595
105.8577
105.8662
105.8644
105.873
105.8712
105.8797
105.878
105.8865
105.8847
105.8932
105.8914
105.9
105.8982
105.9067
105.9049
105.9135
105.9117
105.9202
105.9184
105.9269
105.9252
105.9337
105.9319
105.9404
105.9387
105.9472
105.9454
105.9539
105.9521
105.9607
105.9589
105.9674
105.9656
105.9742
105.9724
105.9809
105.9791
105.9876
105.9859
105.9944
105.9926
106.0011
105.9994
106.0079
106.0061
106.0146
106.0128
106.0213
106.0196
106.0281
106.0263
106.0348
106.0331
106.0416
106.0398
106.0483
106.0465
106.0551
106.0533
106.0618
106.06
106.0685
106.0668
106.0753
106.0735
106.082
106.0803
106.0888
106.087
106.0955
106.0938
106.1023
106.1005
106.109
106.1072
106.1158
106.114
106.1225
106.1207
106.1292
106.1275
106.136
106.1342
106.1427
106.141
106.1495
106.1477
106.1562
106.1545
106.163
106.1612
106.1697
106.168
106.1765
106.1747
106.1832
106.1814
106.1899
106.1882
106.1967
106.1949
106.2034
106.2017
106.2102
106.2084
106.2169
106.2152
106.2237
106.2219
106.2304
106.2287
106.2371
106.2354
106.2439
106.2422
106.2506
106.2489
106.2574
106.2557
106.2641
106.2624
106.2709
106.2691
106.2776
106.2759
106.2843
106.2826
106.2911
106.2894
106.2978
106.2961
106.3046
106.3029
106.3113
106.3096
106.318
106.3164
106.3248
106.3231
106.3315
106.3298
106.3383
106.3366
106.345
106.3433
106.3518
106.3501
106.3585
106.3568
106.3652
106.3635
106.372
106.3703
106.3787
106.377
106.3855
106.3838
106.3922
106.3905
106.3989
106.3972
106.4057
106.404
106.4124
106.4107
106.4192
106.4175
106.4259
106.4242
106.4326
106.4309
106.4394
106.4377
106.4461
106.4444
106.4529
106.4512
106.4596
106.4579
106.4664
106.4647
106.4731
106.4714
106.4799
106.4781
106.4866
106.4849
106.4933
106.4916
106.5001
106.4984
106.5068
106.5051
106.5136
106.5118
106.5203
106.5186
106.527
106.5253
106.5338
106.5321
106.5405
106.5388
106.5473
106.5455
106.554
106.5523
106.5608
106.559
106.5675
106.5658
106.5742
106.5725
106.581
106.5793
106.5877
106.586
106.5945
106.5928
106.6012
106.5995
106.608
106.6062
106.6147
106.613
106.6215
106.6198
106.6282
106.6265
106.6349
106.6332
106.6417
106.64
106.6484
106.6468
106.6552
106.6535
106.6619
106.6602
106.6686
106.667
106.6754
106.6737
106.6821
106.6805
106.6889
106.6872
106.6956
106.694
106.7023
106.7007
106.7091
106.7075
106.7158
106.7142
106.7226
106.7209
106.7293
106.7277
106.7361
106.7345
106.7428
106.7412
106.7495
106.7479
106.7563
106.7547
106.763
106.7614
106.7698
106.7682
106.7765
106.7749
106.7832
106.7817
106.79
106.7884
106.7967
106.7952
106.8035
106.8019
106.8102
106.8087
106.817
106.8154
106.8237
106.8222
106.8304
106.8289
106.8372
106.8357
106.8439
106.8424
106.8506
106.8492
106.8574
106.8559
106.8641
106.8627
106.8709
106.8695
106.8776
106.8762
106.8844
106.8829
106.8911
106.8897
106.8978
106.8964
106.9046
106.9032
106.9113
106.9099
106.9181
106.9167
106.9248
106.9234
106.9315
106.9302
106.9383
106.9369
106.945
106.9437
106.9517
106.9504
106.9585
106.9572
106.9652
106.9639
106.972
106.9707
106.9787
106.9774
106.9854
106.9842
106.9922
106.9909
106.9989
106.9977
107.0056
107.0044
107.0124
107.0111
107.0191
107.0179
107.0258
107.0247
107.0326
107.0314
107.0393
107.0381
107.0461
107.0449
107.0528
107.0517
107.0595
107.0584
107.0663
107.0651
107.073
107.0719
107.0798
107.0786
107.0865
107.0854
107.0933
107.0921
107.1
107.0989
107.1067
107.1056
107.1135
107.1124
107.1202
107.1191
107.127
107.1259
107.1337
107.1326
107.1404
107.1394
107.1472
107.1461
107.1539
107.1529
107.1607
107.1596
107.1674
107.1664
107.1742
107.1731
107.1809
107.1799
107.1877
107.1866
107.1944
107.1934
107.2011
107.2001
107.2079
107.2069
107.2146
107.2136
107.2214
107.2204
107.2281
107.2271
107.2348
107.2338
107.2416
107.2406
107.2483
107.2473
107.2551
107.2541
107.2618
107.2608
107.2685
107.2676
107.2753
107.2743
107.282
107.2811
107.2888
107.2878
107.2955
107.2945
107.3023
107.3013
107.309
107.308
107.3157
107.3148
107.3225
107.3215
107.3292
107.3283
107.336
107.335
107.3427
107.3418
107.3494
107.3485
107.3562
107.3552
107.3629
107.362
107.3697
107.3687
107.3764
107.3755
107.3832
107.3822
107.3899
107.389
107.3967
107.3957
107.4034
107.4024
107.4101
107.4092
107.4169
107.4159
107.4236
107.4227
107.4304
107.4294
107.4371
107.4362
107.4438
107.4429
107.4506
107.4497
107.4573
107.4564
107.4641
107.4632
107.4708
107.4699
107.4776
107.4767
107.4843
107.4834
107.491
107.4902
107.4978
107.4969
107.5045
107.5036
107.5113
107.5104
107.518
107.5171
107.5247
107.5239
107.5315
107.5306
107.5382
107.5374
107.545
107.5441
107.5517
107.5509
107.5584
107.5576
107.5652
107.5643
107.5719
107.5711
107.5787
107.5778
107.5854
107.5846
107.5921
107.5913
107.5989
107.5981
107.6056
107.6048
107.6124
107.6115
107.6191
107.6183
107.6258
107.625
107.6326
107.6318
107.6393
107.6385
107.6461
107.6453
107.6528
107.652
107.6595
107.6588
107.6663
107.6655
107.673
107.6722
107.6798
107.679
107.6865
107.6857
107.6933
107.6925
107.7
107.6992
107.7067
107.7059
107.7135
107.7127
107.7202
107.7194
107.727
107.7262
107.7337
107.7329
107.7404
107.7397
107.7472
107.7464
107.7539
107.7532
107.7607
107.7599
107.7674
107.7666
107.7741
107.7734
107.7809
107.7801
107.7876
107.7869
107.7944
107.7936
107.8011
107.8004
107.8079
107.8071
107.8146
107.8139
107.8213
107.8206
107.8281
107.8273
107.8348
107.8341
107.8416
107.8408
107.8483
107.8476
107.8551
107.8543
107.8618
107.8611
107.8685
107.8678
107.8753
107.8746
107.882
107.8813
107.8888
107.8881
107.8955
107.8948
107.9023
107.9016
107.909
107.9083
107.9157
107.9151
107.9224
107.9218
107.9292
107.9285
107.9359
107.9353
107.9427
107.942
107.9494
107.9488
107.9562
107.9555
107.9629
107.9623
107.9696
107.969
107.9764
107.9758
107.9831
107.9825
107.9899
107.9893
107.9966
107.996
108.0033
108.0027
108.0101
108.0095
108.0168
108.0162
108.0236
108.023
108.0303
108.0297
108.0371
108.0365
108.0438
108.0432
108.0505
108.05
108.0573
108.0567
108.064
108.0635
108.0708
108.0702
108.0775
108.077
108.0843
108.0837
108.091
108.0904
108.0977
108.0972
108.1045
108.1039
108.1112
108.1107
108.118
108.1174
108.1247
108.1242
108.1315
108.1309
108.1382
108.1377
108.145
108.1444
108.1517
108.1512
108.1584
108.1579
108.1652
108.1646
108.1719
108.1714
108.1786
108.1781
108.1854
108.1849
108.1921
108.1916
108.1989
108.1983
108.2056
108.2051
108.2123
108.2118
108.2191
108.2186
108.2258
108.2253
108.2326
108.232
108.2393
108.2388
108.2461
108.2455
108.2528
108.2522
108.2595
108.259
108.2663
108.2657
108.273
108.2725
108.2798
108.2792
108.2865
108.2859
108.2933
108.2927
108.3
108.2994
108.3067
108.3061
108.3135
108.3129
108.3202
108.3196
108.327
108.3263
108.3337
108.3331
108.3405
108.3398
108.3472
108.3466
108.354
108.3533
108.3607
108.36
108.3674
108.3668
108.3742
108.3735
108.3809
108.3803
108.3877
108.387
108.3944
108.3937
108.4012
108.4005
108.4079
108.4072
108.4146
108.414
108.4214
108.4207
108.4281
108.4274
108.4349
108.4342
108.4416
108.4409
108.4483
108.4476
108.4551
108.4544
108.4618
108.4611
108.4686
108.4679
108.4753
108.4746
108.4821
108.4814
108.4888
108.4881
108.4955
108.4948
108.5023
108.5016
108.509
108.5083
108.5157
108.5151
108.5225
108.5218
108.5292
108.5285
108.5359
108.5353
108.5427
108.542
108.5494
108.5488
108.5561
108.5555
108.5629
108.5622
108.5696
108.569
108.5763
108.5757
108.5831
108.5825
108.5898
108.5892
108.5965
108.5959
108.6033
108.6027
108.61
108.6094
108.6168
108.6162
108.6235
108.6229
108.6302
108.6297
108.637
108.6364
108.6437
108.6432
108.6505
108.6499
108.6572
108.6566
108.6639
108.6634
108.6707
108.6702
108.6774
108.6769
108.6842
108.6836
108.6909
108.6904
108.6976
108.6971
108.7044
108.7039
108.7111
108.7106
108.7178
108.7174
108.7246
108.7241
108.7313
108.7309
108.7381
108.7376
108.7448
108.7444
108.7515
108.7511
108.7583
108.7579
108.765
108.7646
108.7718
108.7714
108.7785
108.7781
108.7852
108.7849
108.792
108.7916
108.7987
108.7983
108.8055
108.8051
108.8122
108.8119
108.8189
108.8186
108.8257
108.8253
108.8324
108.8321
108.8391
108.8388
108.8459
108.8456
108.8526
108.8523
108.8594
108.859
108.8661
108.8658
108.8728
108.8725
108.8796
108.8793
108.8863
108.886
108.8931
108.8928
108.8998
108.8995
108.9066
108.9062
108.9133
108.913
108.92
108.9197
108.9268
108.9265
108.9335
108.9332
108.9402
108.94
108.947
108.9467
108.9537
108.9535
108.9605
108.9602
108.9672
108.9669
108.9739
108.9737
108.9807
108.9804
108.9874
108.9872
108.9942
108.9939
109.0009
109.0006
109.0077
109.0074
109.0144
109.0141
109.0211
109.0209
109.0279
109.0276
109.0346
109.0344
109.0414
109.0411
109.0481
109.0479
109.0548
109.0546
109.0616
109.0613
109.0683
109.0681
109.0751
109.0748
109.0818
109.0816
109.0885
109.0883
109.0953
109.0951
109.102
109.1018
109.1088
109.1086
109.1155
109.1153
109.1222
109.1221
109.129
109.1288
109.1357
109.1356
109.1425
109.1423
109.1492
109.149
109.156
109.1558
109.1627
109.1625
109.1694
109.1693
109.1762
109.176
109.1829
109.1827
109.1897
109.1895
109.1964
109.1962
109.2031
109.203
109.2099
109.2097
109.2166
109.2165
109.2234
109.2232
109.2301
109.2299
109.2368
109.2367
109.2436
109.2434
109.2503
109.2502
109.257
109.2569
109.2638
109.2637
109.2705
109.2704
109.2773
109.2772
109.284
109.2839
109.2908
109.2906
109.2975
109.2974
109.3043
109.3041
109.311
109.3109
109.3177
109.3176
109.3245
109.3243
109.3312
109.3311
109.338
109.3378
109.3447
109.3446
109.3515
109.3513
109.3582
109.3581
109.365
109.3648
109.3717
109.3715
109.3784
109.3783
109.3852
109.385
109.3919
109.3918
109.3987
109.3985
109.4054
109.4053
109.4122
109.412
109.4189
109.4187
109.4257
109.4255
109.4324
109.4322
109.4391
109.439
109.4459
109.4457
109.4526
109.4524
109.4594
109.4592
109.4661
109.4659
109.4728
109.4726
109.4796
109.4794
109.4863
109.4861
109.493
109.4929
109.4998
109.4996
109.5065
109.5063
109.5133
109.5131
109.52
109.5198
109.5267
109.5266
109.5335
109.5333
109.5402
109.54
109.547
109.5468
109.5537
109.5535
109.5604
109.5603
109.5672
109.567
109.5739
109.5738
109.5806
109.5805
109.5874
109.5872
109.5941
109.594
109.6009
109.6007
109.6076
109.6075
109.6144
109.6142
109.6211
109.6209
109.6278
109.6277
109.6346
109.6344
109.6413
109.6412
109.6481
109.6479
109.6548
109.6546
109.6616
109.6614
109.6683
109.6681
109.675
109.6749
109.6818
109.6816
109.6885
109.6883
109.6953
109.6951
109.702
109.7018
109.7087
109.7085
109.7155
109.7153
109.7222
109.722
109.729
109.7288
109.7357
109.7355
109.7424
109.7422
109.7492
109.749
109.7559
109.7557
109.7627
109.7625
109.7694
109.7692
109.7762
109.7759
109.7829
109.7827
109.7896
109.7894
109.7964
109.7962
109.8031
109.8029
109.8098
109.8097
109.8166
109.8164
109.8233
109.8231
109.83
109.8299
109.8368
109.8366
109.8435
109.8434
109.8503
109.8501
109.857
109.8568
109.8637
109.8636
109.8705
109.8703
109.8772
109.8771
109.884
109.8838
109.8907
109.8906
109.8974
109.8973
109.9042
109.9041
109.9109
109.9108
109.9176
109.9175
109.9244
109.9243
109.9311
109.931
109.9379
109.9378
109.9446
109.9445
109.9513
109.9512
109.9581
109.958
109.9648
109.9648
109.9716
109.9715
109.9783
109.9782
109.985
109.985
109.9918
109.9917
109.9985
109.9985
110.0053
110.0052
